# Please cite the following papers in research using this covariance:
# arXiv: 1601.05779, https://arxiv.org/abs/1601.05779
# arXiv: 1911.11947, https://arxiv.org/abs/1911.11947
# arXiv: 2004.04833, https://arxiv.org/abs/2004.04833
########################################################
0 0 3.369410e-04 3.369410e-04 0 0 0 0 3.285619e-11 1.874429e-12
0 1 3.369410e-04 4.391424e-04 0 0 0 0 3.899744e-13 1.650252e-12
0 2 3.369410e-04 5.723437e-04 0 0 0 0 3.417305e-13 1.431488e-12
0 3 3.369410e-04 7.459478e-04 0 0 0 0 2.971087e-13 1.219674e-12
0 4 3.369410e-04 9.722096e-04 0 0 0 0 2.580484e-13 1.020367e-12
0 5 3.369410e-04 1.267102e-03 0 0 0 0 2.250361e-13 8.383391e-13
0 6 3.369410e-04 1.651440e-03 0 0 0 0 1.978514e-13 6.769627e-13
0 7 3.369410e-04 2.152358e-03 0 0 0 0 1.758111e-13 5.392548e-13
0 8 3.369410e-04 2.805213e-03 0 0 0 0 1.579775e-13 4.251818e-13
0 9 3.369410e-04 3.656095e-03 0 0 0 0 1.433473e-13 3.338751e-13
0 10 3.369410e-04 4.765066e-03 0 0 0 0 1.309697e-13 2.628683e-13
0 11 3.369410e-04 6.210412e-03 0 0 0 0 1.200187e-13 2.077176e-13
0 12 3.369410e-04 8.094162e-03 0 0 0 0 1.098238e-13 1.661776e-13
0 13 3.369410e-04 1.054929e-02 0 0 0 0 9.987220e-14 1.326616e-13
0 14 3.369410e-04 1.374912e-02 0 0 0 0 8.979938e-14 1.069121e-13
0 15 3.369410e-04 1.791952e-02 0 0 0 0 7.938278e-14 8.469783e-14
0 16 3.369410e-04 2.335489e-02 0 0 0 0 6.854842e-14 6.666762e-14
0 17 3.369410e-04 3.043893e-02 0 0 0 0 5.739052e-14 5.098983e-14
0 18 3.369410e-04 3.967171e-02 0 0 0 0 4.619026e-14 3.790870e-14
0 19 3.369410e-04 5.170498e-02 0 0 0 0 3.540284e-14 2.720122e-14
1 0 4.391424e-04 3.369410e-04 0 0 0 0 3.899744e-13 1.650252e-12
1 1 4.391424e-04 4.391424e-04 0 0 0 0 1.947320e-11 1.455654e-12
1 2 4.391424e-04 5.723437e-04 0 0 0 0 3.452804e-13 1.265271e-12
1 3 4.391424e-04 7.459478e-04 0 0 0 0 2.999846e-13 1.080378e-12
1 4 4.391424e-04 9.722096e-04 0 0 0 0 2.598745e-13 9.057797e-13
1 5 4.391424e-04 1.267102e-03 0 0 0 0 2.260727e-13 7.456742e-13
1 6 4.391424e-04 1.651440e-03 0 0 0 0 1.983935e-13 6.031520e-13
1 7 4.391424e-04 2.152358e-03 0 0 0 0 1.760733e-13 4.809877e-13
1 8 4.391424e-04 2.805213e-03 0 0 0 0 1.580958e-13 3.793722e-13
1 9 4.391424e-04 3.656095e-03 0 0 0 0 1.433968e-13 2.977514e-13
1 10 4.391424e-04 4.765066e-03 0 0 0 0 1.309884e-13 2.341073e-13
1 11 4.391424e-04 6.210412e-03 0 0 0 0 1.200249e-13 1.846769e-13
1 12 4.391424e-04 8.094162e-03 0 0 0 0 1.098253e-13 1.474630e-13
1 13 4.391424e-04 1.054929e-02 0 0 0 0 9.987223e-14 1.175666e-13
1 14 4.391424e-04 1.374912e-02 0 0 0 0 8.979924e-14 9.468033e-14
1 15 4.391424e-04 1.791952e-02 0 0 0 0 7.938280e-14 7.500804e-14
1 16 4.391424e-04 2.335489e-02 0 0 0 0 6.854864e-14 5.910519e-14
1 17 4.391424e-04 3.043893e-02 0 0 0 0 5.739091e-14 4.527484e-14
1 18 4.391424e-04 3.967171e-02 0 0 0 0 4.619077e-14 3.374870e-14
1 19 4.391424e-04 5.170498e-02 0 0 0 0 3.540335e-14 2.428931e-14
2 0 5.723437e-04 3.369410e-04 0 0 0 0 3.417305e-13 1.431488e-12
2 1 5.723437e-04 4.391424e-04 0 0 0 0 3.452804e-13 1.265271e-12
2 2 5.723437e-04 5.723437e-04 0 0 0 0 1.157914e-11 1.102263e-12
2 3 5.723437e-04 7.459478e-04 0 0 0 0 3.047023e-13 9.434631e-13
2 4 5.723437e-04 9.722096e-04 0 0 0 0 2.630836e-13 7.929278e-13
2 5 5.723437e-04 1.267102e-03 0 0 0 0 2.279058e-13 6.542795e-13
2 6 5.723437e-04 1.651440e-03 0 0 0 0 1.993483e-13 5.302912e-13
2 7 5.723437e-04 2.152358e-03 0 0 0 0 1.765363e-13 4.234738e-13
2 8 5.723437e-04 2.805213e-03 0 0 0 0 1.583074e-13 3.342097e-13
2 9 5.723437e-04 3.656095e-03 0 0 0 0 1.434890e-13 2.622160e-13
2 10 5.723437e-04 4.765066e-03 0 0 0 0 1.310278e-13 2.058934e-13
2 11 5.723437e-04 6.210412e-03 0 0 0 0 1.200427e-13 1.621330e-13
2 12 5.723437e-04 8.094162e-03 0 0 0 0 1.098352e-13 1.291878e-13
2 13 5.723437e-04 1.054929e-02 0 0 0 0 9.987968e-14 1.028390e-13
2 14 5.723437e-04 1.374912e-02 0 0 0 0 8.980630e-14 8.274195e-14
2 15 5.723437e-04 1.791952e-02 0 0 0 0 7.939009e-14 6.554156e-14
2 16 5.723437e-04 2.335489e-02 0 0 0 0 6.855617e-14 5.169983e-14
2 17 5.723437e-04 3.043893e-02 0 0 0 0 5.739856e-14 3.966421e-14
2 18 5.723437e-04 3.967171e-02 0 0 0 0 4.619837e-14 2.964939e-14
2 19 5.723437e-04 5.170498e-02 0 0 0 0 3.541069e-14 2.140755e-14
3 0 7.459478e-04 3.369410e-04 0 0 0 0 2.971087e-13 1.219674e-12
3 1 7.459478e-04 4.391424e-04 0 0 0 0 2.999846e-13 1.080378e-12
3 2 7.459478e-04 5.723437e-04 0 0 0 0 3.047023e-13 9.434631e-13
3 3 7.459478e-04 7.459478e-04 0 0 0 0 6.918475e-12 8.096951e-13
3 4 7.459478e-04 9.722096e-04 0 0 0 0 2.686454e-13 6.824136e-13
3 5 7.459478e-04 1.267102e-03 0 0 0 0 2.311946e-13 5.646339e-13
3 6 7.459478e-04 1.651440e-03 0 0 0 0 2.010418e-13 4.587434e-13
3 7 7.459478e-04 2.152358e-03 0 0 0 0 1.773417e-13 3.669822e-13
3 8 7.459478e-04 2.805213e-03 0 0 0 0 1.586653e-13 2.898976e-13
3 9 7.459478e-04 3.656095e-03 0 0 0 0 1.436373e-13 2.274248e-13
3 10 7.459478e-04 4.765066e-03 0 0 0 0 1.310844e-13 1.783535e-13
3 11 7.459478e-04 6.210412e-03 0 0 0 0 1.200620e-13 1.401952e-13
3 12 7.459478e-04 8.094162e-03 0 0 0 0 1.098410e-13 1.114478e-13
3 13 7.459478e-04 1.054929e-02 0 0 0 0 9.988128e-14 8.856021e-14
3 14 7.459478e-04 1.374912e-02 0 0 0 0 8.980720e-14 7.116552e-14
3 15 7.459478e-04 1.791952e-02 0 0 0 0 7.939146e-14 5.635282e-14
3 16 7.459478e-04 2.335489e-02 0 0 0 0 6.855813e-14 4.449304e-14
3 17 7.459478e-04 3.043893e-02 0 0 0 0 5.740100e-14 3.418815e-14
3 18 7.459478e-04 3.967171e-02 0 0 0 0 4.620114e-14 2.563091e-14
3 19 7.459478e-04 5.170498e-02 0 0 0 0 3.541363e-14 1.856836e-14
4 0 9.722096e-04 3.369410e-04 0 0 0 0 2.580484e-13 1.020367e-12
4 1 9.722096e-04 4.391424e-04 0 0 0 0 2.598745e-13 9.057797e-13
4 2 9.722096e-04 5.723437e-04 0 0 0 0 2.630836e-13 7.929278e-13
4 3 9.722096e-04 7.459478e-04 0 0 0 0 2.686454e-13 6.824136e-13
4 4 9.722096e-04 9.722096e-04 0 0 0 0 4.163233e-12 5.769391e-13
4 5 9.722096e-04 1.267102e-03 0 0 0 0 2.372262e-13 4.788951e-13
4 6 9.722096e-04 1.651440e-03 0 0 0 0 2.041705e-13 3.902168e-13
4 7 9.722096e-04 2.152358e-03 0 0 0 0 1.787975e-13 3.128607e-13
4 8 9.722096e-04 2.805213e-03 0 0 0 0 1.592973e-13 2.474859e-13
4 9 9.722096e-04 3.656095e-03 0 0 0 0 1.438925e-13 1.941906e-13
4 10 9.722096e-04 4.765066e-03 0 0 0 0 1.311776e-13 1.521317e-13
4 11 9.722096e-04 6.210412e-03 0 0 0 0 1.200903e-13 1.193825e-13
4 12 9.722096e-04 8.094162e-03 0 0 0 0 1.098456e-13 9.466861e-14
4 13 9.722096e-04 1.054929e-02 0 0 0 0 9.987889e-14 7.507887e-14
4 14 9.722096e-04 1.374912e-02 0 0 0 0 8.980362e-14 6.023738e-14
4 15 9.722096e-04 1.791952e-02 0 0 0 0 7.938860e-14 4.767010e-14
4 16 9.722096e-04 2.335489e-02 0 0 0 0 6.855629e-14 3.766380e-14
4 17 9.722096e-04 3.043893e-02 0 0 0 0 5.739992e-14 2.898206e-14
4 18 9.722096e-04 3.967171e-02 0 0 0 0 4.620051e-14 2.179133e-14
4 19 9.722096e-04 5.170498e-02 0 0 0 0 3.541315e-14 1.583984e-14
5 0 1.267102e-03 3.369410e-04 0 0 0 0 2.250361e-13 8.383391e-13
5 1 1.267102e-03 4.391424e-04 0 0 0 0 2.260727e-13 7.456742e-13
5 2 1.267102e-03 5.723437e-04 0 0 0 0 2.279058e-13 6.542795e-13
5 3 1.267102e-03 7.459478e-04 0 0 0 0 2.311946e-13 5.646339e-13
5 4 1.267102e-03 9.722096e-04 0 0 0 0 2.372262e-13 4.788951e-13
5 5 1.267102e-03 1.267102e-03 0 0 0 0 2.531480e-12 3.989085e-13
5 6 1.267102e-03 1.651440e-03 0 0 0 0 2.102607e-13 3.261724e-13
5 7 1.267102e-03 2.152358e-03 0 0 0 0 1.815754e-13 2.622923e-13
5 8 1.267102e-03 2.805213e-03 0 0 0 0 1.604654e-13 2.079029e-13
5 9 1.267102e-03 3.656095e-03 0 0 0 0 1.443537e-13 1.632292e-13
5 10 1.267102e-03 4.765066e-03 0 0 0 0 1.313444e-13 1.277938e-13
5 11 1.267102e-03 6.210412e-03 0 0 0 0 1.201416e-13 1.001428e-13
5 12 1.267102e-03 8.094162e-03 0 0 0 0 1.098555e-13 7.921308e-14
5 13 1.267102e-03 1.054929e-02 0 0 0 0 9.987626e-14 6.269253e-14
5 14 1.267102e-03 1.374912e-02 0 0 0 0 8.979907e-14 5.020222e-14
5 15 1.267102e-03 1.791952e-02 0 0 0 0 7.938517e-14 3.968989e-14
5 16 1.267102e-03 2.335489e-02 0 0 0 0 6.855461e-14 3.136769e-14
5 17 1.267102e-03 3.043893e-02 0 0 0 0 5.739957e-14 2.416471e-14
5 18 1.267102e-03 3.967171e-02 0 0 0 0 4.620091e-14 1.821799e-14
5 19 1.267102e-03 5.170498e-02 0 0 0 0 3.541381e-14 1.328402e-14
6 0 1.651440e-03 3.369410e-04 0 0 0 0 1.978514e-13 6.769627e-13
6 1 1.651440e-03 4.391424e-04 0 0 0 0 1.983935e-13 6.031520e-13
6 2 1.651440e-03 5.723437e-04 0 0 0 0 1.993483e-13 5.302912e-13
6 3 1.651440e-03 7.459478e-04 0 0 0 0 2.010418e-13 4.587434e-13
6 4 1.651440e-03 9.722096e-04 0 0 0 0 2.041705e-13 3.902168e-13
6 5 1.651440e-03 1.267102e-03 0 0 0 0 2.102607e-13 3.261724e-13
6 6 1.651440e-03 1.651440e-03 0 0 0 0 1.562619e-12 2.677716e-13
6 7 1.651440e-03 2.152358e-03 0 0 0 0 1.873362e-13 2.161886e-13
6 8 1.651440e-03 2.805213e-03 0 0 0 0 1.627673e-13 1.718579e-13
6 9 1.651440e-03 3.656095e-03 0 0 0 0 1.452223e-13 1.350970e-13
6 10 1.651440e-03 4.765066e-03 0 0 0 0 1.316497e-13 1.057710e-13
6 11 1.651440e-03 6.210412e-03 0 0 0 0 1.202343e-13 8.279769e-14
6 12 1.651440e-03 8.094162e-03 0 0 0 0 1.098737e-13 6.533347e-14
6 13 1.651440e-03 1.054929e-02 0 0 0 0 9.987253e-14 5.160543e-14
6 14 1.651440e-03 1.374912e-02 0 0 0 0 8.979173e-14 4.122913e-14
6 15 1.651440e-03 1.791952e-02 0 0 0 0 7.937976e-14 3.255203e-14
6 16 1.651440e-03 2.335489e-02 0 0 0 0 6.855209e-14 2.572015e-14
6 17 1.651440e-03 3.043893e-02 0 0 0 0 5.739935e-14 1.982751e-14
6 18 1.651440e-03 3.967171e-02 0 0 0 0 4.620200e-14 1.498158e-14
6 19 1.651440e-03 5.170498e-02 0 0 0 0 3.541531e-14 1.095400e-14
7 0 2.152358e-03 3.369410e-04 0 0 0 0 1.758111e-13 5.392548e-13
7 1 2.152358e-03 4.391424e-04 0 0 0 0 1.760733e-13 4.809877e-13
7 2 2.152358e-03 5.723437e-04 0 0 0 0 1.765363e-13 4.234738e-13
7 3 2.152358e-03 7.459478e-04 0 0 0 0 1.773417e-13 3.669822e-13
7 4 2.152358e-03 9.722096e-04 0 0 0 0 1.787975e-13 3.128607e-13
7 5 2.152358e-03 1.267102e-03 0 0 0 0 1.815754e-13 2.622923e-13
7 6 2.152358e-03 1.651440e-03 0 0 0 0 1.873362e-13 2.161886e-13
7 7 2.152358e-03 2.152358e-03 0 0 0 0 9.852062e-13 1.753415e-13
7 8 2.152358e-03 2.805213e-03 0 0 0 0 1.678904e-13 1.399489e-13
7 9 2.152358e-03 3.656095e-03 0 0 0 0 1.469981e-13 1.103111e-13
7 10 2.152358e-03 4.765066e-03 0 0 0 0 1.322393e-13 8.647041e-14
7 11 2.152358e-03 6.210412e-03 0 0 0 0 1.204081e-13 6.764336e-14
7 12 2.152358e-03 8.094162e-03 0 0 0 0 1.099083e-13 5.326236e-14
7 13 2.152358e-03 1.054929e-02 0 0 0 0 9.986672e-14 4.199891e-14
7 14 2.152358e-03 1.374912e-02 0 0 0 0 8.977916e-14 3.346630e-14
7 15 2.152358e-03 1.791952e-02 0 0 0 0 7.937048e-14 2.638153e-14
7 16 2.152358e-03 2.335489e-02 0 0 0 0 6.854761e-14 2.082585e-14
7 17 2.152358e-03 3.043893e-02 0 0 0 0 5.739877e-14 1.605416e-14
7 18 2.152358e-03 3.967171e-02 0 0 0 0 4.620367e-14 1.214746e-14
7 19 2.152358e-03 5.170498e-02 0 0 0 0 3.541767e-14 8.899090e-15
8 0 2.805213e-03 3.369410e-04 0 0 0 0 1.579775e-13 4.251818e-13
8 1 2.805213e-03 4.391424e-04 0 0 0 0 1.580958e-13 3.793722e-13
8 2 2.805213e-03 5.723437e-04 0 0 0 0 1.583074e-13 3.342097e-13
8 3 2.805213e-03 7.459478e-04 0 0 0 0 1.586653e-13 2.898976e-13
8 4 2.805213e-03 9.722096e-04 0 0 0 0 1.592973e-13 2.474859e-13
8 5 2.805213e-03 1.267102e-03 0 0 0 0 1.604654e-13 2.079029e-13
8 6 2.805213e-03 1.651440e-03 0 0 0 0 1.627673e-13 1.718579e-13
8 7 2.805213e-03 2.152358e-03 0 0 0 0 1.678904e-13 1.399489e-13
8 8 2.805213e-03 2.805213e-03 0 0 0 0 6.391598e-13 1.122734e-13
8 9 2.805213e-03 3.656095e-03 0 0 0 0 1.512851e-13 8.895929e-14
8 10 2.805213e-03 4.765066e-03 0 0 0 0 1.335026e-13 6.994608e-14
8 11 2.805213e-03 6.210412e-03 0 0 0 0 1.207587e-13 5.470637e-14
8 12 2.805213e-03 8.094162e-03 0 0 0 0 1.099787e-13 4.301362e-14
8 13 2.805213e-03 1.054929e-02 0 0 0 0 9.985923e-14 3.386771e-14
8 14 2.805213e-03 1.374912e-02 0 0 0 0 8.975831e-14 2.690802e-14
8 15 2.805213e-03 1.791952e-02 0 0 0 0 7.935467e-14 2.118064e-14
8 16 2.805213e-03 2.335489e-02 0 0 0 0 6.854011e-14 1.669468e-14
8 17 2.805213e-03 3.043893e-02 0 0 0 0 5.739779e-14 1.285873e-14
8 18 2.805213e-03 3.967171e-02 0 0 0 0 4.620653e-14 9.732609e-15
8 19 2.805213e-03 5.170498e-02 0 0 0 0 3.542172e-14 7.136428e-15
9 0 3.656095e-03 3.369410e-04 0 0 0 0 1.433473e-13 3.338751e-13
9 1 3.656095e-03 4.391424e-04 0 0 0 0 1.433968e-13 2.977514e-13
9 2 3.656095e-03 5.723437e-04 0 0 0 0 1.434890e-13 2.622160e-13
9 3 3.656095e-03 7.459478e-04 0 0 0 0 1.436373e-13 2.274248e-13
9 4 3.656095e-03 9.722096e-04 0 0 0 0 1.438925e-13 1.941906e-13
9 5 3.656095e-03 1.267102e-03 0 0 0 0 1.443537e-13 1.632292e-13
9 6 3.656095e-03 1.651440e-03 0 0 0 0 1.452223e-13 1.350970e-13
9 7 3.656095e-03 2.152358e-03 0 0 0 0 1.469981e-13 1.103111e-13
9 8 3.656095e-03 2.805213e-03 0 0 0 0 1.512851e-13 8.895929e-14
9 9 3.656095e-03 3.656095e-03 0 0 0 0 4.299817e-13 7.097512e-14
9 10 3.656095e-03 4.765066e-03 0 0 0 0 1.368681e-13 5.609421e-14
9 11 3.656095e-03 6.210412e-03 0 0 0 0 1.215656e-13 4.394852e-14
9 12 3.656095e-03 8.094162e-03 0 0 0 0 1.101383e-13 3.456077e-14
9 13 3.656095e-03 1.054929e-02 0 0 0 0 9.985402e-14 2.717221e-14
9 14 3.656095e-03 1.374912e-02 0 0 0 0 8.972411e-14 2.152197e-14
9 15 3.656095e-03 1.791952e-02 0 0 0 0 7.932801e-14 1.692264e-14
9 16 3.656095e-03 2.335489e-02 0 0 0 0 6.852724e-14 1.331039e-14
9 17 3.656095e-03 3.043893e-02 0 0 0 0 5.739609e-14 1.023581e-14
9 18 3.656095e-03 3.967171e-02 0 0 0 0 4.621138e-14 7.740241e-15
9 19 3.656095e-03 5.170498e-02 0 0 0 0 3.542860e-14 5.673473e-15
10 0 4.765066e-03 3.369410e-04 0 0 0 0 1.309697e-13 2.628683e-13
10 1 4.765066e-03 4.391424e-04 0 0 0 0 1.309884e-13 2.341073e-13
10 2 4.765066e-03 5.723437e-04 0 0 0 0 1.310278e-13 2.058934e-13
10 3 4.765066e-03 7.459478e-04 0 0 0 0 1.310844e-13 1.783535e-13
10 4 4.765066e-03 9.722096e-04 0 0 0 0 1.311776e-13 1.521317e-13
10 5 4.765066e-03 1.267102e-03 0 0 0 0 1.313444e-13 1.277938e-13
10 6 4.765066e-03 1.651440e-03 0 0 0 0 1.316497e-13 1.057710e-13
10 7 4.765066e-03 2.152358e-03 0 0 0 0 1.322393e-13 8.647041e-14
10 8 4.765066e-03 2.805213e-03 0 0 0 0 1.335026e-13 6.994608e-14
10 9 4.765066e-03 3.656095e-03 0 0 0 0 1.368681e-13 5.609421e-14
10 10 4.765066e-03 4.765066e-03 0 0 0 0 3.018186e-13 4.462797e-14
10 11 4.765066e-03 6.210412e-03 0 0 0 0 1.240222e-13 3.518786e-14
10 12 4.765066e-03 8.094162e-03 0 0 0 0 1.105677e-13 2.776146e-14
10 13 4.765066e-03 1.054929e-02 0 0 0 0 9.987151e-14 2.179093e-14
10 14 4.765066e-03 1.374912e-02 0 0 0 0 8.967018e-14 1.721225e-14
10 15 4.765066e-03 1.791952e-02 0 0 0 0 7.928307e-14 1.352169e-14
10 16 4.765066e-03 2.335489e-02 0 0 0 0 6.850529e-14 1.060555e-14
10 17 4.765066e-03 3.043893e-02 0 0 0 0 5.739311e-14 8.139570e-15
10 18 4.765066e-03 3.967171e-02 0 0 0 0 4.621949e-14 6.142538e-15
10 19 4.765066e-03 5.170498e-02 0 0 0 0 3.544027e-14 4.494443e-15
11 0 6.210412e-03 3.369410e-04 0 0 0 0 1.200187e-13 2.077176e-13
11 1 6.210412e-03 4.391424e-04 0 0 0 0 1.200249e-13 1.846769e-13
11 2 6.210412e-03 5.723437e-04 0 0 0 0 1.200427e-13 1.621330e-13
11 3 6.210412e-03 7.459478e-04 0 0 0 0 1.200620e-13 1.401952e-13
11 4 6.210412e-03 9.722096e-04 0 0 0 0 1.200903e-13 1.193825e-13
11 5 6.210412e-03 1.267102e-03 0 0 0 0 1.201416e-13 1.001428e-13
11 6 6.210412e-03 1.651440e-03 0 0 0 0 1.202343e-13 8.279769e-14
11 7 6.210412e-03 2.152358e-03 0 0 0 0 1.204081e-13 6.764336e-14
11 8 6.210412e-03 2.805213e-03 0 0 0 0 1.207587e-13 5.470637e-14
11 9 6.210412e-03 3.656095e-03 0 0 0 0 1.215656e-13 4.394852e-14
11 10 6.210412e-03 4.765066e-03 0 0 0 0 1.240222e-13 3.518786e-14
11 11 6.210412e-03 6.210412e-03 0 0 0 0 2.216054e-13 2.802076e-14
11 12 6.210412e-03 8.094162e-03 0 0 0 0 1.122000e-13 2.225071e-14
11 13 6.210412e-03 1.054929e-02 0 0 0 0 1.000108e-13 1.746374e-14
11 14 6.210412e-03 1.374912e-02 0 0 0 0 8.959375e-14 1.377933e-14
11 15 6.210412e-03 1.791952e-02 0 0 0 0 7.920823e-14 1.081146e-14
11 16 6.210412e-03 2.335489e-02 0 0 0 0 6.846763e-14 8.450855e-15
11 17 6.210412e-03 3.043893e-02 0 0 0 0 5.738767e-14 6.474937e-15
11 18 6.210412e-03 3.967171e-02 0 0 0 0 4.623314e-14 4.874103e-15
11 19 6.210412e-03 5.170498e-02 0 0 0 0 3.545996e-14 3.556845e-15
12 0 8.094162e-03 3.369410e-04 0 0 0 0 1.098238e-13 1.661776e-13
12 1 8.094162e-03 4.391424e-04 0 0 0 0 1.098253e-13 1.474630e-13
12 2 8.094162e-03 5.723437e-04 0 0 0 0 1.098352e-13 1.291878e-13
12 3 8.094162e-03 7.459478e-04 0 0 0 0 1.098410e-13 1.114478e-13
12 4 8.094162e-03 9.722096e-04 0 0 0 0 1.098456e-13 9.466861e-14
12 5 8.094162e-03 1.267102e-03 0 0 0 0 1.098555e-13 7.921308e-14
12 6 8.094162e-03 1.651440e-03 0 0 0 0 1.098737e-13 6.533347e-14
12 7 8.094162e-03 2.152358e-03 0 0 0 0 1.099083e-13 5.326236e-14
12 8 8.094162e-03 2.805213e-03 0 0 0 0 1.099787e-13 4.301362e-14
12 9 8.094162e-03 3.656095e-03 0 0 0 0 1.101383e-13 3.456077e-14
12 10 8.094162e-03 4.765066e-03 0 0 0 0 1.105677e-13 2.776146e-14
12 11 8.094162e-03 6.210412e-03 0 0 0 0 1.122000e-13 2.225071e-14
12 12 8.094162e-03 8.094162e-03 0 0 0 0 1.697342e-13 1.780586e-14
12 13 8.094162e-03 1.054929e-02 0 0 0 0 1.009492e-13 1.406364e-14
12 14 8.094162e-03 1.374912e-02 0 0 0 0 8.953191e-14 1.113316e-14
12 15 8.094162e-03 1.791952e-02 0 0 0 0 7.908735e-14 8.716387e-15
12 16 8.094162e-03 2.335489e-02 0 0 0 0 6.840286e-14 6.787089e-15
12 17 8.094162e-03 3.043893e-02 0 0 0 0 5.737746e-14 5.193719e-15
12 18 8.094162e-03 3.967171e-02 0 0 0 0 4.625572e-14 3.898134e-15
12 19 8.094162e-03 5.170498e-02 0 0 0 0 3.549318e-14 2.835095e-15
13 0 1.054929e-02 3.369410e-04 0 0 0 0 9.987220e-14 1.326616e-13
13 1 1.054929e-02 4.391424e-04 0 0 0 0 9.987223e-14 1.175666e-13
13 2 1.054929e-02 5.723437e-04 0 0 0 0 9.987968e-14 1.028390e-13
13 3 1.054929e-02 7.459478e-04 0 0 0 0 9.988128e-14 8.856021e-14
13 4 1.054929e-02 9.722096e-04 0 0 0 0 9.987889e-14 7.507887e-14
13 5 1.054929e-02 1.267102e-03 0 0 0 0 9.987626e-14 6.269253e-14
13 6 1.054929e-02 1.651440e-03 0 0 0 0 9.987253e-14 5.160543e-14
13 7 1.054929e-02 2.152358e-03 0 0 0 0 9.986672e-14 4.199891e-14
13 8 1.054929e-02 2.805213e-03 0 0 0 0 9.985923e-14 3.386771e-14
13 9 1.054929e-02 3.656095e-03 0 0 0 0 9.985402e-14 2.717221e-14
13 10 1.054929e-02 4.765066e-03 0 0 0 0 9.987151e-14 2.179093e-14
13 11 1.054929e-02 6.210412e-03 0 0 0 0 1.000108e-13 1.746374e-14
13 12 1.054929e-02 8.094162e-03 0 0 0 0 1.009492e-13 1.406364e-14
13 13 1.054929e-02 1.054929e-02 0 0 0 0 1.345649e-13 1.124471e-14
13 14 1.054929e-02 1.374912e-02 0 0 0 0 8.993421e-14 8.971591e-15
13 15 1.054929e-02 1.791952e-02 0 0 0 0 7.891605e-14 7.010710e-15
13 16 1.054929e-02 2.335489e-02 0 0 0 0 6.829161e-14 5.443943e-15
13 17 1.054929e-02 3.043893e-02 0 0 0 0 5.735728e-14 4.162286e-15
13 18 1.054929e-02 3.967171e-02 0 0 0 0 4.629245e-14 3.114786e-15
13 19 1.054929e-02 5.170498e-02 0 0 0 0 3.554884e-14 2.259444e-15
14 0 1.374912e-02 3.369410e-04 0 0 0 0 8.979938e-14 1.069121e-13
14 1 1.374912e-02 4.391424e-04 0 0 0 0 8.979924e-14 9.468033e-14
14 2 1.374912e-02 5.723437e-04 0 0 0 0 8.980630e-14 8.274195e-14
14 3 1.374912e-02 7.459478e-04 0 0 0 0 8.980720e-14 7.116552e-14
14 4 1.374912e-02 9.722096e-04 0 0 0 0 8.980362e-14 6.023738e-14
14 5 1.374912e-02 1.267102e-03 0 0 0 0 8.979907e-14 5.020222e-14
14 6 1.374912e-02 1.651440e-03 0 0 0 0 8.979173e-14 4.122913e-14
14 7 1.374912e-02 2.152358e-03 0 0 0 0 8.977916e-14 3.346630e-14
14 8 1.374912e-02 2.805213e-03 0 0 0 0 8.975831e-14 2.690802e-14
14 9 1.374912e-02 3.656095e-03 0 0 0 0 8.972411e-14 2.152197e-14
14 10 1.374912e-02 4.765066e-03 0 0 0 0 8.967018e-14 1.721225e-14
14 11 1.374912e-02 6.210412e-03 0 0 0 0 8.959375e-14 1.377933e-14
14 12 1.374912e-02 8.094162e-03 0 0 0 0 8.953191e-14 1.113316e-14
14 13 1.374912e-02 1.054929e-02 0 0 0 0 8.993421e-14 8.971591e-15
14 14 1.374912e-02 1.374912e-02 0 0 0 0 1.092038e-13 7.217158e-15
14 15 1.374912e-02 1.791952e-02 0 0 0 0 7.895788e-14 5.665708e-15
14 16 1.374912e-02 2.335489e-02 0 0 0 0 6.810875e-14 4.410904e-15
14 17 1.374912e-02 3.043893e-02 0 0 0 0 5.731522e-14 3.367358e-15
14 18 1.374912e-02 3.967171e-02 0 0 0 0 4.635001e-14 2.510527e-15
14 19 1.374912e-02 5.170498e-02 0 0 0 0 3.564121e-14 1.819196e-15
15 0 1.791952e-02 3.369410e-04 0 0 0 0 7.938278e-14 8.469783e-14
15 1 1.791952e-02 4.391424e-04 0 0 0 0 7.938280e-14 7.500804e-14
15 2 1.791952e-02 5.723437e-04 0 0 0 0 7.939009e-14 6.554156e-14
15 3 1.791952e-02 7.459478e-04 0 0 0 0 7.939146e-14 5.635282e-14
15 4 1.791952e-02 9.722096e-04 0 0 0 0 7.938860e-14 4.767010e-14
15 5 1.791952e-02 1.267102e-03 0 0 0 0 7.938517e-14 3.968989e-14
15 6 1.791952e-02 1.651440e-03 0 0 0 0 7.937976e-14 3.255203e-14
15 7 1.791952e-02 2.152358e-03 0 0 0 0 7.937048e-14 2.638153e-14
15 8 1.791952e-02 2.805213e-03 0 0 0 0 7.935467e-14 2.118064e-14
15 9 1.791952e-02 3.656095e-03 0 0 0 0 7.932801e-14 1.692264e-14
15 10 1.791952e-02 4.765066e-03 0 0 0 0 7.928307e-14 1.352169e-14
15 11 1.791952e-02 6.210412e-03 0 0 0 0 7.920823e-14 1.081146e-14
15 12 1.791952e-02 8.094162e-03 0 0 0 0 7.908735e-14 8.716387e-15
15 13 1.791952e-02 1.054929e-02 0 0 0 0 7.891605e-14 7.010710e-15
15 14 1.791952e-02 1.374912e-02 0 0 0 0 7.895788e-14 5.665708e-15
15 15 1.791952e-02 1.791952e-02 0 0 0 0 8.961733e-14 4.502125e-15
15 16 1.791952e-02 2.335489e-02 0 0 0 0 6.798058e-14 3.536316e-15
15 17 1.791952e-02 3.043893e-02 0 0 0 0 5.722576e-14 2.694555e-15
15 18 1.791952e-02 3.967171e-02 0 0 0 0 4.643370e-14 2.001849e-15
15 19 1.791952e-02 5.170498e-02 0 0 0 0 3.579180e-14 1.452071e-15
16 0 2.335489e-02 3.369410e-04 0 0 0 0 6.854842e-14 6.666762e-14
16 1 2.335489e-02 4.391424e-04 0 0 0 0 6.854864e-14 5.910519e-14
16 2 2.335489e-02 5.723437e-04 0 0 0 0 6.855617e-14 5.169983e-14
16 3 2.335489e-02 7.459478e-04 0 0 0 0 6.855813e-14 4.449304e-14
16 4 2.335489e-02 9.722096e-04 0 0 0 0 6.855629e-14 3.766380e-14
16 5 2.335489e-02 1.267102e-03 0 0 0 0 6.855461e-14 3.136769e-14
16 6 2.335489e-02 1.651440e-03 0 0 0 0 6.855209e-14 2.572015e-14
16 7 2.335489e-02 2.152358e-03 0 0 0 0 6.854761e-14 2.082585e-14
16 8 2.335489e-02 2.805213e-03 0 0 0 0 6.854011e-14 1.669468e-14
16 9 2.335489e-02 3.656095e-03 0 0 0 0 6.852724e-14 1.331039e-14
16 10 2.335489e-02 4.765066e-03 0 0 0 0 6.850529e-14 1.060555e-14
16 11 2.335489e-02 6.210412e-03 0 0 0 0 6.846763e-14 8.450855e-15
16 12 2.335489e-02 8.094162e-03 0 0 0 0 6.840286e-14 6.787089e-15
16 13 2.335489e-02 1.054929e-02 0 0 0 0 6.829161e-14 5.443943e-15
16 14 2.335489e-02 1.374912e-02 0 0 0 0 6.810875e-14 4.410904e-15
16 15 2.335489e-02 1.791952e-02 0 0 0 0 6.798058e-14 3.536316e-15
16 16 2.335489e-02 2.335489e-02 0 0 0 0 7.352872e-14 2.803722e-15
16 17 2.335489e-02 3.043893e-02 0 0 0 0 5.712715e-14 2.144452e-15
16 18 2.335489e-02 3.967171e-02 0 0 0 0 4.653557e-14 1.597702e-15
16 19 2.335489e-02 5.170498e-02 0 0 0 0 3.602907e-14 1.161461e-15
17 0 3.043893e-02 3.369410e-04 0 0 0 0 5.739052e-14 5.098983e-14
17 1 3.043893e-02 4.391424e-04 0 0 0 0 5.739091e-14 4.527484e-14
17 2 3.043893e-02 5.723437e-04 0 0 0 0 5.739856e-14 3.966421e-14
17 3 3.043893e-02 7.459478e-04 0 0 0 0 5.740100e-14 3.418815e-14
17 4 3.043893e-02 9.722096e-04 0 0 0 0 5.739992e-14 2.898206e-14
17 5 3.043893e-02 1.267102e-03 0 0 0 0 5.739957e-14 2.416471e-14
17 6 3.043893e-02 1.651440e-03 0 0 0 0 5.739935e-14 1.982751e-14
17 7 3.043893e-02 2.152358e-03 0 0 0 0 5.739877e-14 1.605416e-14
17 8 3.043893e-02 2.805213e-03 0 0 0 0 5.739779e-14 1.285873e-14
17 9 3.043893e-02 3.656095e-03 0 0 0 0 5.739609e-14 1.023581e-14
17 10 3.043893e-02 4.765066e-03 0 0 0 0 5.739311e-14 8.139570e-15
17 11 3.043893e-02 6.210412e-03 0 0 0 0 5.738767e-14 6.474937e-15
17 12 3.043893e-02 8.094162e-03 0 0 0 0 5.737746e-14 5.193719e-15
17 13 3.043893e-02 1.054929e-02 0 0 0 0 5.735728e-14 4.162286e-15
17 14 3.043893e-02 1.374912e-02 0 0 0 0 5.731522e-14 3.367358e-15
17 15 3.043893e-02 1.791952e-02 0 0 0 0 5.722576e-14 2.694555e-15
17 16 3.043893e-02 2.335489e-02 0 0 0 0 5.712715e-14 2.144452e-15
17 17 3.043893e-02 3.043893e-02 0 0 0 0 5.975150e-14 1.659646e-15
17 18 3.043893e-02 3.967171e-02 0 0 0 0 4.664905e-14 1.251233e-15
17 19 3.043893e-02 5.170498e-02 0 0 0 0 3.637662e-14 9.114701e-16
18 0 3.967171e-02 3.369410e-04 0 0 0 0 4.619026e-14 3.790870e-14
18 1 3.967171e-02 4.391424e-04 0 0 0 0 4.619077e-14 3.374870e-14
18 2 3.967171e-02 5.723437e-04 0 0 0 0 4.619837e-14 2.964939e-14
18 3 3.967171e-02 7.459478e-04 0 0 0 0 4.620114e-14 2.563091e-14
18 4 3.967171e-02 9.722096e-04 0 0 0 0 4.620051e-14 2.179133e-14
18 5 3.967171e-02 1.267102e-03 0 0 0 0 4.620091e-14 1.821799e-14
18 6 3.967171e-02 1.651440e-03 0 0 0 0 4.620200e-14 1.498158e-14
18 7 3.967171e-02 2.152358e-03 0 0 0 0 4.620367e-14 1.214746e-14
18 8 3.967171e-02 2.805213e-03 0 0 0 0 4.620653e-14 9.732609e-15
18 9 3.967171e-02 3.656095e-03 0 0 0 0 4.621138e-14 7.740241e-15
18 10 3.967171e-02 4.765066e-03 0 0 0 0 4.621949e-14 6.142538e-15
18 11 3.967171e-02 6.210412e-03 0 0 0 0 4.623314e-14 4.874103e-15
18 12 3.967171e-02 8.094162e-03 0 0 0 0 4.625572e-14 3.898134e-15
18 13 3.967171e-02 1.054929e-02 0 0 0 0 4.629245e-14 3.114786e-15
18 14 3.967171e-02 1.374912e-02 0 0 0 0 4.635001e-14 2.510527e-15
18 15 3.967171e-02 1.791952e-02 0 0 0 0 4.643370e-14 2.001849e-15
18 16 3.967171e-02 2.335489e-02 0 0 0 0 4.653557e-14 1.597702e-15
18 17 3.967171e-02 3.043893e-02 0 0 0 0 4.664905e-14 1.251233e-15
18 18 3.967171e-02 3.967171e-02 0 0 0 0 4.773347e-14 9.565968e-16
18 19 3.967171e-02 5.170498e-02 0 0 0 0 3.682477e-14 7.011428e-16
19 0 5.170498e-02 3.369410e-04 0 0 0 0 3.540284e-14 2.720122e-14
19 1 5.170498e-02 4.391424e-04 0 0 0 0 3.540335e-14 2.428931e-14
19 2 5.170498e-02 5.723437e-04 0 0 0 0 3.541069e-14 2.140755e-14
19 3 5.170498e-02 7.459478e-04 0 0 0 0 3.541363e-14 1.856836e-14
19 4 5.170498e-02 9.722096e-04 0 0 0 0 3.541315e-14 1.583984e-14
19 5 5.170498e-02 1.267102e-03 0 0 0 0 3.541381e-14 1.328402e-14
19 6 5.170498e-02 1.651440e-03 0 0 0 0 3.541531e-14 1.095400e-14
19 7 5.170498e-02 2.152358e-03 0 0 0 0 3.541767e-14 8.899090e-15
19 8 5.170498e-02 2.805213e-03 0 0 0 0 3.542172e-14 7.136428e-15
19 9 5.170498e-02 3.656095e-03 0 0 0 0 3.542860e-14 5.673473e-15
19 10 5.170498e-02 4.765066e-03 0 0 0 0 3.544027e-14 4.494443e-15
19 11 5.170498e-02 6.210412e-03 0 0 0 0 3.545996e-14 3.556845e-15
19 12 5.170498e-02 8.094162e-03 0 0 0 0 3.549318e-14 2.835095e-15
19 13 5.170498e-02 1.054929e-02 0 0 0 0 3.554884e-14 2.259444e-15
19 14 5.170498e-02 1.374912e-02 0 0 0 0 3.564121e-14 1.819196e-15
19 15 5.170498e-02 1.791952e-02 0 0 0 0 3.579180e-14 1.452071e-15
19 16 5.170498e-02 2.335489e-02 0 0 0 0 3.602907e-14 1.161461e-15
19 17 5.170498e-02 3.043893e-02 0 0 0 0 3.637662e-14 9.114701e-16
19 18 5.170498e-02 3.967171e-02 0 0 0 0 3.682477e-14 7.011428e-16
19 19 5.170498e-02 5.170498e-02 0 0 0 0 3.723975e-14 5.200478e-16
# Please cite the following papers in research using this covariance:
# arXiv: 1601.05779, https://arxiv.org/abs/1601.05779
# arXiv: 1911.11947, https://arxiv.org/abs/1911.11947
# arXiv: 2004.04833, https://arxiv.org/abs/2004.04833
########################################################
20 20 3.369410e-04 3.369410e-04 0 0 0 0 3.244304e-11 2.086286e-14
20 21 3.369410e-04 4.391424e-04 0 0 0 0 9.673935e-15 2.157983e-14
20 22 3.369410e-04 5.723437e-04 0 0 0 0 3.565763e-15 2.241453e-14
20 23 3.369410e-04 7.459478e-04 0 0 0 0 1.223027e-15 2.293063e-14
20 24 3.369410e-04 9.722096e-04 0 0 0 0 4.075019e-16 2.303251e-14
20 25 3.369410e-04 1.267102e-03 0 0 0 0 1.305425e-16 2.264676e-14
20 26 3.369410e-04 1.651440e-03 0 0 0 0 3.913242e-17 2.165567e-14
20 27 3.369410e-04 2.152358e-03 0 0 0 0 1.189759e-17 2.019554e-14
20 28 3.369410e-04 2.805213e-03 0 0 0 0 3.327828e-18 1.819292e-14
20 29 3.369410e-04 3.656095e-03 0 0 0 0 8.225615e-19 1.595924e-14
20 30 3.369410e-04 4.765066e-03 0 0 0 0 2.099348e-19 1.354151e-14
20 31 3.369410e-04 6.210412e-03 0 0 0 0 9.123679e-20 1.120114e-14
20 32 3.369410e-04 8.094162e-03 0 0 0 0 4.360198e-20 9.092598e-15
20 33 3.369410e-04 1.054929e-02 0 0 0 0 -1.774119e-21 7.233694e-15
20 34 3.369410e-04 1.374912e-02 0 0 0 0 -2.849409e-21 5.790921e-15
20 35 3.369410e-04 1.791952e-02 0 0 0 0 -7.944190e-21 4.598738e-15
20 36 3.369410e-04 2.335489e-02 0 0 0 0 -2.800128e-22 3.737457e-15
20 37 3.369410e-04 3.043893e-02 0 0 0 0 2.324172e-22 3.065596e-15
20 38 3.369410e-04 3.967171e-02 0 0 0 0 -1.890587e-20 2.559641e-15
20 39 3.369410e-04 5.170498e-02 0 0 0 0 -9.782472e-20 2.166931e-15
21 20 4.391424e-04 3.369410e-04 0 0 0 0 9.673935e-15 2.157983e-14
21 21 4.391424e-04 4.391424e-04 0 0 0 0 1.910711e-11 2.234857e-14
21 22 4.391424e-04 5.723437e-04 0 0 0 0 9.971233e-15 2.324271e-14
21 23 4.391424e-04 7.459478e-04 0 0 0 0 3.543285e-15 2.380469e-14
21 24 4.391424e-04 9.722096e-04 0 0 0 0 1.182646e-15 2.393841e-14
21 25 4.391424e-04 1.267102e-03 0 0 0 0 3.766536e-16 2.356646e-14
21 26 4.391424e-04 1.651440e-03 0 0 0 0 1.147609e-16 2.256582e-14
21 27 4.391424e-04 2.152358e-03 0 0 0 0 3.378333e-17 2.107613e-14
21 28 4.391424e-04 2.805213e-03 0 0 0 0 9.581808e-18 1.901713e-14
21 29 4.391424e-04 3.656095e-03 0 0 0 0 2.658075e-18 1.670563e-14
21 30 4.391424e-04 4.765066e-03 0 0 0 0 7.080797e-19 1.418995e-14
21 31 4.391424e-04 6.210412e-03 0 0 0 0 2.038065e-19 1.174557e-14
21 32 4.391424e-04 8.094162e-03 0 0 0 0 9.284659e-20 9.535232e-15
21 33 4.391424e-04 1.054929e-02 0 0 0 0 1.549060e-20 7.583054e-15
21 34 4.391424e-04 1.374912e-02 0 0 0 0 -4.496346e-21 6.066496e-15
21 35 4.391424e-04 1.791952e-02 0 0 0 0 -8.258250e-21 4.812128e-15
21 36 4.391424e-04 2.335489e-02 0 0 0 0 -1.543003e-20 3.907182e-15
21 37 4.391424e-04 3.043893e-02 0 0 0 0 -3.001239e-20 3.201118e-15
21 38 4.391424e-04 3.967171e-02 0 0 0 0 -5.604203e-20 2.670755e-15
21 39 4.391424e-04 5.170498e-02 0 0 0 0 -9.093991e-20 2.259755e-15
22 20 5.723437e-04 3.369410e-04 0 0 0 0 3.565763e-15 2.241453e-14
22 21 5.723437e-04 4.391424e-04 0 0 0 0 9.971233e-15 2.324271e-14
22 22 5.723437e-04 5.723437e-04 0 0 0 0 1.125632e-11 2.421016e-14
22 23 5.723437e-04 7.459478e-04 0 0 0 0 1.008040e-14 2.483772e-14
22 24 5.723437e-04 9.722096e-04 0 0 0 0 3.442425e-15 2.502149e-14
22 25 5.723437e-04 1.267102e-03 0 0 0 0 1.099558e-15 2.467006e-14
22 26 5.723437e-04 1.651440e-03 0 0 0 0 3.352248e-16 2.365955e-14
22 27 5.723437e-04 2.152358e-03 0 0 0 0 9.811503e-17 2.213905e-14
22 28 5.723437e-04 2.805213e-03 0 0 0 0 2.781168e-17 2.001847e-14
22 29 5.723437e-04 3.656095e-03 0 0 0 0 7.713816e-18 1.761865e-14
22 30 5.723437e-04 4.765066e-03 0 0 0 0 2.140750e-18 1.498919e-14
22 31 5.723437e-04 6.210412e-03 0 0 0 0 5.644342e-19 1.242116e-14
22 32 5.723437e-04 8.094162e-03 0 0 0 0 2.040861e-19 1.008709e-14
22 33 5.723437e-04 1.054929e-02 0 0 0 0 6.209487e-20 8.019996e-15
22 34 5.723437e-04 1.374912e-02 0 0 0 0 -4.880246e-21 6.411040e-15
22 35 5.723437e-04 1.791952e-02 0 0 0 0 2.916246e-22 5.078220e-15
22 36 5.723437e-04 2.335489e-02 0 0 0 0 2.561274e-21 4.118064e-15
22 37 5.723437e-04 3.043893e-02 0 0 0 0 8.855432e-21 3.368517e-15
22 38 5.723437e-04 3.967171e-02 0 0 0 0 1.635204e-20 2.807455e-15
22 39 5.723437e-04 5.170498e-02 0 0 0 0 2.989244e-20 2.373522e-15
23 20 7.459478e-04 3.369410e-04 0 0 0 0 1.223027e-15 2.293063e-14
23 21 7.459478e-04 4.391424e-04 0 0 0 0 3.543285e-15 2.380469e-14
23 22 7.459478e-04 5.723437e-04 0 0 0 0 1.008040e-14 2.483772e-14
23 23 7.459478e-04 7.459478e-04 0 0 0 0 6.634514e-12 2.554272e-14
23 24 7.459478e-04 9.722096e-04 0 0 0 0 9.956102e-15 2.579843e-14
23 25 7.459478e-04 1.267102e-03 0 0 0 0 3.239182e-15 2.548648e-14
23 26 7.459478e-04 1.651440e-03 0 0 0 0 9.866553e-16 2.448934e-14
23 27 7.459478e-04 2.152358e-03 0 0 0 0 2.876990e-16 2.296697e-14
23 28 7.459478e-04 2.805213e-03 0 0 0 0 8.119945e-17 2.081946e-14
23 29 7.459478e-04 3.656095e-03 0 0 0 0 2.238553e-17 1.836776e-14
23 30 7.459478e-04 4.765066e-03 0 0 0 0 6.101327e-18 1.566117e-14
23 31 7.459478e-04 6.210412e-03 0 0 0 0 1.681944e-18 1.300022e-14
23 32 7.459478e-04 8.094162e-03 0 0 0 0 4.794182e-19 1.056541e-14
23 33 7.459478e-04 1.054929e-02 0 0 0 0 1.778594e-19 8.400697e-15
23 34 7.459478e-04 1.374912e-02 0 0 0 0 2.459831e-20 6.709899e-15
23 35 7.459478e-04 1.791952e-02 0 0 0 0 1.019491e-21 5.306112e-15
23 36 7.459478e-04 2.335489e-02 0 0 0 0 4.482291e-21 4.296022e-15
23 37 7.459478e-04 3.043893e-02 0 0 0 0 7.202674e-21 3.506653e-15
23 38 7.459478e-04 3.967171e-02 0 0 0 0 2.190621e-21 2.918492e-15
23 39 7.459478e-04 5.170498e-02 0 0 0 0 -2.210692e-21 2.464608e-15
24 20 9.722096e-04 3.369410e-04 0 0 0 0 4.075019e-16 2.303251e-14
24 21 9.722096e-04 4.391424e-04 0 0 0 0 1.182646e-15 2.393841e-14
24 22 9.722096e-04 5.723437e-04 0 0 0 0 3.442425e-15 2.502149e-14
24 23 9.722096e-04 7.459478e-04 0 0 0 0 9.956102e-15 2.579843e-14
24 24 9.722096e-04 9.722096e-04 0 0 0 0 3.913416e-12 2.613776e-14
24 25 9.722096e-04 1.267102e-03 0 0 0 0 9.579435e-15 2.589963e-14
24 26 9.722096e-04 1.651440e-03 0 0 0 0 2.944758e-15 2.496398e-14
24 27 9.722096e-04 2.152358e-03 0 0 0 0 8.531184e-16 2.347884e-14
24 28 9.722096e-04 2.805213e-03 0 0 0 0 2.388189e-16 2.134264e-14
24 29 9.722096e-04 3.656095e-03 0 0 0 0 6.543285e-17 1.888428e-14
24 30 9.722096e-04 4.765066e-03 0 0 0 0 1.779058e-17 1.614929e-14
24 31 9.722096e-04 6.210412e-03 0 0 0 0 4.885972e-18 1.343727e-14
24 32 9.722096e-04 8.094162e-03 0 0 0 0 1.341174e-18 1.093528e-14
24 33 9.722096e-04 1.054929e-02 0 0 0 0 4.245456e-19 8.698904e-15
24 34 9.722096e-04 1.374912e-02 0 0 0 0 1.254233e-19 6.942499e-15
24 35 9.722096e-04 1.791952e-02 0 0 0 0 1.393165e-20 5.479616e-15
24 36 9.722096e-04 2.335489e-02 0 0 0 0 1.472258e-20 4.427618e-15
24 37 9.722096e-04 3.043893e-02 0 0 0 0 1.379547e-20 3.604067e-15
24 38 9.722096e-04 3.967171e-02 0 0 0 0 4.323413e-21 2.994040e-15
24 39 9.722096e-04 5.170498e-02 0 0 0 0 -1.904361e-21 2.524388e-15
25 20 1.267102e-03 3.369410e-04 0 0 0 0 1.305425e-16 2.264676e-14
25 21 1.267102e-03 4.391424e-04 0 0 0 0 3.766536e-16 2.356646e-14
25 22 1.267102e-03 5.723437e-04 0 0 0 0 1.099558e-15 2.467006e-14
25 23 1.267102e-03 7.459478e-04 0 0 0 0 3.239182e-15 2.548648e-14
25 24 1.267102e-03 9.722096e-04 0 0 0 0 9.579435e-15 2.589963e-14
25 25 1.267102e-03 1.267102e-03 0 0 0 0 2.311072e-12 2.577598e-14
25 26 1.267102e-03 1.651440e-03 0 0 0 0 8.950507e-15 2.496888e-14
25 27 1.267102e-03 2.152358e-03 0 0 0 0 2.583809e-15 2.356889e-14
25 28 1.267102e-03 2.805213e-03 0 0 0 0 7.131934e-16 2.148678e-14
25 29 1.267102e-03 3.656095e-03 0 0 0 0 1.931088e-16 1.907344e-14
25 30 1.267102e-03 4.765066e-03 0 0 0 0 5.202148e-17 1.636701e-14
25 31 1.267102e-03 6.210412e-03 0 0 0 0 1.417112e-17 1.365777e-14
25 32 1.267102e-03 8.094162e-03 0 0 0 0 3.996512e-18 1.113765e-14
25 33 1.267102e-03 1.054929e-02 0 0 0 0 1.139648e-18 8.869337e-15
25 34 1.267102e-03 1.374912e-02 0 0 0 0 3.775452e-19 7.074210e-15
25 35 1.267102e-03 1.791952e-02 0 0 0 0 9.046216e-20 5.572946e-15
25 36 1.267102e-03 2.335489e-02 0 0 0 0 3.687065e-20 4.492495e-15
25 37 1.267102e-03 3.043893e-02 0 0 0 0 2.717946e-20 3.644588e-15
25 38 1.267102e-03 3.967171e-02 0 0 0 0 1.077105e-20 3.020838e-15
25 39 1.267102e-03 5.170498e-02 0 0 0 0 -6.000226e-22 2.541619e-15
26 20 1.651440e-03 3.369410e-04 0 0 0 0 3.913242e-17 2.165567e-14
26 21 1.651440e-03 4.391424e-04 0 0 0 0 1.147609e-16 2.256582e-14
26 22 1.651440e-03 5.723437e-04 0 0 0 0 3.352248e-16 2.365955e-14
26 23 1.651440e-03 7.459478e-04 0 0 0 0 9.866553e-16 2.448934e-14
26 24 1.651440e-03 9.722096e-04 0 0 0 0 2.944758e-15 2.496398e-14
26 25 1.651440e-03 1.267102e-03 0 0 0 0 8.950507e-15 2.496888e-14
26 26 1.651440e-03 1.651440e-03 0 0 0 0 1.367162e-12 2.433527e-14
26 27 1.651440e-03 2.152358e-03 0 0 0 0 8.108182e-15 2.309075e-14
26 28 1.651440e-03 2.805213e-03 0 0 0 0 2.191807e-15 2.115028e-14
26 29 1.651440e-03 3.656095e-03 0 0 0 0 5.800512e-16 1.885391e-14
26 30 1.651440e-03 4.765066e-03 0 0 0 0 1.537769e-16 1.623608e-14
26 31 1.651440e-03 6.210412e-03 0 0 0 0 4.145212e-17 1.359378e-14
26 32 1.651440e-03 8.094162e-03 0 0 0 0 1.153885e-17 1.111843e-14
26 33 1.651440e-03 1.054929e-02 0 0 0 0 3.394500e-18 8.869003e-15
26 34 1.651440e-03 1.374912e-02 0 0 0 0 1.053532e-18 7.071948e-15
26 35 1.651440e-03 1.791952e-02 0 0 0 0 3.434458e-19 5.560834e-15
26 36 1.651440e-03 2.335489e-02 0 0 0 0 9.617725e-20 4.470068e-15
26 37 1.651440e-03 3.043893e-02 0 0 0 0 5.611769e-20 3.611283e-15
26 38 1.651440e-03 3.967171e-02 0 0 0 0 2.566887e-20 2.984631e-15
26 39 1.651440e-03 5.170498e-02 0 0 0 0 3.088400e-21 2.504087e-15
27 20 2.152358e-03 3.369410e-04 0 0 0 0 1.189759e-17 2.019554e-14
27 21 2.152358e-03 4.391424e-04 0 0 0 0 3.378333e-17 2.107613e-14
27 22 2.152358e-03 5.723437e-04 0 0 0 0 9.811503e-17 2.213905e-14
27 23 2.152358e-03 7.459478e-04 0 0 0 0 2.876990e-16 2.296697e-14
27 24 2.152358e-03 9.722096e-04 0 0 0 0 8.531184e-16 2.347884e-14
27 25 2.152358e-03 1.267102e-03 0 0 0 0 2.583809e-15 2.356889e-14
27 26 2.152358e-03 1.651440e-03 0 0 0 0 8.108182e-15 2.309075e-14
27 27 2.152358e-03 2.152358e-03 0 0 0 0 8.107426e-13 2.206824e-14
27 28 2.152358e-03 2.805213e-03 0 0 0 0 7.122834e-15 2.038344e-14
27 29 2.152358e-03 3.656095e-03 0 0 0 0 1.805949e-15 1.827480e-14
27 30 2.152358e-03 4.765066e-03 0 0 0 0 4.636849e-16 1.578476e-14
27 31 2.152358e-03 6.210412e-03 0 0 0 0 1.225034e-16 1.326034e-14
27 32 2.152358e-03 8.094162e-03 0 0 0 0 3.372501e-17 1.088400e-14
27 33 2.152358e-03 1.054929e-02 0 0 0 0 9.805620e-18 8.699180e-15
27 34 2.152358e-03 1.374912e-02 0 0 0 0 3.033730e-18 6.938682e-15
27 35 2.152358e-03 1.791952e-02 0 0 0 0 1.026868e-18 5.447920e-15
27 36 2.152358e-03 2.335489e-02 0 0 0 0 3.364919e-19 4.365776e-15
27 37 2.152358e-03 3.043893e-02 0 0 0 0 1.277669e-19 3.510585e-15
27 38 2.152358e-03 3.967171e-02 0 0 0 0 6.033812e-20 2.891596e-15
27 39 2.152358e-03 5.170498e-02 0 0 0 0 1.642811e-20 2.417642e-15
28 20 2.805213e-03 3.369410e-04 0 0 0 0 3.327828e-18 1.819292e-14
28 21 2.805213e-03 4.391424e-04 0 0 0 0 9.581808e-18 1.901713e-14
28 22 2.805213e-03 5.723437e-04 0 0 0 0 2.781168e-17 2.001847e-14
28 23 2.805213e-03 7.459478e-04 0 0 0 0 8.119945e-17 2.081946e-14
28 24 2.805213e-03 9.722096e-04 0 0 0 0 2.388189e-16 2.134264e-14
28 25 2.805213e-03 1.267102e-03 0 0 0 0 7.131934e-16 2.148678e-14
28 26 2.805213e-03 1.651440e-03 0 0 0 0 2.191807e-15 2.115028e-14
28 27 2.805213e-03 2.152358e-03 0 0 0 0 7.122834e-15 2.038344e-14
28 28 2.805213e-03 2.805213e-03 0 0 0 0 4.823719e-13 1.903108e-14
28 29 2.805213e-03 3.656095e-03 0 0 0 0 6.081853e-15 1.719970e-14
28 30 2.805213e-03 4.765066e-03 0 0 0 0 1.457303e-15 1.493208e-14
28 31 2.805213e-03 6.210412e-03 0 0 0 0 3.695426e-16 1.260317e-14
28 32 2.805213e-03 8.094162e-03 0 0 0 0 9.943659e-17 1.038016e-14
28 33 2.805213e-03 1.054929e-02 0 0 0 0 2.857634e-17 8.313243e-15
28 34 2.805213e-03 1.374912e-02 0 0 0 0 8.809774e-18 6.637829e-15
28 35 2.805213e-03 1.791952e-02 0 0 0 0 2.881359e-18 5.205157e-15
28 36 2.805213e-03 2.335489e-02 0 0 0 0 1.029107e-18 4.158069e-15
28 37 2.805213e-03 3.043893e-02 0 0 0 0 3.587454e-19 3.326488e-15
28 38 2.805213e-03 3.967171e-02 0 0 0 0 1.524361e-19 2.728631e-15
28 39 2.805213e-03 5.170498e-02 0 0 0 0 5.536854e-20 2.271254e-15
29 20 3.656095e-03 3.369410e-04 0 0 0 0 8.225615e-19 1.595924e-14
29 21 3.656095e-03 4.391424e-04 0 0 0 0 2.658075e-18 1.670563e-14
29 22 3.656095e-03 5.723437e-04 0 0 0 0 7.713816e-18 1.761865e-14
29 23 3.656095e-03 7.459478e-04 0 0 0 0 2.238553e-17 1.836776e-14
29 24 3.656095e-03 9.722096e-04 0 0 0 0 6.543285e-17 1.888428e-14
29 25 3.656095e-03 1.267102e-03 0 0 0 0 1.931088e-16 1.907344e-14
29 26 3.656095e-03 1.651440e-03 0 0 0 0 5.800512e-16 1.885391e-14
29 27 3.656095e-03 2.152358e-03 0 0 0 0 1.805949e-15 1.827480e-14
29 28 3.656095e-03 2.805213e-03 0 0 0 0 6.081853e-15 1.719970e-14
29 29 3.656095e-03 3.656095e-03 0 0 0 0 2.882542e-13 1.570465e-14
29 30 3.656095e-03 4.765066e-03 0 0 0 0 5.070929e-15 1.379509e-14
29 31 3.656095e-03 6.210412e-03 0 0 0 0 1.165797e-15 1.173821e-14
29 32 3.656095e-03 8.094162e-03 0 0 0 0 2.989239e-16 9.685444e-15
29 33 3.656095e-03 1.054929e-02 0 0 0 0 8.387149e-17 7.767897e-15
29 34 3.656095e-03 1.374912e-02 0 0 0 0 2.556320e-17 6.211995e-15
29 35 3.656095e-03 1.791952e-02 0 0 0 0 8.383494e-18 4.864401e-15
29 36 3.656095e-03 2.335489e-02 0 0 0 0 2.904879e-18 3.876824e-15
29 37 3.656095e-03 3.043893e-02 0 0 0 0 1.059528e-18 3.087104e-15
29 38 3.656095e-03 3.967171e-02 0 0 0 0 3.978358e-19 2.520521e-15
29 39 3.656095e-03 5.170498e-02 0 0 0 0 1.611246e-19 2.086996e-15
30 20 4.765066e-03 3.369410e-04 0 0 0 0 2.099348e-19 1.354151e-14
30 21 4.765066e-03 4.391424e-04 0 0 0 0 7.080797e-19 1.418995e-14
30 22 4.765066e-03 5.723437e-04 0 0 0 0 2.140750e-18 1.498919e-14
30 23 4.765066e-03 7.459478e-04 0 0 0 0 6.101327e-18 1.566117e-14
30 24 4.765066e-03 9.722096e-04 0 0 0 0 1.779058e-17 1.614929e-14
30 25 4.765066e-03 1.267102e-03 0 0 0 0 5.202148e-17 1.636701e-14
30 26 4.765066e-03 1.651440e-03 0 0 0 0 1.537769e-16 1.623608e-14
30 27 4.765066e-03 2.152358e-03 0 0 0 0 4.636849e-16 1.578476e-14
30 28 4.765066e-03 2.805213e-03 0 0 0 0 1.457303e-15 1.493208e-14
30 29 4.765066e-03 3.656095e-03 0 0 0 0 5.070929e-15 1.379509e-14
30 30 4.765066e-03 4.765066e-03 0 0 0 0 1.732305e-13 1.232799e-14
30 31 4.765066e-03 6.210412e-03 0 0 0 0 4.159135e-15 1.061510e-14
30 32 4.765066e-03 8.094162e-03 0 0 0 0 9.394786e-16 8.784082e-15
30 33 4.765066e-03 1.054929e-02 0 0 0 0 2.502357e-16 7.062821e-15
30 34 4.765066e-03 1.374912e-02 0 0 0 0 7.460160e-17 5.655406e-15
30 35 4.765066e-03 1.791952e-02 0 0 0 0 2.423773e-17 4.420238e-15
30 36 4.765066e-03 2.335489e-02 0 0 0 0 8.407578e-18 3.518495e-15
30 37 4.765066e-03 3.043893e-02 0 0 0 0 3.057944e-18 2.790031e-15
30 38 4.765066e-03 3.967171e-02 0 0 0 0 1.129029e-18 2.266468e-15
30 39 4.765066e-03 5.170498e-02 0 0 0 0 4.391109e-19 1.865196e-15
31 20 6.210412e-03 3.369410e-04 0 0 0 0 9.123679e-20 1.120114e-14
31 21 6.210412e-03 4.391424e-04 0 0 0 0 2.038065e-19 1.174557e-14
31 22 6.210412e-03 5.723437e-04 0 0 0 0 5.644342e-19 1.242116e-14
31 23 6.210412e-03 7.459478e-04 0 0 0 0 1.681944e-18 1.300022e-14
31 24 6.210412e-03 9.722096e-04 0 0 0 0 4.885972e-18 1.343727e-14
31 25 6.210412e-03 1.267102e-03 0 0 0 0 1.417112e-17 1.365777e-14
31 26 6.210412e-03 1.651440e-03 0 0 0 0 4.145212e-17 1.359378e-14
31 27 6.210412e-03 2.152358e-03 0 0 0 0 1.225034e-16 1.326034e-14
31 28 6.210412e-03 2.805213e-03 0 0 0 0 3.695426e-16 1.260317e-14
31 29 6.210412e-03 3.656095e-03 0 0 0 0 1.165797e-15 1.173821e-14
31 30 6.210412e-03 4.765066e-03 0 0 0 0 4.159135e-15 1.061510e-14
31 31 6.210412e-03 6.210412e-03 0 0 0 0 1.048700e-13 9.256714e-15
31 32 6.210412e-03 8.094162e-03 0 0 0 0 3.390875e-15 7.750965e-15
31 33 6.210412e-03 1.054929e-02 0 0 0 0 7.770185e-16 6.284524e-15
31 34 6.210412e-03 1.374912e-02 0 0 0 0 2.202908e-16 5.028341e-15
31 35 6.210412e-03 1.791952e-02 0 0 0 0 7.033044e-17 3.920183e-15
31 36 6.210412e-03 2.335489e-02 0 0 0 0 2.424794e-17 3.118784e-15
31 37 6.210412e-03 3.043893e-02 0 0 0 0 8.795938e-18 2.462159e-15
31 38 6.210412e-03 3.967171e-02 0 0 0 0 3.297022e-18 1.990897e-15
31 39 6.210412e-03 5.170498e-02 0 0 0 0 1.236559e-18 1.628481e-15
32 20 8.094162e-03 3.369410e-04 0 0 0 0 4.360198e-20 9.092598e-15
32 21 8.094162e-03 4.391424e-04 0 0 0 0 9.284659e-20 9.535232e-15
32 22 8.094162e-03 5.723437e-04 0 0 0 0 2.040861e-19 1.008709e-14
32 23 8.094162e-03 7.459478e-04 0 0 0 0 4.794182e-19 1.056541e-14
32 24 8.094162e-03 9.722096e-04 0 0 0 0 1.341174e-18 1.093528e-14
32 25 8.094162e-03 1.267102e-03 0 0 0 0 3.996512e-18 1.113765e-14
32 26 8.094162e-03 1.651440e-03 0 0 0 0 1.153885e-17 1.111843e-14
32 27 8.094162e-03 2.152358e-03 0 0 0 0 3.372501e-17 1.088400e-14
32 28 8.094162e-03 2.805213e-03 0 0 0 0 9.943659e-17 1.038016e-14
32 29 8.094162e-03 3.656095e-03 0 0 0 0 2.989239e-16 9.685444e-15
32 30 8.094162e-03 4.765066e-03 0 0 0 0 9.394786e-16 8.784082e-15
32 31 8.094162e-03 6.210412e-03 0 0 0 0 3.390875e-15 7.750965e-15
32 32 8.094162e-03 8.094162e-03 0 0 0 0 6.410265e-14 6.631531e-15
32 33 8.094162e-03 1.054929e-02 0 0 0 0 2.785328e-15 5.460531e-15
32 34 8.094162e-03 1.374912e-02 0 0 0 0 6.712578e-16 4.365249e-15
32 35 8.094162e-03 1.791952e-02 0 0 0 0 2.054215e-16 3.399097e-15
32 36 8.094162e-03 2.335489e-02 0 0 0 0 6.999872e-17 2.703121e-15
32 37 8.094162e-03 3.043893e-02 0 0 0 0 2.532683e-17 2.123371e-15
32 38 8.094162e-03 3.967171e-02 0 0 0 0 9.464428e-18 1.710983e-15
32 39 8.094162e-03 5.170498e-02 0 0 0 0 3.594640e-18 1.391926e-15
33 20 1.054929e-02 3.369410e-04 0 0 0 0 -1.774119e-21 7.233694e-15
33 21 1.054929e-02 4.391424e-04 0 0 0 0 1.549060e-20 7.583054e-15
33 22 1.054929e-02 5.723437e-04 0 0 0 0 6.209487e-20 8.019996e-15
33 23 1.054929e-02 7.459478e-04 0 0 0 0 1.778594e-19 8.400697e-15
33 24 1.054929e-02 9.722096e-04 0 0 0 0 4.245456e-19 8.698904e-15
33 25 1.054929e-02 1.267102e-03 0 0 0 0 1.139648e-18 8.869337e-15
33 26 1.054929e-02 1.651440e-03 0 0 0 0 3.394500e-18 8.869003e-15
33 27 1.054929e-02 2.152358e-03 0 0 0 0 9.805620e-18 8.699180e-15
33 28 1.054929e-02 2.805213e-03 0 0 0 0 2.857634e-17 8.313243e-15
33 29 1.054929e-02 3.656095e-03 0 0 0 0 8.387149e-17 7.767897e-15
33 30 1.054929e-02 4.765066e-03 0 0 0 0 2.502357e-16 7.062821e-15
33 31 1.054929e-02 6.210412e-03 0 0 0 0 7.770185e-16 6.284524e-15
33 32 1.054929e-02 8.094162e-03 0 0 0 0 2.785328e-15 5.460531e-15
33 33 1.054929e-02 1.054929e-02 0 0 0 0 3.970666e-14 4.564303e-15
33 34 1.054929e-02 1.374912e-02 0 0 0 0 2.341220e-15 3.682779e-15
33 35 1.054929e-02 1.791952e-02 0 0 0 0 6.124873e-16 2.887944e-15
33 36 1.054929e-02 2.335489e-02 0 0 0 0 2.024704e-16 2.291184e-15
33 37 1.054929e-02 3.043893e-02 0 0 0 0 7.281286e-17 1.788752e-15
33 38 1.054929e-02 3.967171e-02 0 0 0 0 2.721583e-17 1.437402e-15
33 39 1.054929e-02 5.170498e-02 0 0 0 0 1.033430e-17 1.163032e-15
34 20 1.374912e-02 3.369410e-04 0 0 0 0 -2.849409e-21 5.790921e-15
34 21 1.374912e-02 4.391424e-04 0 0 0 0 -4.496346e-21 6.066496e-15
34 22 1.374912e-02 5.723437e-04 0 0 0 0 -4.880246e-21 6.411040e-15
34 23 1.374912e-02 7.459478e-04 0 0 0 0 2.459831e-20 6.709899e-15
34 24 1.374912e-02 9.722096e-04 0 0 0 0 1.254233e-19 6.942499e-15
34 25 1.374912e-02 1.267102e-03 0 0 0 0 3.775452e-19 7.074210e-15
34 26 1.374912e-02 1.651440e-03 0 0 0 0 1.053532e-18 7.071948e-15
34 27 1.374912e-02 2.152358e-03 0 0 0 0 3.033730e-18 6.938682e-15
34 28 1.374912e-02 2.805213e-03 0 0 0 0 8.809774e-18 6.637829e-15
34 29 1.374912e-02 3.656095e-03 0 0 0 0 2.556320e-17 6.211995e-15
34 30 1.374912e-02 4.765066e-03 0 0 0 0 7.460160e-17 5.655406e-15
34 31 1.374912e-02 6.210412e-03 0 0 0 0 2.202908e-16 5.028341e-15
34 32 1.374912e-02 8.094162e-03 0 0 0 0 6.712578e-16 4.365249e-15
34 33 1.374912e-02 1.054929e-02 0 0 0 0 2.341220e-15 3.682779e-15
34 34 1.374912e-02 1.374912e-02 0 0 0 0 2.506798e-14 3.043471e-15
34 35 1.374912e-02 1.791952e-02 0 0 0 0 2.043938e-15 2.432973e-15
34 36 1.374912e-02 2.335489e-02 0 0 0 0 5.914047e-16 1.922789e-15
34 37 1.374912e-02 3.043893e-02 0 0 0 0 2.089770e-16 1.492954e-15
34 38 1.374912e-02 3.967171e-02 0 0 0 0 7.802897e-17 1.197627e-15
34 39 1.374912e-02 5.170498e-02 0 0 0 0 2.970007e-17 9.640921e-16
35 20 1.791952e-02 3.369410e-04 0 0 0 0 -7.944190e-21 4.598738e-15
35 21 1.791952e-02 4.391424e-04 0 0 0 0 -8.258250e-21 4.812128e-15
35 22 1.791952e-02 5.723437e-04 0 0 0 0 2.916246e-22 5.078220e-15
35 23 1.791952e-02 7.459478e-04 0 0 0 0 1.019491e-21 5.306112e-15
35 24 1.791952e-02 9.722096e-04 0 0 0 0 1.393165e-20 5.479616e-15
35 25 1.791952e-02 1.267102e-03 0 0 0 0 9.046216e-20 5.572946e-15
35 26 1.791952e-02 1.651440e-03 0 0 0 0 3.434458e-19 5.560834e-15
35 27 1.791952e-02 2.152358e-03 0 0 0 0 1.026868e-18 5.447920e-15
35 28 1.791952e-02 2.805213e-03 0 0 0 0 2.881359e-18 5.205157e-15
35 29 1.791952e-02 3.656095e-03 0 0 0 0 8.383494e-18 4.864401e-15
35 30 1.791952e-02 4.765066e-03 0 0 0 0 2.423773e-17 4.420238e-15
35 31 1.791952e-02 6.210412e-03 0 0 0 0 7.033044e-17 3.920183e-15
35 32 1.791952e-02 8.094162e-03 0 0 0 0 2.054215e-16 3.399097e-15
35 33 1.791952e-02 1.054929e-02 0 0 0 0 6.124873e-16 2.887944e-15
35 34 1.791952e-02 1.374912e-02 0 0 0 0 2.043938e-15 2.432973e-15
35 35 1.791952e-02 1.791952e-02 0 0 0 0 1.627858e-14 1.981649e-15
35 36 1.791952e-02 2.335489e-02 0 0 0 0 1.873019e-15 1.574267e-15
35 37 1.791952e-02 3.043893e-02 0 0 0 0 6.001677e-16 1.226736e-15
35 38 1.791952e-02 3.967171e-02 0 0 0 0 2.227768e-16 9.818029e-16
35 39 1.791952e-02 5.170498e-02 0 0 0 0 8.505825e-17 7.851259e-16
36 20 2.335489e-02 3.369410e-04 0 0 0 0 -2.800128e-22 3.737457e-15
36 21 2.335489e-02 4.391424e-04 0 0 0 0 -1.543003e-20 3.907182e-15
36 22 2.335489e-02 5.723437e-04 0 0 0 0 2.561274e-21 4.118064e-15
36 23 2.335489e-02 7.459478e-04 0 0 0 0 4.482291e-21 4.296022e-15
36 24 2.335489e-02 9.722096e-04 0 0 0 0 1.472258e-20 4.427618e-15
36 25 2.335489e-02 1.267102e-03 0 0 0 0 3.687065e-20 4.492495e-15
36 26 2.335489e-02 1.651440e-03 0 0 0 0 9.617725e-20 4.470068e-15
36 27 2.335489e-02 2.152358e-03 0 0 0 0 3.364919e-19 4.365776e-15
36 28 2.335489e-02 2.805213e-03 0 0 0 0 1.029107e-18 4.158069e-15
36 29 2.335489e-02 3.656095e-03 0 0 0 0 2.904879e-18 3.876824e-15
36 30 2.335489e-02 4.765066e-03 0 0 0 0 8.407578e-18 3.518495e-15
36 31 2.335489e-02 6.210412e-03 0 0 0 0 2.424794e-17 3.118784e-15
36 32 2.335489e-02 8.094162e-03 0 0 0 0 6.999872e-17 2.703121e-15
36 33 2.335489e-02 1.054929e-02 0 0 0 0 2.024704e-16 2.291184e-15
36 34 2.335489e-02 1.374912e-02 0 0 0 0 5.914047e-16 1.922789e-15
36 35 2.335489e-02 1.791952e-02 0 0 0 0 1.873019e-15 1.574267e-15
36 36 2.335489e-02 2.335489e-02 0 0 0 0 1.102141e-14 1.278309e-15
36 37 2.335489e-02 3.043893e-02 0 0 0 0 1.806891e-15 1.016708e-15
36 38 2.335489e-02 3.967171e-02 0 0 0 0 6.321646e-16 8.111848e-16
36 39 2.335489e-02 5.170498e-02 0 0 0 0 2.421597e-16 6.439236e-16
37 20 3.043893e-02 3.369410e-04 0 0 0 0 2.324172e-22 3.065596e-15
37 21 3.043893e-02 4.391424e-04 0 0 0 0 -3.001239e-20 3.201118e-15
37 22 3.043893e-02 5.723437e-04 0 0 0 0 8.855432e-21 3.368517e-15
37 23 3.043893e-02 7.459478e-04 0 0 0 0 7.202674e-21 3.506653e-15
37 24 3.043893e-02 9.722096e-04 0 0 0 0 1.379547e-20 3.604067e-15
37 25 3.043893e-02 1.267102e-03 0 0 0 0 2.717946e-20 3.644588e-15
37 26 3.043893e-02 1.651440e-03 0 0 0 0 5.611769e-20 3.611283e-15
37 27 3.043893e-02 2.152358e-03 0 0 0 0 1.277669e-19 3.510585e-15
37 28 3.043893e-02 2.805213e-03 0 0 0 0 3.587454e-19 3.326488e-15
37 29 3.043893e-02 3.656095e-03 0 0 0 0 1.059528e-18 3.087104e-15
37 30 3.043893e-02 4.765066e-03 0 0 0 0 3.057944e-18 2.790031e-15
37 31 3.043893e-02 6.210412e-03 0 0 0 0 8.795938e-18 2.462159e-15
37 32 3.043893e-02 8.094162e-03 0 0 0 0 2.532683e-17 2.123371e-15
37 33 3.043893e-02 1.054929e-02 0 0 0 0 7.281286e-17 1.788752e-15
37 34 3.043893e-02 1.374912e-02 0 0 0 0 2.089770e-16 1.492954e-15
37 35 3.043893e-02 1.791952e-02 0 0 0 0 6.001677e-16 1.226736e-15
37 36 3.043893e-02 2.335489e-02 0 0 0 0 1.806891e-15 1.016708e-15
37 37 3.043893e-02 3.043893e-02 0 0 0 0 7.916175e-15 8.267177e-16
37 38 3.043893e-02 3.967171e-02 0 0 0 0 1.825310e-15 6.620619e-16
37 39 3.043893e-02 5.170498e-02 0 0 0 0 6.819977e-16 5.259898e-16
38 20 3.967171e-02 3.369410e-04 0 0 0 0 -1.890587e-20 2.559641e-15
38 21 3.967171e-02 4.391424e-04 0 0 0 0 -5.604203e-20 2.670755e-15
38 22 3.967171e-02 5.723437e-04 0 0 0 0 1.635204e-20 2.807455e-15
38 23 3.967171e-02 7.459478e-04 0 0 0 0 2.190621e-21 2.918492e-15
38 24 3.967171e-02 9.722096e-04 0 0 0 0 4.323413e-21 2.994040e-15
38 25 3.967171e-02 1.267102e-03 0 0 0 0 1.077105e-20 3.020838e-15
38 26 3.967171e-02 1.651440e-03 0 0 0 0 2.566887e-20 2.984631e-15
38 27 3.967171e-02 2.152358e-03 0 0 0 0 6.033812e-20 2.891596e-15
38 28 3.967171e-02 2.805213e-03 0 0 0 0 1.524361e-19 2.728631e-15
38 29 3.967171e-02 3.656095e-03 0 0 0 0 3.978358e-19 2.520521e-15
38 30 3.967171e-02 4.765066e-03 0 0 0 0 1.129029e-18 2.266468e-15
38 31 3.967171e-02 6.210412e-03 0 0 0 0 3.297022e-18 1.990897e-15
38 32 3.967171e-02 8.094162e-03 0 0 0 0 9.464428e-18 1.710983e-15
38 33 3.967171e-02 1.054929e-02 0 0 0 0 2.721583e-17 1.437402e-15
38 34 3.967171e-02 1.374912e-02 0 0 0 0 7.802897e-17 1.197627e-15
38 35 3.967171e-02 1.791952e-02 0 0 0 0 2.227768e-16 9.818029e-16
38 36 3.967171e-02 2.335489e-02 0 0 0 0 6.321646e-16 8.111848e-16
38 37 3.967171e-02 3.043893e-02 0 0 0 0 1.825310e-15 6.620619e-16
38 38 3.967171e-02 3.967171e-02 0 0 0 0 6.135708e-15 5.394531e-16
38 39 3.967171e-02 5.170498e-02 0 0 0 0 1.909398e-15 4.368852e-16
39 20 5.170498e-02 3.369410e-04 0 0 0 0 -9.782472e-20 2.166931e-15
39 21 5.170498e-02 4.391424e-04 0 0 0 0 -9.093991e-20 2.259755e-15
39 22 5.170498e-02 5.723437e-04 0 0 0 0 2.989244e-20 2.373522e-15
39 23 5.170498e-02 7.459478e-04 0 0 0 0 -2.210692e-21 2.464608e-15
39 24 5.170498e-02 9.722096e-04 0 0 0 0 -1.904361e-21 2.524388e-15
39 25 5.170498e-02 1.267102e-03 0 0 0 0 -6.000226e-22 2.541619e-15
39 26 5.170498e-02 1.651440e-03 0 0 0 0 3.088400e-21 2.504087e-15
39 27 5.170498e-02 2.152358e-03 0 0 0 0 1.642811e-20 2.417642e-15
39 28 5.170498e-02 2.805213e-03 0 0 0 0 5.536854e-20 2.271254e-15
39 29 5.170498e-02 3.656095e-03 0 0 0 0 1.611246e-19 2.086996e-15
39 30 5.170498e-02 4.765066e-03 0 0 0 0 4.391109e-19 1.865196e-15
39 31 5.170498e-02 6.210412e-03 0 0 0 0 1.236559e-18 1.628481e-15
39 32 5.170498e-02 8.094162e-03 0 0 0 0 3.594640e-18 1.391926e-15
39 33 5.170498e-02 1.054929e-02 0 0 0 0 1.033430e-17 1.163032e-15
39 34 5.170498e-02 1.374912e-02 0 0 0 0 2.970007e-17 9.640921e-16
39 35 5.170498e-02 1.791952e-02 0 0 0 0 8.505825e-17 7.851259e-16
39 36 5.170498e-02 2.335489e-02 0 0 0 0 2.421597e-16 6.439236e-16
39 37 5.170498e-02 3.043893e-02 0 0 0 0 6.819977e-16 5.259898e-16
39 38 5.170498e-02 3.967171e-02 0 0 0 0 1.909398e-15 4.368852e-16
39 39 5.170498e-02 5.170498e-02 0 0 0 0 5.172754e-15 3.622462e-16
# Please cite the following papers in research using this covariance:
# arXiv: 1601.05779, https://arxiv.org/abs/1601.05779
# arXiv: 1911.11947, https://arxiv.org/abs/1911.11947
# arXiv: 2004.04833, https://arxiv.org/abs/2004.04833
########################################################
0 20 3.369410e-04 3.369410e-04 0 0 0 0 -5.635218e-15 1.769489e-13
0 21 3.369410e-04 4.391424e-04 0 0 0 0 -1.293393e-14 1.849187e-13
0 22 3.369410e-04 5.723437e-04 0 0 0 0 -1.399842e-15 1.946769e-13
0 23 3.369410e-04 7.459478e-04 0 0 0 0 1.496368e-14 2.026032e-13
0 24 3.369410e-04 9.722096e-04 0 0 0 0 2.744461e-14 2.079320e-13
0 25 3.369410e-04 1.267102e-03 0 0 0 0 3.445694e-14 2.096035e-13
0 26 3.369410e-04 1.651440e-03 0 0 0 0 3.681484e-14 2.065398e-13
0 27 3.369410e-04 2.152358e-03 0 0 0 0 3.586529e-14 1.991285e-13
0 28 3.369410e-04 2.805213e-03 0 0 0 0 3.288142e-14 1.863252e-13
0 29 3.369410e-04 3.656095e-03 0 0 0 0 2.889783e-14 1.699259e-13
0 30 3.369410e-04 4.765066e-03 0 0 0 0 2.467397e-14 1.499606e-13
0 31 3.369410e-04 6.210412e-03 0 0 0 0 2.071389e-14 1.286616e-13
0 32 3.369410e-04 8.094162e-03 0 0 0 0 1.730942e-14 1.074651e-13
0 33 3.369410e-04 1.054929e-02 0 0 0 0 1.459083e-14 8.732928e-14
0 34 3.369410e-04 1.374912e-02 0 0 0 0 1.257687e-14 7.040204e-14
0 35 3.369410e-04 1.791952e-02 0 0 0 0 1.121955e-14 5.560336e-14
0 36 3.369410e-04 2.335489e-02 0 0 0 0 1.043804e-14 4.455880e-14
0 37 3.369410e-04 3.043893e-02 0 0 0 0 1.013558e-14 3.556246e-14
0 38 3.369410e-04 3.967171e-02 0 0 0 0 1.020080e-14 2.901995e-14
0 39 3.369410e-04 5.170498e-02 0 0 0 0 1.049259e-14 2.393003e-14
1 20 4.391424e-04 3.369410e-04 0 0 0 0 -3.647038e-16 1.526226e-13
1 21 4.391424e-04 4.391424e-04 0 0 0 0 -5.783383e-15 1.596040e-13
1 22 4.391424e-04 5.723437e-04 0 0 0 0 -1.366240e-14 1.681798e-13
1 23 4.391424e-04 7.459478e-04 0 0 0 0 -1.865180e-15 1.752431e-13
1 24 4.391424e-04 9.722096e-04 0 0 0 0 1.436191e-14 1.801582e-13
1 25 4.391424e-04 1.267102e-03 0 0 0 0 2.601398e-14 1.820092e-13
1 26 4.391424e-04 1.651440e-03 0 0 0 0 3.187745e-14 1.798529e-13
1 27 4.391424e-04 2.152358e-03 0 0 0 0 3.315701e-14 1.739402e-13
1 28 4.391424e-04 2.805213e-03 0 0 0 0 3.146405e-14 1.633413e-13
1 29 4.391424e-04 3.656095e-03 0 0 0 0 2.818160e-14 1.495193e-13
1 30 4.391424e-04 4.765066e-03 0 0 0 0 2.432059e-14 1.324582e-13
1 31 4.391424e-04 6.210412e-03 0 0 0 0 2.054200e-14 1.140605e-13
1 32 4.391424e-04 8.094162e-03 0 0 0 0 1.722592e-14 9.556041e-14
1 33 4.391424e-04 1.054929e-02 0 0 0 0 1.454975e-14 7.784984e-14
1 34 4.391424e-04 1.374912e-02 0 0 0 0 1.255616e-14 6.283802e-14
1 35 4.391424e-04 1.791952e-02 0 0 0 0 1.120870e-14 4.964152e-14
1 36 4.391424e-04 2.335489e-02 0 0 0 0 1.043207e-14 3.975085e-14
1 37 4.391424e-04 3.043893e-02 0 0 0 0 1.013214e-14 3.166016e-14
1 38 4.391424e-04 3.967171e-02 0 0 0 0 1.019873e-14 2.578500e-14
1 39 4.391424e-04 5.170498e-02 0 0 0 0 1.049129e-14 2.120815e-14
2 20 5.723437e-04 3.369410e-04 0 0 0 0 -5.637274e-17 1.295749e-13
2 21 5.723437e-04 4.391424e-04 0 0 0 0 -2.417283e-16 1.355908e-13
2 22 5.723437e-04 5.723437e-04 0 0 0 0 -5.855699e-15 1.429963e-13
2 23 5.723437e-04 7.459478e-04 0 0 0 0 -1.420768e-14 1.491608e-13
2 24 5.723437e-04 9.722096e-04 0 0 0 0 -2.298629e-15 1.535792e-13
2 25 5.723437e-04 1.267102e-03 0 0 0 0 1.345120e-14 1.554923e-13
2 26 5.723437e-04 1.651440e-03 0 0 0 0 2.403166e-14 1.540895e-13
2 27 5.723437e-04 2.152358e-03 0 0 0 0 2.871548e-14 1.495169e-13
2 28 5.723437e-04 2.805213e-03 0 0 0 0 2.910144e-14 1.409575e-13
2 29 5.723437e-04 3.656095e-03 0 0 0 0 2.697716e-14 1.295590e-13
2 30 5.723437e-04 4.765066e-03 0 0 0 0 2.372387e-14 1.152670e-13
2 31 5.723437e-04 6.210412e-03 0 0 0 0 2.025093e-14 9.966751e-14
2 32 5.723437e-04 8.094162e-03 0 0 0 0 1.708440e-14 8.379632e-14
2 33 5.723437e-04 1.054929e-02 0 0 0 0 1.448007e-14 6.846999e-14
2 34 5.723437e-04 1.374912e-02 0 0 0 0 1.252098e-14 5.535693e-14
2 35 5.723437e-04 1.791952e-02 0 0 0 0 1.119027e-14 4.375704e-14
2 36 5.723437e-04 2.335489e-02 0 0 0 0 1.042194e-14 3.501774e-14
2 37 5.723437e-04 3.043893e-02 0 0 0 0 1.012630e-14 2.783359e-14
2 38 5.723437e-04 3.967171e-02 0 0 0 0 1.019524e-14 2.262155e-14
2 39 5.723437e-04 5.170498e-02 0 0 0 0 1.048916e-14 1.855341e-14
3 20 7.459478e-04 3.369410e-04 0 0 0 0 -3.357482e-17 1.079795e-13
3 21 7.459478e-04 4.391424e-04 0 0 0 0 -1.769622e-18 1.130594e-13
3 22 7.459478e-04 5.723437e-04 0 0 0 0 -9.813196e-17 1.193265e-13
3 23 7.459478e-04 7.459478e-04 0 0 0 0 -5.755785e-15 1.245919e-13
3 24 7.459478e-04 9.722096e-04 0 0 0 0 -1.449539e-14 1.284567e-13
3 25 7.459478e-04 1.267102e-03 0 0 0 0 -2.644629e-15 1.302999e-13
3 26 7.459478e-04 1.651440e-03 0 0 0 0 1.230098e-14 1.294611e-13
3 27 7.459478e-04 2.152358e-03 0 0 0 0 2.163625e-14 1.260439e-13
3 28 7.459478e-04 2.805213e-03 0 0 0 0 2.521940e-14 1.193353e-13
3 29 7.459478e-04 3.656095e-03 0 0 0 0 2.496737e-14 1.101815e-13
3 30 7.459478e-04 4.765066e-03 0 0 0 0 2.271999e-14 9.849891e-14
3 31 7.459478e-04 6.210412e-03 0 0 0 0 1.975924e-14 8.556989e-14
3 32 7.459478e-04 8.094162e-03 0 0 0 0 1.684473e-14 7.223657e-14
3 33 7.459478e-04 1.054929e-02 0 0 0 0 1.436201e-14 5.923504e-14
3 34 7.459478e-04 1.374912e-02 0 0 0 0 1.246127e-14 4.799195e-14
3 35 7.459478e-04 1.791952e-02 0 0 0 0 1.115897e-14 3.797465e-14
3 36 7.459478e-04 2.335489e-02 0 0 0 0 1.040474e-14 3.037994e-14
3 37 7.459478e-04 3.043893e-02 0 0 0 0 1.011638e-14 2.410063e-14
3 38 7.459478e-04 3.967171e-02 0 0 0 0 1.018929e-14 1.954541e-14
3 39 7.459478e-04 5.170498e-02 0 0 0 0 1.048551e-14 1.598038e-14
4 20 9.722096e-04 3.369410e-04 0 0 0 0 -2.732175e-17 8.838990e-14
4 21 9.722096e-04 4.391424e-04 0 0 0 0 1.352222e-17 9.258869e-14
4 22 9.722096e-04 5.723437e-04 0 0 0 0 5.692868e-17 9.778864e-14
4 23 9.722096e-04 7.459478e-04 0 0 0 0 8.196305e-17 1.022024e-13
4 24 9.722096e-04 9.722096e-04 0 0 0 0 -5.494506e-15 1.054965e-13
4 25 9.722096e-04 1.267102e-03 0 0 0 0 -1.443601e-14 1.071475e-13
4 26 9.722096e-04 1.651440e-03 0 0 0 0 -2.848934e-15 1.066616e-13
4 27 9.722096e-04 2.152358e-03 0 0 0 0 1.099337e-14 1.041652e-13
4 28 9.722096e-04 2.805213e-03 0 0 0 0 1.901153e-14 9.904413e-14
4 29 9.722096e-04 3.656095e-03 0 0 0 0 2.165922e-14 9.188539e-14
4 30 9.722096e-04 4.765066e-03 0 0 0 0 2.104352e-14 8.258366e-14
4 31 9.722096e-04 6.210412e-03 0 0 0 0 1.893193e-14 7.212406e-14
4 32 9.722096e-04 8.094162e-03 0 0 0 0 1.643972e-14 6.116662e-14
4 33 9.722096e-04 1.054929e-02 0 0 0 0 1.416210e-14 5.036811e-14
4 34 9.722096e-04 1.374912e-02 0 0 0 0 1.236008e-14 4.091694e-14
4 35 9.722096e-04 1.791952e-02 0 0 0 0 1.110581e-14 3.242845e-14
4 36 9.722096e-04 2.335489e-02 0 0 0 0 1.037553e-14 2.594502e-14
4 37 9.722096e-04 3.043893e-02 0 0 0 0 1.009955e-14 2.054869e-14
4 38 9.722096e-04 3.967171e-02 0 0 0 0 1.017920e-14 1.662955e-14
4 39 9.722096e-04 5.170498e-02 0 0 0 0 1.047930e-14 1.355137e-14
5 20 1.267102e-03 3.369410e-04 0 0 0 0 -3.041111e-17 7.124496e-14
5 21 1.267102e-03 4.391424e-04 0 0 0 0 2.965527e-18 7.464223e-14
5 22 1.267102e-03 5.723437e-04 0 0 0 0 3.349666e-17 7.886761e-14
5 23 1.267102e-03 7.459478e-04 0 0 0 0 1.172630e-16 8.248607e-14
5 24 1.267102e-03 9.722096e-04 0 0 0 0 2.760737e-16 8.521490e-14
5 25 1.267102e-03 1.267102e-03 0 0 0 0 -5.057150e-15 8.661162e-14
5 26 1.267102e-03 1.651440e-03 0 0 0 0 -1.399728e-14 8.631454e-14
5 27 1.267102e-03 2.152358e-03 0 0 0 0 -2.884667e-15 8.446896e-14
5 28 1.267102e-03 2.805213e-03 0 0 0 0 9.623370e-15 8.058330e-14
5 29 1.267102e-03 3.656095e-03 0 0 0 0 1.635245e-14 7.509910e-14
5 30 1.267102e-03 4.765066e-03 0 0 0 0 1.827988e-14 6.789128e-14
5 31 1.267102e-03 6.210412e-03 0 0 0 0 1.754947e-14 5.963774e-14
5 32 1.267102e-03 8.094162e-03 0 0 0 0 1.575831e-14 5.083741e-14
5 33 1.267102e-03 1.054929e-02 0 0 0 0 1.382429e-14 4.206846e-14
5 34 1.267102e-03 1.374912e-02 0 0 0 0 1.218883e-14 3.428678e-14
5 35 1.267102e-03 1.791952e-02 0 0 0 0 1.101569e-14 2.723750e-14
5 36 1.267102e-03 2.335489e-02 0 0 0 0 1.032599e-14 2.180733e-14
5 37 1.267102e-03 3.043893e-02 0 0 0 0 1.007099e-14 1.725318e-14
5 38 1.267102e-03 3.967171e-02 0 0 0 0 1.016207e-14 1.393654e-14
5 39 1.267102e-03 5.170498e-02 0 0 0 0 1.046875e-14 1.131940e-14
6 20 1.651440e-03 3.369410e-04 0 0 0 0 -3.468463e-17 5.670276e-14
6 21 1.651440e-03 4.391424e-04 0 0 0 0 -5.165750e-18 5.939462e-14
6 22 1.651440e-03 5.723437e-04 0 0 0 0 1.148887e-17 6.275188e-14
6 23 1.651440e-03 7.459478e-04 0 0 0 0 5.381253e-17 6.564008e-14
6 24 1.651440e-03 9.722096e-04 0 0 0 0 1.580623e-16 6.783828e-14
6 25 1.651440e-03 1.267102e-03 0 0 0 0 4.667136e-16 6.899223e-14
6 26 1.651440e-03 1.651440e-03 0 0 0 0 -4.474474e-15 6.880024e-14
6 27 1.651440e-03 2.152358e-03 0 0 0 0 -1.319259e-14 6.735781e-14
6 28 1.651440e-03 2.805213e-03 0 0 0 0 -2.753406e-15 6.433062e-14
6 29 1.651440e-03 3.656095e-03 0 0 0 0 8.279753e-15 6.015949e-14
6 30 1.651440e-03 4.765066e-03 0 0 0 0 1.383443e-14 5.470463e-14
6 31 1.651440e-03 6.210412e-03 0 0 0 0 1.526819e-14 4.834645e-14
6 32 1.651440e-03 8.094162e-03 0 0 0 0 1.461938e-14 4.145109e-14
6 33 1.651440e-03 1.054929e-02 0 0 0 0 1.325604e-14 3.450071e-14
6 34 1.651440e-03 1.374912e-02 0 0 0 0 1.189960e-14 2.822931e-14
6 35 1.651440e-03 1.791952e-02 0 0 0 0 1.086321e-14 2.249864e-14
6 36 1.651440e-03 2.335489e-02 0 0 0 0 1.024198e-14 1.804005e-14
6 37 1.651440e-03 3.043893e-02 0 0 0 0 1.002258e-14 1.426892e-14
6 38 1.651440e-03 3.967171e-02 0 0 0 0 1.013301e-14 1.151015e-14
6 39 1.651440e-03 5.170498e-02 0 0 0 0 1.045084e-14 9.320340e-15
7 20 2.152358e-03 3.369410e-04 0 0 0 0 -3.514968e-17 4.486611e-14
7 21 2.152358e-03 4.391424e-04 0 0 0 0 -8.580672e-18 4.696660e-14
7 22 2.152358e-03 5.723437e-04 0 0 0 0 6.654994e-19 4.958893e-14
7 23 2.152358e-03 7.459478e-04 0 0 0 0 2.125403e-17 5.184321e-14
7 24 2.152358e-03 9.722096e-04 0 0 0 0 5.740173e-17 5.356558e-14
7 25 2.152358e-03 1.267102e-03 0 0 0 0 1.843698e-16 5.448453e-14
7 26 2.152358e-03 1.651440e-03 0 0 0 0 6.236549e-16 5.432886e-14
7 27 2.152358e-03 2.152358e-03 0 0 0 0 -3.803285e-15 5.312946e-14
7 28 2.152358e-03 2.805213e-03 0 0 0 0 -1.208153e-14 5.068092e-14
7 29 2.152358e-03 3.656095e-03 0 0 0 0 -2.486263e-15 4.744625e-14
7 30 2.152358e-03 4.765066e-03 0 0 0 0 7.036326e-15 4.330586e-14
7 31 2.152358e-03 6.210412e-03 0 0 0 0 1.159142e-14 3.846919e-14
7 32 2.152358e-03 8.094162e-03 0 0 0 0 1.273927e-14 3.319812e-14
7 33 2.152358e-03 1.054929e-02 0 0 0 0 1.230657e-14 2.781781e-14
7 34 2.152358e-03 1.374912e-02 0 0 0 0 1.141317e-14 2.286631e-14
7 35 2.152358e-03 1.791952e-02 0 0 0 0 1.060588e-14 1.830611e-14
7 36 2.152358e-03 2.335489e-02 0 0 0 0 1.009983e-14 1.471267e-14
7 37 2.152358e-03 3.043893e-02 0 0 0 0 9.940522e-15 1.164661e-14
7 38 2.152358e-03 3.967171e-02 0 0 0 0 1.008375e-14 9.390126e-15
7 39 2.152358e-03 5.170498e-02 0 0 0 0 1.042045e-14 7.586159e-15
8 20 2.805213e-03 3.369410e-04 0 0 0 0 -3.589697e-17 3.545720e-14
8 21 2.805213e-03 4.391424e-04 0 0 0 0 -1.004806e-17 3.708394e-14
8 22 2.805213e-03 5.723437e-04 0 0 0 0 -3.409487e-18 3.911349e-14
8 23 2.805213e-03 7.459478e-04 0 0 0 0 8.800582e-18 4.084581e-14
8 24 2.805213e-03 9.722096e-04 0 0 0 0 1.849843e-17 4.215389e-14
8 25 2.805213e-03 1.267102e-03 0 0 0 0 5.657141e-17 4.283229e-14
8 26 2.805213e-03 1.651440e-03 0 0 0 0 1.922636e-16 4.266509e-14
8 27 2.805213e-03 2.152358e-03 0 0 0 0 7.226897e-16 4.167289e-14
8 28 2.805213e-03 2.805213e-03 0 0 0 0 -3.110770e-15 3.968752e-14
8 29 2.805213e-03 3.656095e-03 0 0 0 0 -1.076033e-14 3.707394e-14
8 30 2.805213e-03 4.765066e-03 0 0 0 0 -2.131158e-15 3.378535e-14
8 31 2.805213e-03 6.210412e-03 0 0 0 0 5.946111e-15 3.007863e-14
8 32 2.805213e-03 8.094162e-03 0 0 0 0 9.706550e-15 2.613912e-14
8 33 2.805213e-03 1.054929e-02 0 0 0 0 1.073991e-14 2.206399e-14
8 34 2.805213e-03 1.374912e-02 0 0 0 0 1.060116e-14 1.823746e-14
8 35 2.805213e-03 1.791952e-02 0 0 0 0 1.017334e-14 1.469016e-14
8 36 2.805213e-03 2.335489e-02 0 0 0 0 9.860099e-15 1.184241e-14
8 37 2.805213e-03 3.043893e-02 0 0 0 0 9.801705e-15 9.393453e-15
8 38 2.805213e-03 3.967171e-02 0 0 0 0 1.000030e-14 7.578346e-15
8 39 2.805213e-03 5.170498e-02 0 0 0 0 1.036892e-14 6.115227e-15
9 20 3.656095e-03 3.369410e-04 0 0 0 0 -3.617045e-17 2.816279e-14
9 21 3.656095e-03 4.391424e-04 0 0 0 0 -1.051410e-17 2.942581e-14
9 22 3.656095e-03 5.723437e-04 0 0 0 0 -4.794655e-18 3.099664e-14
9 23 3.656095e-03 7.459478e-04 0 0 0 0 4.589331e-18 3.231868e-14
9 24 3.656095e-03 9.722096e-04 0 0 0 0 5.703487e-18 3.329039e-14
9 25 3.656095e-03 1.267102e-03 0 0 0 0 1.581274e-17 3.375916e-14
9 26 3.656095e-03 1.651440e-03 0 0 0 0 5.172494e-17 3.356821e-14
9 27 3.656095e-03 2.152358e-03 0 0 0 0 1.814813e-16 3.275251e-14
9 28 3.656095e-03 2.805213e-03 0 0 0 0 7.547707e-16 3.113807e-14
9 29 3.656095e-03 3.656095e-03 0 0 0 0 -2.460272e-15 2.894623e-14
9 30 3.656095e-03 4.765066e-03 0 0 0 0 -9.342335e-15 2.620183e-14
9 31 3.656095e-03 6.210412e-03 0 0 0 0 -1.739034e-15 2.327753e-14
9 32 3.656095e-03 8.094162e-03 0 0 0 0 5.040221e-15 2.031930e-14
9 33 3.656095e-03 1.054929e-02 0 0 0 0 8.214335e-15 1.725448e-14
9 34 3.656095e-03 1.374912e-02 0 0 0 0 9.263057e-15 1.435980e-14
9 35 3.656095e-03 1.791952e-02 0 0 0 0 9.452198e-15 1.165909e-14
9 36 3.656095e-03 2.335489e-02 0 0 0 0 9.457493e-15 9.433591e-15
9 37 3.656095e-03 3.043893e-02 0 0 0 0 9.567633e-15 7.509598e-15
9 38 3.656095e-03 3.967171e-02 0 0 0 0 9.859180e-15 6.070150e-15
9 39 3.656095e-03 5.170498e-02 0 0 0 0 1.028166e-14 4.899584e-15
10 20 4.765066e-03 3.369410e-04 0 0 0 0 -3.615122e-17 2.260271e-14
10 21 4.765066e-03 4.391424e-04 0 0 0 0 -1.067128e-17 2.359425e-14
10 22 4.765066e-03 5.723437e-04 0 0 0 0 -5.209193e-18 2.482197e-14
10 23 4.765066e-03 7.459478e-04 0 0 0 0 3.310272e-18 2.583770e-14
10 24 4.765066e-03 9.722096e-04 0 0 0 0 1.893350e-18 2.655921e-14
10 25 4.765066e-03 1.267102e-03 0 0 0 0 3.988191e-18 2.687012e-14
10 26 4.765066e-03 1.651440e-03 0 0 0 0 1.330674e-17 2.664692e-14
10 27 4.765066e-03 2.152358e-03 0 0 0 0 4.328804e-17 2.592769e-14
10 28 4.765066e-03 2.805213e-03 0 0 0 0 1.575448e-16 2.456848e-14
10 29 4.765066e-03 3.656095e-03 0 0 0 0 7.242785e-16 2.273950e-14
10 30 4.765066e-03 4.765066e-03 0 0 0 0 -1.899113e-15 2.046760e-14
10 31 4.765066e-03 6.210412e-03 0 0 0 0 -7.937015e-15 1.807849e-14
10 32 4.765066e-03 8.094162e-03 0 0 0 0 -1.353051e-15 1.571587e-14
10 33 4.765066e-03 1.054929e-02 0 0 0 0 4.329906e-15 1.335325e-14
10 34 4.765066e-03 1.374912e-02 0 0 0 0 7.110626e-15 1.120237e-14
10 35 4.765066e-03 1.791952e-02 0 0 0 0 8.266283e-15 9.178442e-15
10 36 4.765066e-03 2.335489e-02 0 0 0 0 8.787187e-15 7.461371e-15
10 37 4.765066e-03 3.043893e-02 0 0 0 0 9.174958e-15 5.974908e-15
10 38 4.765066e-03 3.967171e-02 0 0 0 0 9.621257e-15 4.844429e-15
10 39 4.765066e-03 5.170498e-02 0 0 0 0 1.013412e-14 3.917443e-15
11 20 6.210412e-03 3.369410e-04 0 0 0 0 -3.608558e-17 1.822260e-14
11 21 6.210412e-03 4.391424e-04 0 0 0 0 -1.066231e-17 1.901040e-14
11 22 6.210412e-03 5.723437e-04 0 0 0 0 -5.378834e-18 1.998208e-14
11 23 6.210412e-03 7.459478e-04 0 0 0 0 2.960648e-18 2.077426e-14
11 24 6.210412e-03 9.722096e-04 0 0 0 0 8.409158e-19 2.131792e-14
11 25 6.210412e-03 1.267102e-03 0 0 0 0 7.827178e-19 2.151905e-14
11 26 6.210412e-03 1.651440e-03 0 0 0 0 3.310843e-18 2.127698e-14
11 27 6.210412e-03 2.152358e-03 0 0 0 0 1.013401e-17 2.063235e-14
11 28 6.210412e-03 2.805213e-03 0 0 0 0 3.360713e-17 1.948696e-14
11 29 6.210412e-03 3.656095e-03 0 0 0 0 1.268374e-16 1.800546e-14
11 30 6.210412e-03 4.765066e-03 0 0 0 0 6.459474e-16 1.617805e-14
11 31 6.210412e-03 6.210412e-03 0 0 0 0 -1.453399e-15 1.418742e-14
11 32 6.210412e-03 8.094162e-03 0 0 0 0 -6.634320e-15 1.218087e-14
11 33 6.210412e-03 1.054929e-02 0 0 0 0 -1.002889e-15 1.028413e-14
11 34 6.210412e-03 1.374912e-02 0 0 0 0 3.810869e-15 8.678352e-15
11 35 6.210412e-03 1.791952e-02 0 0 0 0 6.365344e-15 7.162760e-15
11 36 6.210412e-03 2.335489e-02 0 0 0 0 7.687654e-15 5.858442e-15
11 37 6.210412e-03 3.043893e-02 0 0 0 0 8.522093e-15 4.731198e-15
11 38 6.210412e-03 3.967171e-02 0 0 0 0 9.222466e-15 3.850609e-15
11 39 6.210412e-03 5.170498e-02 0 0 0 0 9.885467e-15 3.123962e-15
12 20 8.094162e-03 3.369410e-04 0 0 0 0 -3.606523e-17 1.486378e-14
12 21 8.094162e-03 4.391424e-04 0 0 0 0 -1.060699e-17 1.550173e-14
12 22 8.094162e-03 5.723437e-04 0 0 0 0 -5.358837e-18 1.628607e-14
12 23 8.094162e-03 7.459478e-04 0 0 0 0 2.875878e-18 1.691858e-14
12 24 8.094162e-03 9.722096e-04 0 0 0 0 5.187354e-19 1.734098e-14
12 25 8.094162e-03 1.267102e-03 0 0 0 0 -1.339206e-20 1.747597e-14
12 26 8.094162e-03 1.651440e-03 0 0 0 0 8.070420e-19 1.724158e-14
12 27 8.094162e-03 2.152358e-03 0 0 0 0 2.286217e-18 1.667703e-14
12 28 8.094162e-03 2.805213e-03 0 0 0 0 7.132479e-18 1.570606e-14
12 29 8.094162e-03 3.656095e-03 0 0 0 0 2.418621e-17 1.447119e-14
12 30 8.094162e-03 4.765066e-03 0 0 0 0 9.484254e-17 1.295803e-14
12 31 8.094162e-03 6.210412e-03 0 0 0 0 5.388829e-16 1.129740e-14
12 32 8.094162e-03 8.094162e-03 0 0 0 0 -1.129067e-15 9.614168e-15
12 33 8.094162e-03 1.054929e-02 0 0 0 0 -5.496345e-15 8.046219e-15
12 34 8.094162e-03 1.374912e-02 0 0 0 0 -7.041947e-16 6.756023e-15
12 35 8.094162e-03 1.791952e-02 0 0 0 0 3.468102e-15 5.572565e-15
12 36 8.094162e-03 2.335489e-02 0 0 0 0 5.932785e-15 4.593347e-15
12 37 8.094162e-03 3.043893e-02 0 0 0 0 7.453927e-15 3.748238e-15
12 38 8.094162e-03 3.967171e-02 0 0 0 0 8.560267e-15 3.065340e-15
12 39 8.094162e-03 5.170498e-02 0 0 0 0 9.468916e-15 2.500534e-15
13 20 1.054929e-02 3.369410e-04 0 0 0 0 -3.605765e-17 1.200849e-14
13 21 1.054929e-02 4.391424e-04 0 0 0 0 -1.058420e-17 1.252266e-14
13 22 1.054929e-02 5.723437e-04 0 0 0 0 -5.406711e-18 1.315437e-14
13 23 1.054929e-02 7.459478e-04 0 0 0 0 2.880593e-18 1.366213e-14
13 24 1.054929e-02 9.722096e-04 0 0 0 0 5.055727e-19 1.399808e-14
13 25 1.054929e-02 1.267102e-03 0 0 0 0 -2.594519e-19 1.409869e-14
13 26 1.054929e-02 1.651440e-03 0 0 0 0 2.401313e-19 1.389567e-14
13 27 1.054929e-02 2.152358e-03 0 0 0 0 4.889487e-19 1.341910e-14
13 28 1.054929e-02 2.805213e-03 0 0 0 0 1.434845e-18 1.260739e-14
13 29 1.054929e-02 3.656095e-03 0 0 0 0 4.583236e-18 1.158237e-14
13 30 1.054929e-02 4.765066e-03 0 0 0 0 1.591373e-17 1.034338e-14
13 31 1.054929e-02 6.210412e-03 0 0 0 0 6.538011e-17 9.013357e-15
13 32 1.054929e-02 8.094162e-03 0 0 0 0 4.212207e-16 7.676688e-15
13 33 1.054929e-02 1.054929e-02 0 0 0 0 -9.171674e-16 6.384971e-15
13 34 1.054929e-02 1.374912e-02 0 0 0 0 -4.556391e-15 5.274844e-15
13 35 1.054929e-02 1.791952e-02 0 0 0 0 -4.619049e-16 4.305070e-15
13 36 1.054929e-02 2.335489e-02 0 0 0 0 3.278343e-15 3.573424e-15
13 37 1.054929e-02 3.043893e-02 0 0 0 0 5.756759e-15 2.942738e-15
13 38 1.054929e-02 3.967171e-02 0 0 0 0 7.479268e-15 2.420267e-15
13 39 1.054929e-02 5.170498e-02 0 0 0 0 8.777963e-15 1.989192e-15
14 20 1.374912e-02 3.369410e-04 0 0 0 0 -3.599358e-17 9.713198e-15
14 21 1.374912e-02 4.391424e-04 0 0 0 0 -1.048473e-17 1.013222e-14
14 22 1.374912e-02 5.723437e-04 0 0 0 0 -5.455298e-18 1.064755e-14
14 23 1.374912e-02 7.459478e-04 0 0 0 0 2.817757e-18 1.106360e-14
14 24 1.374912e-02 9.722096e-04 0 0 0 0 4.657177e-19 1.134122e-14
14 25 1.374912e-02 1.267102e-03 0 0 0 0 -2.639963e-19 1.142737e-14
14 26 1.374912e-02 1.651440e-03 0 0 0 0 1.041871e-19 1.126581e-14
14 27 1.374912e-02 2.152358e-03 0 0 0 0 9.646728e-20 1.087914e-14
14 28 1.374912e-02 2.805213e-03 0 0 0 0 2.489615e-19 1.021716e-14
14 29 1.374912e-02 3.656095e-03 0 0 0 0 7.675032e-19 9.380574e-15
14 30 1.374912e-02 4.765066e-03 0 0 0 0 2.517563e-18 8.370685e-15
14 31 1.374912e-02 6.210412e-03 0 0 0 0 9.134598e-18 7.290522e-15
14 32 1.374912e-02 8.094162e-03 0 0 0 0 4.038838e-17 6.202953e-15
14 33 1.374912e-02 1.054929e-02 0 0 0 0 3.067929e-16 5.133224e-15
14 34 1.374912e-02 1.374912e-02 0 0 0 0 -8.007569e-16 4.193993e-15
14 35 1.374912e-02 1.791952e-02 0 0 0 0 -3.824430e-15 3.385056e-15
14 36 1.374912e-02 2.335489e-02 0 0 0 0 -2.763166e-16 2.800333e-15
14 37 1.374912e-02 3.043893e-02 0 0 0 0 3.210335e-15 2.306370e-15
14 38 1.374912e-02 3.967171e-02 0 0 0 0 5.768603e-15 1.909568e-15
14 39 1.374912e-02 5.170498e-02 0 0 0 0 7.652079e-15 1.585038e-15
15 20 1.791952e-02 3.369410e-04 0 0 0 0 -3.590442e-17 7.673705e-15
15 21 1.791952e-02 4.391424e-04 0 0 0 0 -1.031327e-17 8.007169e-15
15 22 1.791952e-02 5.723437e-04 0 0 0 0 -5.464376e-18 8.418127e-15
15 23 1.791952e-02 7.459478e-04 0 0 0 0 2.825193e-18 8.752226e-15
15 24 1.791952e-02 9.722096e-04 0 0 0 0 4.405789e-19 8.978704e-15
15 25 1.791952e-02 1.267102e-03 0 0 0 0 -3.164048e-19 9.055039e-15
15 26 1.791952e-02 1.651440e-03 0 0 0 0 6.894301e-20 8.936755e-15
15 27 1.791952e-02 2.152358e-03 0 0 0 0 5.578050e-20 8.639972e-15
15 28 1.791952e-02 2.805213e-03 0 0 0 0 2.410414e-21 8.122281e-15
15 29 1.791952e-02 3.656095e-03 0 0 0 0 7.762784e-20 7.458560e-15
15 30 1.791952e-02 4.765066e-03 0 0 0 0 2.358990e-19 6.649356e-15
15 31 1.791952e-02 6.210412e-03 0 0 0 0 8.750056e-19 5.781781e-15
15 32 1.791952e-02 8.094162e-03 0 0 0 0 3.704955e-18 4.911152e-15
15 33 1.791952e-02 1.054929e-02 0 0 0 0 1.999138e-17 4.066859e-15
15 34 1.791952e-02 1.374912e-02 0 0 0 0 2.033792e-16 3.335025e-15
15 35 1.791952e-02 1.791952e-02 0 0 0 0 -7.616625e-16 2.684265e-15
15 36 1.791952e-02 2.335489e-02 0 0 0 0 -3.295281e-15 2.185886e-15
15 37 1.791952e-02 3.043893e-02 0 0 0 0 -1.492602e-16 1.778254e-15
15 38 1.791952e-02 3.967171e-02 0 0 0 0 3.221066e-15 1.481438e-15
15 39 1.791952e-02 5.170498e-02 0 0 0 0 5.876405e-15 1.241788e-15
16 20 2.335489e-02 3.369410e-04 0 0 0 0 -3.573474e-17 5.951729e-15
16 21 2.335489e-02 4.391424e-04 0 0 0 0 -1.005163e-17 6.214452e-15
16 22 2.335489e-02 5.723437e-04 0 0 0 0 -5.498262e-18 6.539616e-15
16 23 2.335489e-02 7.459478e-04 0 0 0 0 2.837968e-18 6.807927e-15
16 24 2.335489e-02 9.722096e-04 0 0 0 0 4.696767e-19 6.995935e-15
16 25 2.335489e-02 1.267102e-03 0 0 0 0 -2.898849e-19 7.069746e-15
16 26 2.335489e-02 1.651440e-03 0 0 0 0 4.750646e-20 6.994710e-15
16 27 2.335489e-02 2.152358e-03 0 0 0 0 6.697607e-21 6.780674e-15
16 28 2.335489e-02 2.805213e-03 0 0 0 0 5.665388e-21 6.392821e-15
16 29 2.335489e-02 3.656095e-03 0 0 0 0 -3.639036e-20 5.885410e-15
16 30 2.335489e-02 4.765066e-03 0 0 0 0 -7.965670e-20 5.257679e-15
16 31 2.335489e-02 6.210412e-03 0 0 0 0 -2.212476e-19 4.579333e-15
16 32 2.335489e-02 8.094162e-03 0 0 0 0 -5.271949e-19 3.895148e-15
16 33 2.335489e-02 1.054929e-02 0 0 0 0 -8.476708e-19 3.232259e-15
16 34 2.335489e-02 1.374912e-02 0 0 0 0 3.156677e-18 2.656979e-15
16 35 2.335489e-02 1.791952e-02 0 0 0 0 1.133843e-16 2.132753e-15
16 36 2.335489e-02 2.335489e-02 0 0 0 0 -7.845389e-16 1.715493e-15
16 37 2.335489e-02 3.043893e-02 0 0 0 0 -2.957152e-15 1.377127e-15
16 38 2.335489e-02 3.967171e-02 0 0 0 0 -9.094183e-17 1.145234e-15
16 39 2.335489e-02 5.170498e-02 0 0 0 0 3.249282e-15 9.614316e-16
17 20 3.043893e-02 3.369410e-04 0 0 0 0 -3.545095e-17 4.467489e-15
17 21 3.043893e-02 4.391424e-04 0 0 0 0 -9.654702e-18 4.667934e-15
17 22 3.043893e-02 5.723437e-04 0 0 0 0 -5.549028e-18 4.917137e-15
17 23 3.043893e-02 7.459478e-04 0 0 0 0 2.844045e-18 5.125912e-15
17 24 3.043893e-02 9.722096e-04 0 0 0 0 4.780506e-19 5.277047e-15
17 25 3.043893e-02 1.267102e-03 0 0 0 0 -2.750185e-19 5.344430e-15
17 26 3.043893e-02 1.651440e-03 0 0 0 0 8.448617e-20 5.301953e-15
17 27 3.043893e-02 2.152358e-03 0 0 0 0 2.388597e-20 5.155012e-15
17 28 3.043893e-02 2.805213e-03 0 0 0 0 -1.876051e-20 4.876701e-15
17 29 3.043893e-02 3.656095e-03 0 0 0 0 -2.619244e-20 4.505594e-15
17 30 3.043893e-02 4.765066e-03 0 0 0 0 -6.828955e-20 4.039425e-15
17 31 3.043893e-02 6.210412e-03 0 0 0 0 -2.167455e-19 3.528835e-15
17 32 3.043893e-02 8.094162e-03 0 0 0 0 -6.165361e-19 3.006678e-15
17 33 3.043893e-02 1.054929e-02 0 0 0 0 -1.757369e-18 2.495743e-15
17 34 3.043893e-02 1.374912e-02 0 0 0 0 -4.847680e-18 2.049115e-15
17 35 3.043893e-02 1.791952e-02 0 0 0 0 -1.138937e-17 1.644662e-15
17 36 3.043893e-02 2.335489e-02 0 0 0 0 3.541098e-17 1.327350e-15
17 37 3.043893e-02 3.043893e-02 0 0 0 0 -8.591550e-16 1.063757e-15
17 38 3.043893e-02 3.967171e-02 0 0 0 0 -2.798523e-15 8.730873e-16
17 39 3.043893e-02 5.170498e-02 0 0 0 0 -1.194146e-16 7.238065e-16
18 20 3.967171e-02 3.369410e-04 0 0 0 0 -3.500485e-17 3.221496e-15
18 21 3.967171e-02 4.391424e-04 0 0 0 0 -9.060250e-18 3.369044e-15
18 22 3.967171e-02 5.723437e-04 0 0 0 0 -5.618513e-18 3.553616e-15
18 23 3.967171e-02 7.459478e-04 0 0 0 0 2.840955e-18 3.711394e-15
18 24 3.967171e-02 9.722096e-04 0 0 0 0 4.728983e-19 3.830548e-15
18 25 3.967171e-02 1.267102e-03 0 0 0 0 -2.837370e-19 3.891849e-15
18 26 3.967171e-02 1.651440e-03 0 0 0 0 8.049275e-20 3.876381e-15
18 27 3.967171e-02 2.152358e-03 0 0 0 0 3.520998e-20 3.785842e-15
18 28 3.967171e-02 2.805213e-03 0 0 0 0 8.708147e-21 3.600118e-15
18 29 3.967171e-02 3.656095e-03 0 0 0 0 -1.094711e-20 3.344631e-15
18 30 3.967171e-02 4.765066e-03 0 0 0 0 -5.437085e-20 3.016074e-15
18 31 3.967171e-02 6.210412e-03 0 0 0 0 -1.125199e-19 2.649233e-15
18 32 3.967171e-02 8.094162e-03 0 0 0 0 -3.534055e-19 2.266978e-15
18 33 3.967171e-02 1.054929e-02 0 0 0 0 -1.018880e-18 1.887697e-15
18 34 3.967171e-02 1.374912e-02 0 0 0 0 -2.980996e-18 1.552156e-15
18 35 3.967171e-02 1.791952e-02 0 0 0 0 -8.716107e-18 1.248512e-15
18 36 3.967171e-02 2.335489e-02 0 0 0 0 -2.490030e-17 1.011873e-15
18 37 3.967171e-02 3.043893e-02 0 0 0 0 -3.336242e-17 8.096726e-16
18 38 3.967171e-02 3.967171e-02 0 0 0 0 -9.764938e-16 6.552590e-16
18 39 3.967171e-02 5.170498e-02 0 0 0 0 -2.795906e-15 5.343537e-16
19 20 5.170498e-02 3.369410e-04 0 0 0 0 -3.443065e-17 2.231115e-15
19 21 5.170498e-02 4.391424e-04 0 0 0 0 -8.164864e-18 2.335597e-15
19 22 5.170498e-02 5.723437e-04 0 0 0 0 -5.690040e-18 2.467159e-15
19 23 5.170498e-02 7.459478e-04 0 0 0 0 2.835815e-18 2.582065e-15
19 24 5.170498e-02 9.722096e-04 0 0 0 0 4.702535e-19 2.672701e-15
19 25 5.170498e-02 1.267102e-03 0 0 0 0 -2.925668e-19 2.725579e-15
19 26 5.170498e-02 1.651440e-03 0 0 0 0 6.859712e-20 2.727435e-15
19 27 5.170498e-02 2.152358e-03 0 0 0 0 2.161054e-20 2.677440e-15
19 28 5.170498e-02 2.805213e-03 0 0 0 0 -2.112982e-21 2.561029e-15
19 29 5.170498e-02 3.656095e-03 0 0 0 0 4.390746e-21 2.393766e-15
19 30 5.170498e-02 4.765066e-03 0 0 0 0 -1.237600e-20 2.172203e-15
19 31 5.170498e-02 6.210412e-03 0 0 0 0 -6.607294e-20 1.919667e-15
19 32 5.170498e-02 8.094162e-03 0 0 0 0 -1.593596e-19 1.651614e-15
19 33 5.170498e-02 1.054929e-02 0 0 0 0 -4.706110e-19 1.381974e-15
19 34 5.170498e-02 1.374912e-02 0 0 0 0 -1.352296e-18 1.139851e-15
19 35 5.170498e-02 1.791952e-02 0 0 0 0 -3.922206e-18 9.175732e-16
19 36 5.170498e-02 2.335489e-02 0 0 0 0 -1.149268e-17 7.417751e-16
19 37 5.170498e-02 3.043893e-02 0 0 0 0 -3.425737e-17 5.912308e-16
19 38 5.170498e-02 3.967171e-02 0 0 0 0 -8.417020e-17 4.779360e-16
19 39 5.170498e-02 5.170498e-02 0 0 0 0 -1.102691e-15 3.882947e-16
