3.285619000000000118e-11 3.899744000000000190e-13 3.417304999999999846e-13 2.971086999999999899e-13 2.580483999999999812e-13 2.250360999999999886e-13 1.978514000000000106e-13 1.758110999999999889e-13 1.579774999999999950e-13 1.433472999999999965e-13 1.309696999999999998e-13 1.200187000000000094e-13 1.098238000000000030e-13 9.987220000000000281e-14 8.979938000000000414e-14 7.938278000000000286e-14 6.854842000000000247e-14 5.739052000000000313e-14 4.619026000000000048e-14 3.540283999999999922e-14 -5.635217999999999660e-15 -1.293393000000000071e-14 -1.399841999999999920e-15 1.496368000000000021e-14 2.744461000000000086e-14 3.445694000000000095e-14 3.681484000000000245e-14 3.586528999999999868e-14 3.288141999999999779e-14 2.889783000000000123e-14 2.467396999999999889e-14 2.071389000000000101e-14 1.730942000000000113e-14 1.459082999999999969e-14 1.257687000000000038e-14 1.121955000000000065e-14 1.043804000000000030e-14 1.013558000000000051e-14 1.020079999999999962e-14 1.049259000000000037e-14
3.899744000000000190e-13 1.947320000000000067e-11 3.452803999999999976e-13 2.999845999999999797e-13 2.598745000000000050e-13 2.260727000000000087e-13 1.983935000000000018e-13 1.760732999999999875e-13 1.580958000000000017e-13 1.433967999999999954e-13 1.309883999999999904e-13 1.200249000000000039e-13 1.098252999999999980e-13 9.987222999999999741e-14 8.979924000000000410e-14 7.938279999999999926e-14 6.854864000000000073e-14 5.739090999999999602e-14 4.619076999999999701e-14 3.540335000000000207e-14 -3.647037999999999961e-16 -5.783382999999999968e-15 -1.366240000000000049e-14 -1.865180000000000067e-15 1.436191000000000148e-14 2.601398000000000072e-14 3.187744999999999737e-14 3.315701000000000272e-14 3.146405000000000213e-14 2.818159999999999866e-14 2.432058999999999866e-14 2.054199999999999971e-14 1.722591999999999889e-14 1.454974999999999942e-14 1.255615999999999930e-14 1.120869999999999930e-14 1.043207000000000072e-14 1.013213999999999980e-14 1.019872999999999997e-14 1.049128999999999934e-14
3.417304999999999846e-13 3.452803999999999976e-13 1.157913999999999987e-11 3.047023000000000193e-13 2.630835999999999838e-13 2.279057999999999840e-13 1.993483000000000069e-13 1.765363000000000078e-13 1.583073999999999975e-13 1.434890000000000058e-13 1.310277999999999902e-13 1.200427000000000051e-13 1.098351999999999953e-13 9.987967999999999401e-14 8.980629999999999519e-14 7.939008999999999943e-14 6.855616999999999554e-14 5.739855999999999448e-14 4.619836999999999816e-14 3.541068999999999954e-14 -5.637274000000000407e-17 -2.417282999999999959e-16 -5.855699000000000254e-15 -1.420767999999999976e-14 -2.298628999999999826e-15 1.345120000000000053e-14 2.403166000000000049e-14 2.871548000000000251e-14 2.910144000000000297e-14 2.697715999999999915e-14 2.372386999999999949e-14 2.025092999999999871e-14 1.708440000000000127e-14 1.448006999999999865e-14 1.252098000000000018e-14 1.119026999999999951e-14 1.042194000000000069e-14 1.012630000000000048e-14 1.019524000000000038e-14 1.048915999999999944e-14
2.971086999999999899e-13 2.999845999999999797e-13 3.047023000000000193e-13 6.918474999999999760e-12 2.686453999999999914e-13 2.311945999999999770e-13 2.010417999999999987e-13 1.773417000000000015e-13 1.586653000000000075e-13 1.436372999999999882e-13 1.310843999999999983e-13 1.200619999999999886e-13 1.098409999999999987e-13 9.988127999999999625e-14 8.980719999999999723e-14 7.939146000000000521e-14 6.855812999999999607e-14 5.740099999999999694e-14 4.620113999999999800e-14 3.541363000000000033e-14 -3.357481999999999743e-17 -1.769621999999999858e-18 -9.813195999999999625e-17 -5.755784999999999712e-15 -1.449539000000000143e-14 -2.644628999999999926e-15 1.230098000000000055e-14 2.163624999999999969e-14 2.521939999999999955e-14 2.496737000000000007e-14 2.271998999999999864e-14 1.975924000000000038e-14 1.684473000000000107e-14 1.436200999999999925e-14 1.246126999999999985e-14 1.115897000000000075e-14 1.040474000000000033e-14 1.011638000000000051e-14 1.018929000000000035e-14 1.048551000000000026e-14
2.580483999999999812e-13 2.598745000000000050e-13 2.630835999999999838e-13 2.686453999999999914e-13 4.163233000000000341e-12 2.372262000000000176e-13 2.041704999999999882e-13 1.787975000000000013e-13 1.592972999999999941e-13 1.438925000000000101e-13 1.311776000000000054e-13 1.200902999999999927e-13 1.098456000000000035e-13 9.987888999999999741e-14 8.980361999999999807e-14 7.938860000000000263e-14 6.855628999999999918e-14 5.739992000000000206e-14 4.620050999999999783e-14 3.541314999999999840e-14 -2.732174999999999870e-17 1.352221999999999984e-17 5.692867999999999867e-17 8.196304999999999775e-17 -5.494506000000000145e-15 -1.443600999999999848e-14 -2.848933999999999999e-15 1.099336999999999980e-14 1.901153000000000149e-14 2.165922000000000093e-14 2.104351999999999844e-14 1.893193000000000075e-14 1.643972000000000043e-14 1.416210000000000031e-14 1.236008000000000027e-14 1.110580999999999971e-14 1.037553000000000079e-14 1.009954999999999980e-14 1.017919999999999943e-14 1.047929999999999971e-14
2.250360999999999886e-13 2.260727000000000087e-13 2.279057999999999840e-13 2.311945999999999770e-13 2.372262000000000176e-13 2.531480000000000034e-12 2.102607000000000050e-13 1.815753999999999898e-13 1.604653999999999920e-13 1.443537000000000011e-13 1.313443999999999891e-13 1.201415999999999957e-13 1.098555000000000008e-13 9.987626000000000391e-14 8.979906999999999684e-14 7.938517000000000171e-14 6.855460999999999873e-14 5.739957000000000197e-14 4.620091000000000155e-14 3.541380999999999948e-14 -3.041111000000000119e-17 2.965527000000000044e-18 3.349665999999999938e-17 1.172630000000000084e-16 2.760736999999999919e-16 -5.057149999999999749e-15 -1.399727999999999934e-14 -2.884667000000000140e-15 9.623370000000000019e-15 1.635244999999999852e-14 1.827988000000000152e-14 1.754946999999999918e-14 1.575830999999999869e-14 1.382429000000000045e-14 1.218883000000000049e-14 1.101568999999999974e-14 1.032598999999999959e-14 1.007098999999999998e-14 1.016207000000000067e-14 1.046874999999999957e-14
1.978514000000000106e-13 1.983935000000000018e-13 1.993483000000000069e-13 2.010417999999999987e-13 2.041704999999999882e-13 2.102607000000000050e-13 1.562619000000000089e-12 1.873361999999999899e-13 1.627673000000000036e-13 1.452223000000000011e-13 1.316497000000000030e-13 1.202342999999999919e-13 1.098737000000000057e-13 9.987252999999999389e-14 8.979173000000000568e-14 7.937976000000000385e-14 6.855208999999999805e-14 5.739935000000000371e-14 4.620200000000000094e-14 3.541531000000000078e-14 -3.468463000000000185e-17 -5.165749999999999649e-18 1.148886999999999979e-17 5.381253000000000004e-17 1.580623000000000036e-16 4.667135999999999877e-16 -4.474474000000000376e-15 -1.319258999999999927e-14 -2.753405999999999840e-15 8.279753000000000732e-15 1.383443000000000025e-14 1.526818999999999853e-14 1.461937999999999973e-14 1.325603999999999994e-14 1.189959999999999954e-14 1.086321000000000007e-14 1.024197999999999924e-14 1.002258000000000045e-14 1.013300999999999936e-14 1.045083999999999924e-14
1.758110999999999889e-13 1.760732999999999875e-13 1.765363000000000078e-13 1.773417000000000015e-13 1.787975000000000013e-13 1.815753999999999898e-13 1.873361999999999899e-13 9.852062000000000273e-13 1.678904000000000083e-13 1.469980999999999934e-13 1.322392999999999998e-13 1.204081000000000027e-13 1.099082999999999988e-13 9.986672000000000494e-14 8.977915999999999688e-14 7.937047999999999594e-14 6.854760999999999684e-14 5.739876999999999454e-14 4.620366999999999688e-14 3.541766999999999872e-14 -3.514967999999999769e-17 -8.580672000000000682e-18 6.654993999999999681e-19 2.125402999999999876e-17 5.740173000000000248e-17 1.843697999999999879e-16 6.236548999999999925e-16 -3.803284999999999638e-15 -1.208152999999999972e-14 -2.486263000000000145e-15 7.036325999999999628e-15 1.159141999999999933e-14 1.273927000000000003e-14 1.230657000000000071e-14 1.141316999999999924e-14 1.060588000000000028e-14 1.009982999999999988e-14 9.940522000000000484e-15 1.008374999999999982e-14 1.042045000000000074e-14
1.579774999999999950e-13 1.580958000000000017e-13 1.583073999999999975e-13 1.586653000000000075e-13 1.592972999999999941e-13 1.604653999999999920e-13 1.627673000000000036e-13 1.678904000000000083e-13 6.391597999999999601e-13 1.512851000000000033e-13 1.335025999999999980e-13 1.207586999999999891e-13 1.099786999999999962e-13 9.985923000000000292e-14 8.975831000000000207e-14 7.935467000000000249e-14 6.854010999999999662e-14 5.739778999999999427e-14 4.620652999999999946e-14 3.542172000000000161e-14 -3.589696999999999859e-17 -1.004806000000000075e-17 -3.409487000000000030e-18 8.800582000000000308e-18 1.849843000000000088e-17 5.657141000000000519e-17 1.922636000000000098e-16 7.226896999999999703e-16 -3.110769999999999862e-15 -1.076033000000000026e-14 -2.131158000000000067e-15 5.946110999999999720e-15 9.706549999999999923e-15 1.073991000000000061e-14 1.060115999999999968e-14 1.017334000000000055e-14 9.860098999999999611e-15 9.801705000000000579e-15 1.000029999999999962e-14 1.036891999999999968e-14
1.433472999999999965e-13 1.433967999999999954e-13 1.434890000000000058e-13 1.436372999999999882e-13 1.438925000000000101e-13 1.443537000000000011e-13 1.452223000000000011e-13 1.469980999999999934e-13 1.512851000000000033e-13 4.299817000000000236e-13 1.368680999999999901e-13 1.215655999999999904e-13 1.101383000000000013e-13 9.985401999999999430e-14 8.972411000000000006e-14 7.932801000000000612e-14 6.852724000000000397e-14 5.739608999999999742e-14 4.621137999999999716e-14 3.542859999999999986e-14 -3.617044999999999692e-17 -1.051410000000000016e-17 -4.794655000000000007e-18 4.589331000000000190e-18 5.703486999999999918e-18 1.581274000000000111e-17 5.172493999999999711e-17 1.814813000000000051e-16 7.547707000000000078e-16 -2.460272000000000074e-15 -9.342335000000000374e-15 -1.739034000000000048e-15 5.040221000000000298e-15 8.214334999999999400e-15 9.263057000000000035e-15 9.452198000000000400e-15 9.457493000000000026e-15 9.567633000000000668e-15 9.859179999999999408e-15 1.028166000000000070e-14
1.309696999999999998e-13 1.309883999999999904e-13 1.310277999999999902e-13 1.310843999999999983e-13 1.311776000000000054e-13 1.313443999999999891e-13 1.316497000000000030e-13 1.322392999999999998e-13 1.335025999999999980e-13 1.368680999999999901e-13 3.018186000000000202e-13 1.240221999999999933e-13 1.105677000000000000e-13 9.987151000000000083e-14 8.967018000000000354e-14 7.928306999999999399e-14 6.850529000000000526e-14 5.739311000000000383e-14 4.621949000000000115e-14 3.544027000000000031e-14 -3.615122000000000168e-17 -1.067128000000000012e-17 -5.209193000000000320e-18 3.310271999999999822e-18 1.893350000000000021e-18 3.988190999999999859e-18 1.330674000000000073e-17 4.328803999999999850e-17 1.575447999999999908e-16 7.242784999999999814e-16 -1.899113000000000060e-15 -7.937014999999999856e-15 -1.353050999999999984e-15 4.329906000000000114e-15 7.110626000000000066e-15 8.266282999999999352e-15 8.787186999999999661e-15 9.174958000000000652e-15 9.621257000000000216e-15 1.013411999999999989e-14
1.200187000000000094e-13 1.200249000000000039e-13 1.200427000000000051e-13 1.200619999999999886e-13 1.200902999999999927e-13 1.201415999999999957e-13 1.202342999999999919e-13 1.204081000000000027e-13 1.207586999999999891e-13 1.215655999999999904e-13 1.240221999999999933e-13 2.216053999999999970e-13 1.122000000000000041e-13 1.000108000000000023e-13 8.959374999999999374e-14 7.920823000000000085e-14 6.846762999999999510e-14 5.738766999999999876e-14 4.623313999999999852e-14 3.545996000000000201e-14 -3.608557999999999900e-17 -1.066231000000000039e-17 -5.378833999999999801e-18 2.960647999999999933e-18 8.409158000000000187e-19 7.827177999999999991e-19 3.310842999999999940e-18 1.013400999999999990e-17 3.360712999999999814e-17 1.268374000000000058e-16 6.459474000000000485e-16 -1.453399000000000092e-15 -6.634320000000000092e-15 -1.002888999999999995e-15 3.810868999999999723e-15 6.365344000000000275e-15 7.687653999999999470e-15 8.522092999999999854e-15 9.222466000000000082e-15 9.885466999999999829e-15
1.098238000000000030e-13 1.098252999999999980e-13 1.098351999999999953e-13 1.098409999999999987e-13 1.098456000000000035e-13 1.098555000000000008e-13 1.098737000000000057e-13 1.099082999999999988e-13 1.099786999999999962e-13 1.101383000000000013e-13 1.105677000000000000e-13 1.122000000000000041e-13 1.697342000000000009e-13 1.009491999999999941e-13 8.953190999999999508e-14 7.908735000000000429e-14 6.840285999999999385e-14 5.737745999999999420e-14 4.625571999999999740e-14 3.549317999999999745e-14 -3.606523000000000204e-17 -1.060698999999999936e-17 -5.358836999999999984e-18 2.875878000000000191e-18 5.187353999999999569e-19 -1.339205999999999965e-20 8.070420000000000272e-19 2.286216999999999997e-18 7.132479000000000611e-18 2.418620999999999974e-17 9.484254000000000255e-17 5.388828999999999631e-16 -1.129066999999999972e-15 -5.496345000000000371e-15 -7.041946999999999527e-16 3.468102000000000123e-15 5.932785000000000024e-15 7.453927000000000554e-15 8.560266999999999516e-15 9.468916000000000764e-15
9.987220000000000281e-14 9.987222999999999741e-14 9.987967999999999401e-14 9.988127999999999625e-14 9.987888999999999741e-14 9.987626000000000391e-14 9.987252999999999389e-14 9.986672000000000494e-14 9.985923000000000292e-14 9.985401999999999430e-14 9.987151000000000083e-14 1.000108000000000023e-13 1.009491999999999941e-13 1.345649000000000106e-13 8.993421000000000085e-14 7.891604999999999774e-14 6.829161000000000530e-14 5.735728000000000498e-14 4.629244999999999830e-14 3.554883999999999805e-14 -3.605764999999999857e-17 -1.058419999999999950e-17 -5.406710999999999919e-18 2.880592999999999861e-18 5.055727000000000292e-19 -2.594519000000000011e-19 2.401312999999999993e-19 4.889487000000000243e-19 1.434845000000000048e-18 4.583235999999999761e-18 1.591372999999999952e-17 6.538010999999999438e-17 4.212206999999999915e-16 -9.171673999999999473e-16 -4.556390999999999692e-15 -4.619048999999999772e-16 3.278343000000000189e-15 5.756759000000000267e-15 7.479267999999999322e-15 8.777963000000000598e-15
8.979938000000000414e-14 8.979924000000000410e-14 8.980629999999999519e-14 8.980719999999999723e-14 8.980361999999999807e-14 8.979906999999999684e-14 8.979173000000000568e-14 8.977915999999999688e-14 8.975831000000000207e-14 8.972411000000000006e-14 8.967018000000000354e-14 8.959374999999999374e-14 8.953190999999999508e-14 8.993421000000000085e-14 1.092038000000000016e-13 7.895788000000000182e-14 6.810874999999999744e-14 5.731522000000000445e-14 4.635000999999999760e-14 3.564121000000000313e-14 -3.599358000000000288e-17 -1.048473000000000014e-17 -5.455297999999999982e-18 2.817756999999999943e-18 4.657177000000000399e-19 -2.639963000000000164e-19 1.041870999999999996e-19 9.646728000000000355e-20 2.489615000000000022e-19 7.675031999999999969e-19 2.517562999999999952e-18 9.134598000000000118e-18 4.038837999999999740e-17 3.067929000000000217e-16 -8.007568999999999858e-16 -3.824429999999999708e-15 -2.763165999999999923e-16 3.210335000000000130e-15 5.768603000000000150e-15 7.652079000000000465e-15
7.938278000000000286e-14 7.938279999999999926e-14 7.939008999999999943e-14 7.939146000000000521e-14 7.938860000000000263e-14 7.938517000000000171e-14 7.937976000000000385e-14 7.937047999999999594e-14 7.935467000000000249e-14 7.932801000000000612e-14 7.928306999999999399e-14 7.920823000000000085e-14 7.908735000000000429e-14 7.891604999999999774e-14 7.895788000000000182e-14 8.961733000000000190e-14 6.798058000000000072e-14 5.722576000000000556e-14 4.643370000000000035e-14 3.579180000000000229e-14 -3.590442000000000081e-17 -1.031326999999999967e-17 -5.464376000000000143e-18 2.825193000000000140e-18 4.405789000000000061e-19 -3.164048000000000137e-19 6.894300999999999633e-20 5.578049999999999710e-20 2.410413999999999843e-21 7.762784000000000316e-20 2.358989999999999898e-19 8.750056000000000058e-19 3.704955000000000328e-18 1.999138000000000032e-17 2.033792000000000094e-16 -7.616624999999999791e-16 -3.295280999999999992e-15 -1.492601999999999971e-16 3.221066000000000027e-15 5.876404999999999688e-15
6.854842000000000247e-14 6.854864000000000073e-14 6.855616999999999554e-14 6.855812999999999607e-14 6.855628999999999918e-14 6.855460999999999873e-14 6.855208999999999805e-14 6.854760999999999684e-14 6.854010999999999662e-14 6.852724000000000397e-14 6.850529000000000526e-14 6.846762999999999510e-14 6.840285999999999385e-14 6.829161000000000530e-14 6.810874999999999744e-14 6.798058000000000072e-14 7.352871999999999388e-14 5.712715000000000059e-14 4.653556999999999898e-14 3.602907000000000230e-14 -3.573474000000000034e-17 -1.005163000000000049e-17 -5.498262000000000303e-18 2.837968000000000059e-18 4.696766999999999662e-19 -2.898849000000000186e-19 4.750645999999999810e-20 6.697606999999999966e-21 5.665388000000000025e-21 -3.639035999999999760e-20 -7.965669999999999683e-20 -2.212476000000000233e-19 -5.271948999999999811e-19 -8.476707999999999685e-19 3.156676999999999986e-18 1.133842999999999953e-16 -7.845389000000000248e-16 -2.957151999999999975e-15 -9.094182999999999552e-17 3.249281999999999853e-15
5.739052000000000313e-14 5.739090999999999602e-14 5.739855999999999448e-14 5.740099999999999694e-14 5.739992000000000206e-14 5.739957000000000197e-14 5.739935000000000371e-14 5.739876999999999454e-14 5.739778999999999427e-14 5.739608999999999742e-14 5.739311000000000383e-14 5.738766999999999876e-14 5.737745999999999420e-14 5.735728000000000498e-14 5.731522000000000445e-14 5.722576000000000556e-14 5.712715000000000059e-14 5.975150000000000546e-14 4.664905000000000255e-14 3.637662000000000141e-14 -3.545094999999999701e-17 -9.654702000000000506e-18 -5.549027999999999714e-18 2.844045000000000030e-18 4.780506000000000060e-19 -2.750185000000000015e-19 8.448616999999999558e-20 2.388597000000000076e-20 -1.876050999999999994e-20 -2.619243999999999857e-20 -6.828955000000000470e-20 -2.167455000000000035e-19 -6.165361000000000308e-19 -1.757369000000000097e-18 -4.847679999999999769e-18 -1.138936999999999966e-17 3.541098000000000107e-17 -8.591549999999999555e-16 -2.798522999999999819e-15 -1.194146000000000117e-16
4.619026000000000048e-14 4.619076999999999701e-14 4.619836999999999816e-14 4.620113999999999800e-14 4.620050999999999783e-14 4.620091000000000155e-14 4.620200000000000094e-14 4.620366999999999688e-14 4.620652999999999946e-14 4.621137999999999716e-14 4.621949000000000115e-14 4.623313999999999852e-14 4.625571999999999740e-14 4.629244999999999830e-14 4.635000999999999760e-14 4.643370000000000035e-14 4.653556999999999898e-14 4.664905000000000255e-14 4.773347000000000214e-14 3.682477000000000062e-14 -3.500484999999999751e-17 -9.060250000000000766e-18 -5.618512999999999618e-18 2.840955000000000149e-18 4.728983000000000046e-19 -2.837370000000000218e-19 8.049275000000000066e-20 3.520998000000000287e-20 8.708147000000000148e-21 -1.094710999999999970e-20 -5.437084999999999610e-20 -1.125199000000000094e-19 -3.534054999999999951e-19 -1.018879999999999966e-18 -2.980996000000000188e-18 -8.716107000000000609e-18 -2.490029999999999992e-17 -3.336241999999999692e-17 -9.764937999999999246e-16 -2.795906000000000037e-15
3.540283999999999922e-14 3.540335000000000207e-14 3.541068999999999954e-14 3.541363000000000033e-14 3.541314999999999840e-14 3.541380999999999948e-14 3.541531000000000078e-14 3.541766999999999872e-14 3.542172000000000161e-14 3.542859999999999986e-14 3.544027000000000031e-14 3.545996000000000201e-14 3.549317999999999745e-14 3.554883999999999805e-14 3.564121000000000313e-14 3.579180000000000229e-14 3.602907000000000230e-14 3.637662000000000141e-14 3.682477000000000062e-14 3.723975000000000169e-14 -3.443064999999999944e-17 -8.164863999999999451e-18 -5.690040000000000270e-18 2.835814999999999959e-18 4.702534999999999876e-19 -2.925668000000000081e-19 6.859712000000000578e-20 2.161054000000000010e-20 -2.112981999999999917e-21 4.390745999999999828e-21 -1.237599999999999937e-20 -6.607293999999999445e-20 -1.593596000000000064e-19 -4.706110000000000452e-19 -1.352295999999999949e-18 -3.922205999999999974e-18 -1.149267999999999946e-17 -3.425737000000000001e-17 -8.417019999999999606e-17 -1.102690999999999995e-15
-5.635217999999999660e-15 -3.647037999999999961e-16 -5.637274000000000407e-17 -3.357481999999999743e-17 -2.732174999999999870e-17 -3.041111000000000119e-17 -3.468463000000000185e-17 -3.514967999999999769e-17 -3.589696999999999859e-17 -3.617044999999999692e-17 -3.615122000000000168e-17 -3.608557999999999900e-17 -3.606523000000000204e-17 -3.605764999999999857e-17 -3.599358000000000288e-17 -3.590442000000000081e-17 -3.573474000000000034e-17 -3.545094999999999701e-17 -3.500484999999999751e-17 -3.443064999999999944e-17 3.244303999999999703e-11 9.673934999999999688e-15 3.565763000000000035e-15 1.223027000000000023e-15 4.075019000000000179e-16 1.305424999999999908e-16 3.913242000000000243e-17 1.189758999999999926e-17 3.327827999999999931e-18 8.225614999999999776e-19 2.099348000000000084e-19 9.123678999999999499e-20 4.360197999999999835e-20 -1.774118999999999877e-21 -2.849409000000000111e-21 -7.944189999999999377e-21 -2.800128000000000065e-22 2.324171999999999910e-22 -1.890587000000000041e-20 -9.782472000000000038e-20
-1.293393000000000071e-14 -5.783382999999999968e-15 -2.417282999999999959e-16 -1.769621999999999858e-18 1.352221999999999984e-17 2.965527000000000044e-18 -5.165749999999999649e-18 -8.580672000000000682e-18 -1.004806000000000075e-17 -1.051410000000000016e-17 -1.067128000000000012e-17 -1.066231000000000039e-17 -1.060698999999999936e-17 -1.058419999999999950e-17 -1.048473000000000014e-17 -1.031326999999999967e-17 -1.005163000000000049e-17 -9.654702000000000506e-18 -9.060250000000000766e-18 -8.164863999999999451e-18 9.673934999999999688e-15 1.910711000000000137e-11 9.971232999999999574e-15 3.543285000000000146e-15 1.182645999999999930e-15 3.766536000000000093e-16 1.147609000000000008e-16 3.378333000000000187e-17 9.581808000000000067e-18 2.658075000000000010e-18 7.080796999999999640e-19 2.038065000000000054e-19 9.284658999999999681e-20 1.549059999999999863e-20 -4.496345999999999740e-21 -8.258250000000000371e-21 -1.543002999999999890e-20 -3.001238999999999752e-20 -5.604202999999999933e-20 -9.093990999999999636e-20
-1.399841999999999920e-15 -1.366240000000000049e-14 -5.855699000000000254e-15 -9.813195999999999625e-17 5.692867999999999867e-17 3.349665999999999938e-17 1.148886999999999979e-17 6.654993999999999681e-19 -3.409487000000000030e-18 -4.794655000000000007e-18 -5.209193000000000320e-18 -5.378833999999999801e-18 -5.358836999999999984e-18 -5.406710999999999919e-18 -5.455297999999999982e-18 -5.464376000000000143e-18 -5.498262000000000303e-18 -5.549027999999999714e-18 -5.618512999999999618e-18 -5.690040000000000270e-18 3.565763000000000035e-15 9.971232999999999574e-15 1.125632000000000025e-11 1.008040000000000027e-14 3.442424999999999923e-15 1.099558000000000028e-15 3.352247999999999760e-16 9.811502999999999984e-17 2.781168000000000176e-17 7.713815999999999631e-18 2.140749999999999953e-18 5.644341999999999798e-19 2.040860999999999885e-19 6.209486999999999768e-20 -4.880246000000000339e-21 2.916245999999999793e-22 2.561273999999999912e-21 8.855432000000000648e-21 1.635204000000000019e-20 2.989243999999999802e-20
1.496368000000000021e-14 -1.865180000000000067e-15 -1.420767999999999976e-14 -5.755784999999999712e-15 8.196304999999999775e-17 1.172630000000000084e-16 5.381253000000000004e-17 2.125402999999999876e-17 8.800582000000000308e-18 4.589331000000000190e-18 3.310271999999999822e-18 2.960647999999999933e-18 2.875878000000000191e-18 2.880592999999999861e-18 2.817756999999999943e-18 2.825193000000000140e-18 2.837968000000000059e-18 2.844045000000000030e-18 2.840955000000000149e-18 2.835814999999999959e-18 1.223027000000000023e-15 3.543285000000000146e-15 1.008040000000000027e-14 6.634513999999999653e-12 9.956102000000000631e-15 3.239181999999999945e-15 9.866553000000000011e-16 2.876990000000000035e-16 8.119945000000000592e-17 2.238552999999999924e-17 6.101326999999999952e-18 1.681943999999999977e-18 4.794181999999999617e-19 1.778594000000000104e-19 2.459830999999999852e-20 1.019491000000000062e-21 4.482290999999999735e-21 7.202674000000000640e-21 2.190620999999999854e-21 -2.210691999999999819e-21
2.744461000000000086e-14 1.436191000000000148e-14 -2.298628999999999826e-15 -1.449539000000000143e-14 -5.494506000000000145e-15 2.760736999999999919e-16 1.580623000000000036e-16 5.740173000000000248e-17 1.849843000000000088e-17 5.703486999999999918e-18 1.893350000000000021e-18 8.409158000000000187e-19 5.187353999999999569e-19 5.055727000000000292e-19 4.657177000000000399e-19 4.405789000000000061e-19 4.696766999999999662e-19 4.780506000000000060e-19 4.728983000000000046e-19 4.702534999999999876e-19 4.075019000000000179e-16 1.182645999999999930e-15 3.442424999999999923e-15 9.956102000000000631e-15 3.913416000000000215e-12 9.579434999999999435e-15 2.944758000000000114e-15 8.531184000000000380e-16 2.388189000000000042e-16 6.543285000000000231e-17 1.779057999999999890e-17 4.885971999999999842e-18 1.341174000000000017e-18 4.245455999999999968e-19 1.254233000000000008e-19 1.393165000000000059e-20 1.472258000000000095e-20 1.379546999999999896e-20 4.323412999999999632e-21 -1.904360999999999867e-21
3.445694000000000095e-14 2.601398000000000072e-14 1.345120000000000053e-14 -2.644628999999999926e-15 -1.443600999999999848e-14 -5.057149999999999749e-15 4.667135999999999877e-16 1.843697999999999879e-16 5.657141000000000519e-17 1.581274000000000111e-17 3.988190999999999859e-18 7.827177999999999991e-19 -1.339205999999999965e-20 -2.594519000000000011e-19 -2.639963000000000164e-19 -3.164048000000000137e-19 -2.898849000000000186e-19 -2.750185000000000015e-19 -2.837370000000000218e-19 -2.925668000000000081e-19 1.305424999999999908e-16 3.766536000000000093e-16 1.099558000000000028e-15 3.239181999999999945e-15 9.579434999999999435e-15 2.311072000000000111e-12 8.950506999999999325e-15 2.583808999999999857e-15 7.131934000000000372e-16 1.931087999999999905e-16 5.202147999999999754e-17 1.417111999999999952e-17 3.996511999999999801e-18 1.139647999999999954e-18 3.775452000000000089e-19 9.046215999999999904e-20 3.687065000000000269e-20 2.717945999999999882e-20 1.077104999999999992e-20 -6.000225999999999903e-22
3.681484000000000245e-14 3.187744999999999737e-14 2.403166000000000049e-14 1.230098000000000055e-14 -2.848933999999999999e-15 -1.399727999999999934e-14 -4.474474000000000376e-15 6.236548999999999925e-16 1.922636000000000098e-16 5.172493999999999711e-17 1.330674000000000073e-17 3.310842999999999940e-18 8.070420000000000272e-19 2.401312999999999993e-19 1.041870999999999996e-19 6.894300999999999633e-20 4.750645999999999810e-20 8.448616999999999558e-20 8.049275000000000066e-20 6.859712000000000578e-20 3.913242000000000243e-17 1.147609000000000008e-16 3.352247999999999760e-16 9.866553000000000011e-16 2.944758000000000114e-15 8.950506999999999325e-15 1.367161999999999946e-12 8.108182000000000375e-15 2.191807000000000158e-15 5.800512000000000093e-16 1.537768999999999972e-16 4.145212000000000096e-17 1.153884999999999927e-17 3.394499999999999926e-18 1.053531999999999996e-18 3.434458000000000091e-19 9.617724999999999990e-20 5.611769000000000028e-20 2.566886999999999887e-20 3.088399999999999863e-21
3.586528999999999868e-14 3.315701000000000272e-14 2.871548000000000251e-14 2.163624999999999969e-14 1.099336999999999980e-14 -2.884667000000000140e-15 -1.319258999999999927e-14 -3.803284999999999638e-15 7.226896999999999703e-16 1.814813000000000051e-16 4.328803999999999850e-17 1.013400999999999990e-17 2.286216999999999997e-18 4.889487000000000243e-19 9.646728000000000355e-20 5.578049999999999710e-20 6.697606999999999966e-21 2.388597000000000076e-20 3.520998000000000287e-20 2.161054000000000010e-20 1.189758999999999926e-17 3.378333000000000187e-17 9.811502999999999984e-17 2.876990000000000035e-16 8.531184000000000380e-16 2.583808999999999857e-15 8.108182000000000375e-15 8.107426000000000234e-13 7.122833999999999889e-15 1.805948999999999874e-15 4.636848999999999785e-16 1.225033999999999979e-16 3.372501000000000017e-17 9.805620000000000676e-18 3.033729999999999880e-18 1.026867999999999927e-18 3.364918999999999779e-19 1.277669000000000061e-19 6.033811999999999689e-20 1.642811000000000128e-20
3.288141999999999779e-14 3.146405000000000213e-14 2.910144000000000297e-14 2.521939999999999955e-14 1.901153000000000149e-14 9.623370000000000019e-15 -2.753405999999999840e-15 -1.208152999999999972e-14 -3.110769999999999862e-15 7.547707000000000078e-16 1.575447999999999908e-16 3.360712999999999814e-17 7.132479000000000611e-18 1.434845000000000048e-18 2.489615000000000022e-19 2.410413999999999843e-21 5.665388000000000025e-21 -1.876050999999999994e-20 8.708147000000000148e-21 -2.112981999999999917e-21 3.327827999999999931e-18 9.581808000000000067e-18 2.781168000000000176e-17 8.119945000000000592e-17 2.388189000000000042e-16 7.131934000000000372e-16 2.191807000000000158e-15 7.122833999999999889e-15 4.823718999999999795e-13 6.081853000000000260e-15 1.457303000000000086e-15 3.695426000000000107e-16 9.943659000000000470e-17 2.857633999999999997e-17 8.809773999999999512e-18 2.881358999999999923e-18 1.029107000000000028e-18 3.587454000000000190e-19 1.524361000000000072e-19 5.536853999999999857e-20
2.889783000000000123e-14 2.818159999999999866e-14 2.697715999999999915e-14 2.496737000000000007e-14 2.165922000000000093e-14 1.635244999999999852e-14 8.279753000000000732e-15 -2.486263000000000145e-15 -1.076033000000000026e-14 -2.460272000000000074e-15 7.242784999999999814e-16 1.268374000000000058e-16 2.418620999999999974e-17 4.583235999999999761e-18 7.675031999999999969e-19 7.762784000000000316e-20 -3.639035999999999760e-20 -2.619243999999999857e-20 -1.094710999999999970e-20 4.390745999999999828e-21 8.225614999999999776e-19 2.658075000000000010e-18 7.713815999999999631e-18 2.238552999999999924e-17 6.543285000000000231e-17 1.931087999999999905e-16 5.800512000000000093e-16 1.805948999999999874e-15 6.081853000000000260e-15 2.882542000000000098e-13 5.070928999999999928e-15 1.165797000000000078e-15 2.989239000000000215e-16 8.387148999999999806e-17 2.556319999999999969e-17 8.383493999999999959e-18 2.904879000000000087e-18 1.059528000000000029e-18 3.978358000000000043e-19 1.611246000000000120e-19
2.467396999999999889e-14 2.432058999999999866e-14 2.372386999999999949e-14 2.271998999999999864e-14 2.104351999999999844e-14 1.827988000000000152e-14 1.383443000000000025e-14 7.036325999999999628e-15 -2.131158000000000067e-15 -9.342335000000000374e-15 -1.899113000000000060e-15 6.459474000000000485e-16 9.484254000000000255e-17 1.591372999999999952e-17 2.517562999999999952e-18 2.358989999999999898e-19 -7.965669999999999683e-20 -6.828955000000000470e-20 -5.437084999999999610e-20 -1.237599999999999937e-20 2.099348000000000084e-19 7.080796999999999640e-19 2.140749999999999953e-18 6.101326999999999952e-18 1.779057999999999890e-17 5.202147999999999754e-17 1.537768999999999972e-16 4.636848999999999785e-16 1.457303000000000086e-15 5.070928999999999928e-15 1.732304999999999958e-13 4.159135000000000085e-15 9.394786000000000879e-16 2.502356999999999850e-16 7.460160000000000215e-17 2.423772999999999930e-17 8.407577999999999807e-18 3.057943999999999819e-18 1.129029000000000019e-18 4.391109000000000306e-19
2.071389000000000101e-14 2.054199999999999971e-14 2.025092999999999871e-14 1.975924000000000038e-14 1.893193000000000075e-14 1.754946999999999918e-14 1.526818999999999853e-14 1.159141999999999933e-14 5.946110999999999720e-15 -1.739034000000000048e-15 -7.937014999999999856e-15 -1.453399000000000092e-15 5.388828999999999631e-16 6.538010999999999438e-17 9.134598000000000118e-18 8.750056000000000058e-19 -2.212476000000000233e-19 -2.167455000000000035e-19 -1.125199000000000094e-19 -6.607293999999999445e-20 9.123678999999999499e-20 2.038065000000000054e-19 5.644341999999999798e-19 1.681943999999999977e-18 4.885971999999999842e-18 1.417111999999999952e-17 4.145212000000000096e-17 1.225033999999999979e-16 3.695426000000000107e-16 1.165797000000000078e-15 4.159135000000000085e-15 1.048699999999999989e-13 3.390875000000000101e-15 7.770185000000000259e-16 2.202908000000000050e-16 7.033043999999999568e-17 2.424794000000000072e-17 8.795937999999999487e-18 3.297021999999999912e-18 1.236559000000000016e-18
1.730942000000000113e-14 1.722591999999999889e-14 1.708440000000000127e-14 1.684473000000000107e-14 1.643972000000000043e-14 1.575830999999999869e-14 1.461937999999999973e-14 1.273927000000000003e-14 9.706549999999999923e-15 5.040221000000000298e-15 -1.353050999999999984e-15 -6.634320000000000092e-15 -1.129066999999999972e-15 4.212206999999999915e-16 4.038837999999999740e-17 3.704955000000000328e-18 -5.271948999999999811e-19 -6.165361000000000308e-19 -3.534054999999999951e-19 -1.593596000000000064e-19 4.360197999999999835e-20 9.284658999999999681e-20 2.040860999999999885e-19 4.794181999999999617e-19 1.341174000000000017e-18 3.996511999999999801e-18 1.153884999999999927e-17 3.372501000000000017e-17 9.943659000000000470e-17 2.989239000000000215e-16 9.394786000000000879e-16 3.390875000000000101e-15 6.410265000000000202e-14 2.785327999999999809e-15 6.712577999999999874e-16 2.054214999999999943e-16 6.999871999999999973e-17 2.532683000000000069e-17 9.464428000000000466e-18 3.594639999999999849e-18
1.459082999999999969e-14 1.454974999999999942e-14 1.448006999999999865e-14 1.436200999999999925e-14 1.416210000000000031e-14 1.382429000000000045e-14 1.325603999999999994e-14 1.230657000000000071e-14 1.073991000000000061e-14 8.214334999999999400e-15 4.329906000000000114e-15 -1.002888999999999995e-15 -5.496345000000000371e-15 -9.171673999999999473e-16 3.067929000000000217e-16 1.999138000000000032e-17 -8.476707999999999685e-19 -1.757369000000000097e-18 -1.018879999999999966e-18 -4.706110000000000452e-19 -1.774118999999999877e-21 1.549059999999999863e-20 6.209486999999999768e-20 1.778594000000000104e-19 4.245455999999999968e-19 1.139647999999999954e-18 3.394499999999999926e-18 9.805620000000000676e-18 2.857633999999999997e-17 8.387148999999999806e-17 2.502356999999999850e-16 7.770185000000000259e-16 2.785327999999999809e-15 3.970665999999999744e-14 2.341219999999999811e-15 6.124873000000000119e-16 2.024703999999999915e-16 7.281285999999999668e-17 2.721583000000000042e-17 1.033430000000000055e-17
1.257687000000000038e-14 1.255615999999999930e-14 1.252098000000000018e-14 1.246126999999999985e-14 1.236008000000000027e-14 1.218883000000000049e-14 1.189959999999999954e-14 1.141316999999999924e-14 1.060115999999999968e-14 9.263057000000000035e-15 7.110626000000000066e-15 3.810868999999999723e-15 -7.041946999999999527e-16 -4.556390999999999692e-15 -8.007568999999999858e-16 2.033792000000000094e-16 3.156676999999999986e-18 -4.847679999999999769e-18 -2.980996000000000188e-18 -1.352295999999999949e-18 -2.849409000000000111e-21 -4.496345999999999740e-21 -4.880246000000000339e-21 2.459830999999999852e-20 1.254233000000000008e-19 3.775452000000000089e-19 1.053531999999999996e-18 3.033729999999999880e-18 8.809773999999999512e-18 2.556319999999999969e-17 7.460160000000000215e-17 2.202908000000000050e-16 6.712577999999999874e-16 2.341219999999999811e-15 2.506798000000000152e-14 2.043937999999999806e-15 5.914047000000000468e-16 2.089769999999999936e-16 7.802896999999999596e-17 2.970007000000000038e-17
1.121955000000000065e-14 1.120869999999999930e-14 1.119026999999999951e-14 1.115897000000000075e-14 1.110580999999999971e-14 1.101568999999999974e-14 1.086321000000000007e-14 1.060588000000000028e-14 1.017334000000000055e-14 9.452198000000000400e-15 8.266282999999999352e-15 6.365344000000000275e-15 3.468102000000000123e-15 -4.619048999999999772e-16 -3.824429999999999708e-15 -7.616624999999999791e-16 1.133842999999999953e-16 -1.138936999999999966e-17 -8.716107000000000609e-18 -3.922205999999999974e-18 -7.944189999999999377e-21 -8.258250000000000371e-21 2.916245999999999793e-22 1.019491000000000062e-21 1.393165000000000059e-20 9.046215999999999904e-20 3.434458000000000091e-19 1.026867999999999927e-18 2.881358999999999923e-18 8.383493999999999959e-18 2.423772999999999930e-17 7.033043999999999568e-17 2.054214999999999943e-16 6.124873000000000119e-16 2.043937999999999806e-15 1.627858000000000113e-14 1.873018999999999996e-15 6.001676999999999685e-16 2.227767999999999777e-16 8.505825000000000267e-17
1.043804000000000030e-14 1.043207000000000072e-14 1.042194000000000069e-14 1.040474000000000033e-14 1.037553000000000079e-14 1.032598999999999959e-14 1.024197999999999924e-14 1.009982999999999988e-14 9.860098999999999611e-15 9.457493000000000026e-15 8.787186999999999661e-15 7.687653999999999470e-15 5.932785000000000024e-15 3.278343000000000189e-15 -2.763165999999999923e-16 -3.295280999999999992e-15 -7.845389000000000248e-16 3.541098000000000107e-17 -2.490029999999999992e-17 -1.149267999999999946e-17 -2.800128000000000065e-22 -1.543002999999999890e-20 2.561273999999999912e-21 4.482290999999999735e-21 1.472258000000000095e-20 3.687065000000000269e-20 9.617724999999999990e-20 3.364918999999999779e-19 1.029107000000000028e-18 2.904879000000000087e-18 8.407577999999999807e-18 2.424794000000000072e-17 6.999871999999999973e-17 2.024703999999999915e-16 5.914047000000000468e-16 1.873018999999999996e-15 1.102141000000000015e-14 1.806890999999999880e-15 6.321645999999999619e-16 2.421596999999999796e-16
1.013558000000000051e-14 1.013213999999999980e-14 1.012630000000000048e-14 1.011638000000000051e-14 1.009954999999999980e-14 1.007098999999999998e-14 1.002258000000000045e-14 9.940522000000000484e-15 9.801705000000000579e-15 9.567633000000000668e-15 9.174958000000000652e-15 8.522092999999999854e-15 7.453927000000000554e-15 5.756759000000000267e-15 3.210335000000000130e-15 -1.492601999999999971e-16 -2.957151999999999975e-15 -8.591549999999999555e-16 -3.336241999999999692e-17 -3.425737000000000001e-17 2.324171999999999910e-22 -3.001238999999999752e-20 8.855432000000000648e-21 7.202674000000000640e-21 1.379546999999999896e-20 2.717945999999999882e-20 5.611769000000000028e-20 1.277669000000000061e-19 3.587454000000000190e-19 1.059528000000000029e-18 3.057943999999999819e-18 8.795937999999999487e-18 2.532683000000000069e-17 7.281285999999999668e-17 2.089769999999999936e-16 6.001676999999999685e-16 1.806890999999999880e-15 7.916175000000000093e-15 1.825310000000000072e-15 6.819976999999999591e-16
1.020079999999999962e-14 1.019872999999999997e-14 1.019524000000000038e-14 1.018929000000000035e-14 1.017919999999999943e-14 1.016207000000000067e-14 1.013300999999999936e-14 1.008374999999999982e-14 1.000029999999999962e-14 9.859179999999999408e-15 9.621257000000000216e-15 9.222466000000000082e-15 8.560266999999999516e-15 7.479267999999999322e-15 5.768603000000000150e-15 3.221066000000000027e-15 -9.094182999999999552e-17 -2.798522999999999819e-15 -9.764937999999999246e-16 -8.417019999999999606e-17 -1.890587000000000041e-20 -5.604202999999999933e-20 1.635204000000000019e-20 2.190620999999999854e-21 4.323412999999999632e-21 1.077104999999999992e-20 2.566886999999999887e-20 6.033811999999999689e-20 1.524361000000000072e-19 3.978358000000000043e-19 1.129029000000000019e-18 3.297021999999999912e-18 9.464428000000000466e-18 2.721583000000000042e-17 7.802896999999999596e-17 2.227767999999999777e-16 6.321645999999999619e-16 1.825310000000000072e-15 6.135708000000000028e-15 1.909398000000000187e-15
1.049259000000000037e-14 1.049128999999999934e-14 1.048915999999999944e-14 1.048551000000000026e-14 1.047929999999999971e-14 1.046874999999999957e-14 1.045083999999999924e-14 1.042045000000000074e-14 1.036891999999999968e-14 1.028166000000000070e-14 1.013411999999999989e-14 9.885466999999999829e-15 9.468916000000000764e-15 8.777963000000000598e-15 7.652079000000000465e-15 5.876404999999999688e-15 3.249281999999999853e-15 -1.194146000000000117e-16 -2.795906000000000037e-15 -1.102690999999999995e-15 -9.782472000000000038e-20 -9.093990999999999636e-20 2.989243999999999802e-20 -2.210691999999999819e-21 -1.904360999999999867e-21 -6.000225999999999903e-22 3.088399999999999863e-21 1.642811000000000128e-20 5.536853999999999857e-20 1.611246000000000120e-19 4.391109000000000306e-19 1.236559000000000016e-18 3.594639999999999849e-18 1.033430000000000055e-17 2.970007000000000038e-17 8.505825000000000267e-17 2.421596999999999796e-16 6.819976999999999591e-16 1.909398000000000187e-15 5.172754000000000355e-15
