7.953293300000000219e-11 4.684465199999999381e-12 4.057596100000000169e-12 3.458129299999999927e-12 2.903646100000000224e-12 2.406420000000000161e-12 1.973289599999999735e-12 1.609036599999999833e-12 1.310323500000000016e-12 1.071924999999999999e-12 8.853057000000000331e-13 7.375332999999999750e-13 6.218826000000000587e-13 5.241352999999999386e-13 4.432190000000000323e-13 3.691665999999999872e-13 3.034766999999999987e-13 2.425297999999999628e-13 1.874243500000000101e-13 1.388724499999999936e-13 4.142962600000000036e-13 4.163626999999999986e-13 4.648424260000000216e-13 5.194176699999999496e-13 5.585715400000000124e-13 5.762900200000000329e-13 5.718089200000000066e-13 5.493910800000000021e-13 5.095851699999999508e-13 4.595222099999999882e-13 4.011679199999999666e-13 3.410571499999999833e-13 2.833302800000000156e-13 2.303329699999999969e-13 1.869973699999999922e-13 1.504120200000000021e-13 1.238866300000000036e-13 1.031991200000000115e-13 8.874123999999998730e-14 7.806531999999999901e-14
4.684465199999999381e-12 4.790507600000000020e-11 3.672499399999999606e-12 3.136356400000000120e-12 2.638704099999999999e-12 2.191889100000000150e-12 1.802227199999999884e-12 1.473829599999999963e-12 1.203846100000000137e-12 9.877618999999999091e-13 8.180827999999999844e-13 6.835167999999999699e-13 5.778878000000000168e-13 4.886048000000000023e-13 4.144339999999999686e-13 3.464045999999999980e-13 2.857803999999999987e-13 2.292230999999999788e-13 1.778149700000000030e-13 1.322155300000000006e-13 3.663106884999999927e-13 3.702762600000000054e-13 3.722720500000000101e-13 4.146204090000000002e-13 4.614103100000000072e-13 4.902538000000000289e-13 4.961496000000000329e-13 4.826704999999999879e-13 4.513863800000000289e-13 4.093492600000000248e-13 3.589656899999999901e-13 3.063217999999999802e-13 2.552691400000000102e-13 2.081291000000000032e-13 1.693342900000000192e-13 1.364964999999999980e-13 1.126442899999999977e-13 9.403812999999999201e-14 8.112335000000000188e-14 7.163176999999999054e-14
4.057596100000000169e-12 3.672499399999999606e-12 2.900375400000000219e-11 2.825939400000000030e-12 2.382274699999999993e-12 1.983204800000000217e-12 1.635185800000000022e-12 1.341538599999999956e-12 1.099660900000000097e-12 9.055308999999999942e-13 7.525555000000000037e-13 6.309783999999999885e-13 5.351698999999999732e-13 4.541311999999999906e-13 3.864936000000000102e-13 3.242911000000000034e-13 2.685508000000000092e-13 2.162367300000000162e-13 1.684044999999999919e-13 1.256713099999999875e-13 3.105190283000000126e-13 3.239947945999999794e-13 3.283548799999999892e-13 3.233086099999999980e-13 3.593783499999999860e-13 3.978375100000000057e-13 4.164525200000000084e-13 4.141556300000000161e-13 3.927416599999999795e-13 3.593587599999999663e-13 3.171407200000000215e-13 2.719688499999999938e-13 2.275448099999999875e-13 1.862086100000000066e-13 1.519269299999999745e-13 1.228214500000000047e-13 1.016298000000000028e-13 8.509945999999999462e-14 7.371144999999999991e-14 6.538843000000000454e-14
3.458129299999999927e-12 3.136356400000000120e-12 2.825939400000000030e-12 1.765329600000000124e-11 2.138080600000000057e-12 1.783076999999999996e-12 1.473835199999999964e-12 1.213183800000000059e-12 9.984210000000000731e-13 8.256733000000000417e-13 6.890487999999999911e-13 5.801790999999999426e-13 4.939450999999999286e-13 4.208907999999999942e-13 3.595402999999999720e-13 3.029336000000000109e-13 2.518641099999999786e-13 2.036196199999999874e-13 1.592187000000000090e-13 1.192476399999999925e-13 2.578852466500000146e-13 2.696537510880000008e-13 2.837834965999999861e-13 2.827759400000000319e-13 2.712139600000000065e-13 3.009626269999999998e-13 3.310404800000000358e-13 3.422696300000000435e-13 3.327588600000000162e-13 3.091758799999999858e-13 2.756034499999999791e-13 2.380340500000000120e-13 2.002294000000000031e-13 1.646448400000000053e-13 1.348405399999999876e-13 1.094411199999999990e-13 9.089094999999999754e-14 7.642591999999999844e-14 6.654391000000000256e-14 5.937051999999999823e-14
2.903646100000000224e-12 2.638704099999999999e-12 2.382274699999999993e-12 2.138080600000000057e-12 1.080955400000000041e-11 1.599502700000000145e-12 1.323774999999999981e-12 1.092634199999999961e-12 9.028867999999999732e-13 7.502195000000000225e-13 6.291277000000000517e-13 5.323636000000000238e-13 4.552280999999999836e-13 3.897124999999999916e-13 3.342544999999999870e-13 2.828749999999999937e-13 2.361461900000000003e-13 1.916936800000000080e-13 1.504895700000000122e-13 1.131045800000000011e-13 2.103610116400000002e-13 2.200912420800000028e-13 2.320556229999999843e-13 2.419216202000000232e-13 2.362890099999999595e-13 2.189889799999999654e-13 2.426209120000000177e-13 2.664663700000000094e-13 2.709824600000000089e-13 2.588793700000000034e-13 2.347775399999999989e-13 2.050576600000000039e-13 1.738452200000000138e-13 1.438876800000000197e-13 1.184467799999999892e-13 9.665203999999999586e-14 8.067071999999999515e-14 6.821777999999999440e-14 5.978980000000000137e-14 5.372376000000000190e-14
2.406420000000000161e-12 2.191889100000000150e-12 1.983204800000000217e-12 1.783076999999999996e-12 1.599502700000000145e-12 6.668621399999999509e-12 1.191852699999999959e-12 9.841514000000000024e-13 8.157972000000000168e-13 6.810476999999999961e-13 5.741864000000000423e-13 4.886071000000000174e-13 4.198829999999999386e-13 3.613010000000000071e-13 3.112168999999999883e-13 2.645828100000000060e-13 2.217679800000000084e-13 1.807431800000000033e-13 1.424275700000000007e-13 1.073933500000000000e-13 1.690066460900000066e-13 1.768569451909999910e-13 1.865382824799999996e-13 1.947450653000000176e-13 2.008310171999999946e-13 1.912495400000000000e-13 1.693586899999999933e-13 1.888590429999999918e-13 2.066605700000000109e-13 2.079021000000000033e-13 1.946014600000000136e-13 1.732681900000000132e-13 1.487269800000000019e-13 1.242720199999999994e-13 1.030396399999999973e-13 8.469555999999999924e-14 7.116909000000000093e-14 6.064002000000000357e-14 5.358903999999999801e-14 4.856889999999999765e-14
1.973289599999999735e-12 1.802227199999999884e-12 1.635185800000000022e-12 1.473835199999999964e-12 1.323774999999999981e-12 1.191852699999999959e-12 4.155724799999999931e-12 8.934504000000000236e-13 7.400217999999999396e-13 6.197979000000000444e-13 5.252885999999999757e-13 4.496399999999999905e-13 3.884626999999999862e-13 3.361003999999999802e-13 2.907943100000000100e-13 2.483590400000000355e-13 2.089783499999999907e-13 1.709660400000000087e-13 1.351859000000000086e-13 1.022284499999999985e-13 1.341512186999999871e-13 1.403628217699999962e-13 1.480176850699999987e-13 1.544940641000000033e-13 1.593297781000000127e-13 1.620372590000000042e-13 1.496027599999999965e-13 1.256400299999999899e-13 1.410500419999999947e-13 1.552587599999999827e-13 1.543637000000000009e-13 1.424139000000000007e-13 1.249099999999999948e-13 1.059456700000000025e-13 8.878482999999999005e-14 7.371994999999999679e-14 6.251057999999999979e-14 5.379243999999999970e-14 4.802509999999999698e-14 4.397673999999999917e-14
1.609036599999999833e-12 1.473829599999999963e-12 1.341538599999999956e-12 1.213183800000000059e-12 1.092634199999999961e-12 9.841514000000000024e-13 8.934504000000000236e-13 2.628717999999999786e-12 6.805882999999999587e-13 5.686602000000000370e-13 4.835978000000000217e-13 4.161577000000000009e-13 3.614680999999999873e-13 3.144928199999999778e-13 2.732979700000000062e-13 2.344629099999999861e-13 1.979947499999999879e-13 1.625396300000000107e-13 1.289054400000000162e-13 9.771671999999999643e-14 1.059909692300000020e-13 1.108377258099999891e-13 1.167973947619999963e-13 1.218098932400000134e-13 1.254777347000000061e-13 1.273502784999999796e-13 1.272765390000000124e-13 1.137420100000000072e-13 8.858277999999999143e-14 1.019238450000000046e-13 1.131541199999999928e-13 1.118417899999999994e-13 1.021598500000000052e-13 8.888947999999999304e-14 7.575291999999999717e-14 6.381972999999999781e-14 5.478467999999999785e-14 4.775019000000000214e-14 4.316159999999999832e-14 4.000119000000000027e-14
1.310323500000000016e-12 1.203846100000000137e-12 1.099660900000000097e-12 9.984210000000000731e-13 9.028867999999999732e-13 8.157972000000000168e-13 7.400217999999999396e-13 6.805882999999999587e-13 1.698213299999999977e-12 5.312459000000000396e-13 4.499535000000000173e-13 3.883112000000000246e-13 3.388791099999999870e-13 2.963974800000000288e-13 2.586532800000000290e-13 2.228478900000000185e-13 1.888007499999999920e-13 1.554706500000000147e-13 1.236097899999999902e-13 9.388817999999999122e-14 8.375094563999999669e-14 8.751355905000000536e-14 9.211999168699998993e-14 9.595250935000000806e-14 9.867587612000000619e-14 9.989016420000000600e-14 9.923668650000000192e-14 9.749729799999999529e-14 8.359437299999998918e-14 5.971912000000000393e-14 7.104866999999999729e-14 8.035242999999999763e-14 7.962670999999999656e-14 7.262146999999999792e-14 6.369983000000000152e-14 5.486788000000000046e-14 4.791458000000000322e-14 4.245759000000000130e-14 3.895422999999999637e-14 3.660416999999999699e-14
1.071924999999999999e-12 9.877618999999999091e-13 9.055308999999999942e-13 8.256733000000000417e-13 7.502195000000000225e-13 6.810476999999999961e-13 6.197979000000000444e-13 5.686602000000000370e-13 5.312459000000000396e-13 1.129758499999999967e-12 4.272108000000000117e-13 3.665424000000000437e-13 3.206666999999999992e-13 2.816513200000000314e-13 2.467079499999999939e-13 2.133977300000000219e-13 1.813220599999999864e-13 1.497197499999999993e-13 1.192871799999999923e-13 9.074792999999999862e-14 6.659559944000001120e-14 6.953072864000000270e-14 7.309783032999999048e-14 7.601642971000000138e-14 7.800590373999999627e-14 7.875615724000000108e-14 7.792993970000000986e-14 7.581610080000000686e-14 7.282344399999999760e-14 6.004162500000000620e-14 3.783283000000000304e-14 4.794203300000000197e-14 5.626620999999999729e-14 5.635904999999999980e-14 5.218244000000000075e-14 4.660706000000000204e-14 4.174067999999999810e-14 3.780654999999999505e-14 3.532263999999999922e-14 3.372179000000000004e-14
8.853057000000000331e-13 8.180827999999999844e-13 7.525555000000000037e-13 6.890487999999999911e-13 6.291277000000000517e-13 5.741864000000000423e-13 5.252885999999999757e-13 4.835978000000000217e-13 4.499535000000000173e-13 4.272108000000000117e-13 7.798022899999999985e-13 3.530484900000000019e-13 3.068359099999999747e-13 2.699440499999999740e-13 2.371616900000000074e-13 2.058585600000000000e-13 1.753693900000000103e-13 1.451571100000000124e-13 1.158569000000000008e-13 8.825039600000000705e-14 5.355932245000000149e-14 5.587975414000000091e-14 5.867470632999999439e-14 6.091987779100000328e-14 6.238056878699999520e-14 6.282073409899999689e-14 6.195197389000000006e-14 5.993677847999999441e-14 5.660585769999999604e-14 5.326985499999999754e-14 4.181684699999999845e-14 2.250076000000000395e-14 3.175818100000000107e-14 3.908335199999999839e-14 4.046466000000000542e-14 3.855408000000000110e-14 3.595433000000000377e-14 3.358897000000000117e-14 3.211610000000000136e-14 3.123862900000000189e-14
7.375332999999999750e-13 6.835167999999999699e-13 6.309783999999999885e-13 5.801790999999999426e-13 5.323636000000000238e-13 4.886071000000000174e-13 4.496399999999999905e-13 4.161577000000000009e-13 3.883112000000000246e-13 3.665424000000000437e-13 3.530484900000000019e-13 5.608623700000000102e-13 2.985711799999999734e-13 2.608445799999999855e-13 2.295049900000000043e-13 1.997847199999999913e-13 1.706013900000000149e-13 1.415403100000000030e-13 1.131594000000000015e-13 8.629583400000000115e-14 4.326292984000000585e-14 4.512252368999999955e-14 4.734219431000000105e-14 4.910042017300000528e-14 5.019581788600000546e-14 5.044192283400000453e-14 4.959653472600000392e-14 4.778981510000000245e-14 4.483658990999999836e-14 4.130519070000000083e-14 3.799327600000000107e-14 2.848963600000000270e-14 1.210571000000000083e-14 2.038540100000000010e-14 2.756844599999999848e-14 2.992497000000000158e-14 3.001912000000000174e-14 2.942832999999999831e-14 2.906199799999999810e-14 2.894894699999999933e-14
6.218826000000000587e-13 5.778878000000000168e-13 5.351698999999999732e-13 4.939450999999999286e-13 4.552280999999999836e-13 4.198829999999999386e-13 3.884626999999999862e-13 3.614680999999999873e-13 3.388791099999999870e-13 3.206666999999999992e-13 3.068359099999999747e-13 2.985711799999999734e-13 4.206318899999999964e-13 2.555971799999999689e-13 2.236253600000000047e-13 1.949646699999999890e-13 1.668502099999999909e-13 1.387511399999999861e-13 1.111177280000000027e-13 8.483749699999999750e-14 3.534876505000000198e-14 3.686922719000000027e-14 3.866794943999999767e-14 4.007918925400000175e-14 4.092901228300000333e-14 4.106949976313999824e-14 4.030114540699999645e-14 3.873777896200000528e-14 3.621623619999999849e-14 3.313504008000000129e-14 2.957142090000000024e-14 2.657511600000000093e-14 1.886156900000000268e-14 5.408529999999998766e-15 1.325778799999999920e-14 1.998472099999999928e-14 2.335243999999999889e-14 2.490987599999999835e-14 2.587758399999999881e-14 2.665966999999999958e-14
5.241352999999999386e-13 4.886048000000000023e-13 4.541311999999999906e-13 4.208907999999999942e-13 3.897124999999999916e-13 3.613010000000000071e-13 3.361003999999999802e-13 3.144928199999999778e-13 2.963974800000000288e-13 2.816513200000000314e-13 2.699440499999999740e-13 2.608445799999999855e-13 2.555971799999999689e-13 3.264216899999999724e-13 2.198299199999999976e-13 1.908623500000000001e-13 1.636761899999999819e-13 1.364680220000000134e-13 1.095127490000000086e-13 8.373457199999999743e-14 2.856617110000000305e-14 2.980448677000000144e-14 3.125779186999999911e-14 3.239684986799999806e-14 3.307346261299999812e-14 3.317102566980000062e-14 3.252495873200000074e-14 3.122174152999999891e-14 2.912209491899999709e-14 2.654212165999999957e-14 2.351158702999999887e-14 2.041870479999999939e-14 1.807549710000000009e-14 1.208168699999999985e-14 1.378200000000000188e-15 8.410726000000000820e-15 1.518907499999999882e-14 1.935881900000000026e-14 2.205371299999999864e-14 2.399558799999999788e-14
4.432190000000000323e-13 4.144339999999999686e-13 3.864936000000000102e-13 3.595402999999999720e-13 3.342544999999999870e-13 3.112168999999999883e-13 2.907943100000000100e-13 2.732979700000000062e-13 2.586532800000000290e-13 2.467079499999999939e-13 2.371616900000000074e-13 2.295049900000000043e-13 2.236253600000000047e-13 2.198299199999999976e-13 2.601504200000000074e-13 1.880301199999999860e-13 1.610172810000000081e-13 1.346470520000000125e-13 1.083372039999999943e-13 8.299935299999999632e-14 2.307766368000000207e-14 2.409789785999999936e-14 2.528622284000000039e-14 2.622485840199999926e-14 2.678713285200000118e-14 2.688012539130000102e-14 2.636802251180000073e-14 2.531570744529999926e-14 2.360823369369999821e-14 2.150193691899999716e-14 1.901683399699999934e-14 1.643160094000000122e-14 1.394650329999999992e-14 1.207526640000000093e-14 7.460014999999999402e-15 -1.143989999999999879e-15 5.534111399999999264e-15 1.226615099999999976e-14 1.710876600000000045e-14 2.059033900000000257e-14
3.691665999999999872e-13 3.464045999999999980e-13 3.242911000000000034e-13 3.029336000000000109e-13 2.828749999999999937e-13 2.645828100000000060e-13 2.483590400000000355e-13 2.344629099999999861e-13 2.228478900000000185e-13 2.133977300000000219e-13 2.058585600000000000e-13 1.997847199999999913e-13 1.949646699999999890e-13 1.908623500000000001e-13 1.880301199999999860e-13 2.099557710000000063e-13 1.588303910000000023e-13 1.329817049999999945e-13 1.074204130000000059e-13 8.254421999999999217e-14 1.817770163999999845e-14 1.900087916999999899e-14 1.994994298999999878e-14 2.070803515499999884e-14 2.116843622949999982e-14 2.126166736319999721e-14 2.087979302530000091e-14 2.006874544629999957e-14 1.873407747467699752e-14 1.707181045389999967e-14 1.509224760819999877e-14 1.301307790899999970e-14 1.097382082799999893e-14 9.060683689999999672e-15 7.817040099999999697e-15 4.201588000000000067e-15 -2.588075999999999971e-15 3.578170699999999403e-15 1.046577499999999877e-14 1.586263799999999970e-14
3.034766999999999987e-13 2.857803999999999987e-13 2.685508000000000092e-13 2.518641099999999786e-13 2.361461900000000003e-13 2.217679800000000084e-13 2.089783499999999907e-13 1.979947499999999879e-13 1.888007499999999920e-13 1.813220599999999864e-13 1.753693900000000103e-13 1.706013900000000149e-13 1.668502099999999909e-13 1.636761899999999819e-13 1.610172810000000081e-13 1.588303910000000023e-13 1.700285239999999966e-13 1.315718180000000021e-13 1.067689339999999985e-13 8.244306100000001067e-14 1.402308902999999904e-14 1.468262067999999864e-14 1.543367760999999921e-14 1.604625393000000242e-14 1.643062170599999798e-14 1.653665704800000304e-14 1.628010467230000243e-14 1.568981465286000022e-14 1.468972394766000118e-14 1.342387131248999991e-14 1.189667008819999936e-14 1.027625928270000069e-14 8.671829872000000204e-15 7.144365723999999437e-15 5.855046000000000281e-15 4.937502899999999738e-15 2.010038000000000182e-15 -3.604136000000000156e-15 2.310975200000000010e-15 9.371553000000000053e-15
2.425297999999999628e-13 2.292230999999999788e-13 2.162367300000000162e-13 2.036196199999999874e-13 1.916936800000000080e-13 1.807431800000000033e-13 1.709660400000000087e-13 1.625396300000000107e-13 1.554706500000000147e-13 1.497197499999999993e-13 1.451571100000000124e-13 1.415403100000000030e-13 1.387511399999999861e-13 1.364680220000000134e-13 1.346470520000000125e-13 1.329817049999999945e-13 1.315718180000000021e-13 1.366357760000000147e-13 1.062806599999999973e-13 8.267717799999999775e-14 1.045055037999999932e-14 1.096614237999999991e-14 1.154146463000000034e-14 1.202199764100000006e-14 1.233200051900000119e-14 1.243918050200000006e-14 1.228061784880000052e-14 1.187270315466000021e-14 1.115593841997999989e-14 1.023098268492999960e-14 9.097953090900000056e-15 7.881954106000000577e-15 6.663142929000000376e-15 5.489669694999999977e-15 4.479267429999999586e-15 3.568127759999999477e-15 2.980141929999999993e-15 4.094089999999998651e-16 -4.351934999999999589e-15 1.320296599999999998e-15
1.874243500000000101e-13 1.778149700000000030e-13 1.684044999999999919e-13 1.592187000000000090e-13 1.504895700000000122e-13 1.424275700000000007e-13 1.351859000000000086e-13 1.289054400000000162e-13 1.236097899999999902e-13 1.192871799999999923e-13 1.158569000000000008e-13 1.131594000000000015e-13 1.111177280000000027e-13 1.095127490000000086e-13 1.083372039999999943e-13 1.074204130000000059e-13 1.067689339999999985e-13 1.062806599999999973e-13 1.082340059999999949e-13 8.323223299999999785e-14 7.451720350000000256e-15 7.844813139999999205e-15 8.269604879999999233e-15 8.636534768000000031e-15 8.881178876999999732e-15 8.987065885799999883e-15 8.909118821499999403e-15 8.653529524420000382e-15 8.175356932710000043e-15 7.539324122649998799e-15 6.742526881600000130e-15 5.873289294200000142e-15 4.987363584600000185e-15 4.122676315000000041e-15 3.369177344999999740e-15 2.687258660000000051e-15 2.136108110000000256e-15 1.685514819999999970e-15 -7.496400000000000879e-16 -5.082117000000000378e-15
1.388724499999999936e-13 1.322155300000000006e-13 1.256713099999999875e-13 1.192476399999999925e-13 1.131045800000000011e-13 1.073933500000000000e-13 1.022284499999999985e-13 9.771671999999999643e-14 9.388817999999999122e-14 9.074792999999999862e-14 8.825039600000000705e-14 8.629583400000000115e-14 8.483749699999999750e-14 8.373457199999999743e-14 8.299935299999999632e-14 8.254421999999999217e-14 8.244306100000001067e-14 8.267717799999999775e-14 8.323223299999999785e-14 8.388650100000000164e-14 5.081046929999999763e-15 5.374992319999999779e-15 5.675667649999999818e-15 5.947094433999999840e-15 6.132718878999999874e-15 6.229252035200000328e-15 6.205276043300000460e-15 6.059552861499999982e-15 5.759862420227000285e-15 5.345504173359999815e-15 4.811879070119999722e-15 4.218053015999999751e-15 3.601781156799999655e-15 2.991924553000000039e-15 2.453073860999999859e-15 1.961201548000000272e-15 1.564976560000000068e-15 1.193974630000000106e-15 8.460174999999999466e-16 -1.612687799999999983e-15
4.142962600000000036e-13 3.663106884999999927e-13 3.105190283000000126e-13 2.578852466500000146e-13 2.103610116400000002e-13 1.690066460900000066e-13 1.341512186999999871e-13 1.059909692300000020e-13 8.375094563999999669e-14 6.659559944000001120e-14 5.355932245000000149e-14 4.326292984000000585e-14 3.534876505000000198e-14 2.856617110000000305e-14 2.307766368000000207e-14 1.817770163999999845e-14 1.402308902999999904e-14 1.045055037999999932e-14 7.451720350000000256e-15 5.081046929999999763e-15 7.431446509000000243e-11 7.535468000000000511e-14 6.358567599999999308e-14 5.947384299999999401e-14 5.773689699999999886e-14 5.597758359999999810e-14 5.311644127000000347e-14 4.925496465999999755e-14 4.411993681300000270e-14 3.848420957200000369e-14 3.246523172330000048e-14 2.670890507349999959e-14 2.158876805075000035e-14 1.711779597620699873e-14 1.368685360641800003e-14 1.087688215979999985e-14 8.861009435653700728e-15 7.298461724560900653e-15 6.112779295749999282e-15 5.192600775700000326e-15
4.163626999999999986e-13 3.702762600000000054e-13 3.239947945999999794e-13 2.696537510880000008e-13 2.200912420800000028e-13 1.768569451909999910e-13 1.403628217699999962e-13 1.108377258099999891e-13 8.751355905000000536e-14 6.953072864000000270e-14 5.587975414000000091e-14 4.512252368999999955e-14 3.686922719000000027e-14 2.980448677000000144e-14 2.409789785999999936e-14 1.900087916999999899e-14 1.468262067999999864e-14 1.096614237999999991e-14 7.844813139999999205e-15 5.374992319999999779e-15 7.535468000000000511e-14 4.379157919999999862e-11 7.998072999999999831e-14 6.677431300000000198e-14 6.162817300000000549e-14 5.870419790000000950e-14 5.542945260000000095e-14 5.136881658999999979e-14 4.605702677999999712e-14 4.022154771100000287e-14 3.396508152499999745e-14 2.796154785310000143e-14 2.260272867270000169e-14 1.791515474634999814e-14 1.431457986122000179e-14 1.136273149632000063e-14 9.247928522470001441e-15 7.608296018200000184e-15 6.367419012200000355e-15 5.406170394700000116e-15
4.648424260000000216e-13 3.722720500000000101e-13 3.283548799999999892e-13 2.837834965999999861e-13 2.320556229999999843e-13 1.865382824799999996e-13 1.480176850699999987e-13 1.167973947619999963e-13 9.211999168699998993e-14 7.309783032999999048e-14 5.867470632999999439e-14 4.734219431000000105e-14 3.866794943999999767e-14 3.125779186999999911e-14 2.528622284000000039e-14 1.994994298999999878e-14 1.543367760999999921e-14 1.154146463000000034e-14 8.269604879999999233e-15 5.675667649999999818e-15 6.358567599999999308e-14 7.998072999999999831e-14 2.582522771999999704e-11 8.392895000000000156e-14 6.926275999999999506e-14 6.292072599999999398e-14 5.848486980000000723e-14 5.399116210000000109e-14 4.842091027999999734e-14 4.234108767999999913e-14 3.580526207999999563e-14 2.950772788399999568e-14 2.385961841469999822e-14 1.890635939580000113e-14 1.509438884745999936e-14 1.196449057535149944e-14 9.725341684880000126e-15 7.988391782440000521e-15 6.678731457930000677e-15 5.666375570669999679e-15
5.194176699999999496e-13 4.146204090000000002e-13 3.233086099999999980e-13 2.827759400000000319e-13 2.419216202000000232e-13 1.947450653000000176e-13 1.544940641000000033e-13 1.218098932400000134e-13 9.595250935000000806e-14 7.601642971000000138e-14 6.091987779100000328e-14 4.910042017300000528e-14 4.007918925400000175e-14 3.239684986799999806e-14 2.622485840199999926e-14 2.070803515499999884e-14 1.604625393000000242e-14 1.202199764100000006e-14 8.636534768000000031e-15 5.947094433999999840e-15 5.947384299999999401e-14 6.677431300000000198e-14 8.392895000000000156e-14 1.524875191000000202e-11 8.568029000000000528e-14 6.958080199999999937e-14 6.182623899999998933e-14 5.628661319999999681e-14 5.034487460000000268e-14 4.405725364999999792e-14 3.732014461000000294e-14 3.080285842500000083e-14 2.492247627100000123e-14 1.974788926809999778e-14 1.575258491828000000e-14 1.246483210477499938e-14 1.011571000592000001e-14 8.291563176079999882e-15 6.922729927066999765e-15 5.867129067907999763e-15
5.585715400000000124e-13 4.614103100000000072e-13 3.593783499999999860e-13 2.712139600000000065e-13 2.362890099999999595e-13 2.008310171999999946e-13 1.593297781000000127e-13 1.254777347000000061e-13 9.867587612000000619e-14 7.800590373999999627e-14 6.238056878699999520e-14 5.019581788600000546e-14 4.092901228300000333e-14 3.307346261299999812e-14 2.678713285200000118e-14 2.116843622949999982e-14 1.643062170599999798e-14 1.233200051900000119e-14 8.881178876999999732e-15 6.132718878999999874e-15 5.773689699999999886e-14 6.162817300000000549e-14 6.926275999999999506e-14 8.568029000000000528e-14 9.021145760000000245e-12 8.466489999999999096e-14 6.719361500000000116e-14 5.861335099999999841e-14 5.179096709999999888e-14 4.524251799999999936e-14 3.838205071000000121e-14 3.173809635000000258e-14 2.570566060000000037e-14 2.037407246209999951e-14 1.623751106279999755e-14 1.282294083255000068e-14 1.038531292225000031e-14 8.489341960950000391e-15 7.075271694949000123e-15 5.987594709137999732e-15
5.762900200000000329e-13 4.902538000000000289e-13 3.978375100000000057e-13 3.009626269999999998e-13 2.189889799999999654e-13 1.912495400000000000e-13 1.620372590000000042e-13 1.273502784999999796e-13 9.989016420000000600e-14 7.875615724000000108e-14 6.282073409899999689e-14 5.044192283400000453e-14 4.106949976313999824e-14 3.317102566980000062e-14 2.688012539130000102e-14 2.126166736319999721e-14 1.653665704800000304e-14 1.243918050200000006e-14 8.987065885799999883e-15 6.229252035200000328e-15 5.597758359999999810e-14 5.870419790000000950e-14 6.292072599999999398e-14 6.958080199999999937e-14 8.466489999999999096e-14 5.352005710000000363e-12 8.049064999999998984e-14 6.250109200000000409e-14 5.300240400000000399e-14 4.580443880000000027e-14 3.882516059999999750e-14 3.215150599000000239e-14 2.607647205799999968e-14 2.068169610399999880e-14 1.646957621340000035e-14 1.297950211909999964e-14 1.048759235566000053e-14 8.545026897469999719e-15 7.106266115370001117e-15 6.002223587029000028e-15
5.718089200000000066e-13 4.961496000000000329e-13 4.164525200000000084e-13 3.310404800000000358e-13 2.426209120000000177e-13 1.693586899999999933e-13 1.496027599999999965e-13 1.272765390000000124e-13 9.923668650000000192e-14 7.792993970000000986e-14 6.195197389000000006e-14 4.959653472600000392e-14 4.030114540699999645e-14 3.252495873200000074e-14 2.636802251180000073e-14 2.087979302530000091e-14 1.628010467230000243e-14 1.228061784880000052e-14 8.909118821499999403e-15 6.205276043300000460e-15 5.311644127000000347e-14 5.542945260000000095e-14 5.848486980000000723e-14 6.182623899999998933e-14 6.719361500000000116e-14 8.049064999999998984e-14 3.187362199999999919e-12 7.351992999999999872e-14 5.527964100000000049e-14 4.593548400000000314e-14 3.855947860000000101e-14 3.190523745999999586e-14 2.591221457999999903e-14 2.057066443900000013e-14 1.636963099400000041e-14 1.287343875919999941e-14 1.037311463559999913e-14 8.418065504700000101e-15 6.981269415790000067e-15 5.881198798451999721e-15
5.493910800000000021e-13 4.826704999999999879e-13 4.141556300000000161e-13 3.422696300000000435e-13 2.664663700000000094e-13 1.888590429999999918e-13 1.256400299999999899e-13 1.137420100000000072e-13 9.749729799999999529e-14 7.581610080000000686e-14 5.993677847999999441e-14 4.778981510000000245e-14 3.873777896200000528e-14 3.122174152999999891e-14 2.531570744529999926e-14 2.006874544629999957e-14 1.568981465286000022e-14 1.187270315466000021e-14 8.653529524420000382e-15 6.059552861499999982e-15 4.925496465999999755e-14 5.136881658999999979e-14 5.399116210000000109e-14 5.628661319999999681e-14 5.861335099999999841e-14 6.250109200000000409e-14 7.351992999999999872e-14 1.907753459999999881e-12 6.428452999999999700e-14 4.707733300000000037e-14 3.798392000000000053e-14 3.112867790000000353e-14 2.526370571999999966e-14 2.006293594000000011e-14 1.595679866400000236e-14 1.252444899899999929e-14 1.006183208110000034e-14 8.129152247999999722e-15 6.719129771199999459e-15 5.641579526599999780e-15
5.095851699999999508e-13 4.513863800000000289e-13 3.927416599999999795e-13 3.327588600000000162e-13 2.709824600000000089e-13 2.066605700000000109e-13 1.410500419999999947e-13 8.858277999999999143e-14 8.359437299999998918e-14 7.282344399999999760e-14 5.660585769999999604e-14 4.483658990999999836e-14 3.621623619999999849e-14 2.912209491899999709e-14 2.360823369369999821e-14 1.873407747467699752e-14 1.468972394766000118e-14 1.115593841997999989e-14 8.175356932710000043e-15 5.759862420227000285e-15 4.411993681300000270e-14 4.605702677999999712e-14 4.842091027999999734e-14 5.034487460000000268e-14 5.179096709999999888e-14 5.300240400000000399e-14 5.527964100000000049e-14 6.428452999999999700e-14 1.148379919999999913e-12 5.390408999999999827e-14 3.798912500000000374e-14 2.995338020000000470e-14 2.407481130000000018e-14 1.907453557000000013e-14 1.515958378999999942e-14 1.187403999599999949e-14 9.507744084000000677e-15 7.642427747100000023e-15 6.290702126200000078e-15 5.259151324900000079e-15
4.595222099999999882e-13 4.093492600000000248e-13 3.593587599999999663e-13 3.091758799999999858e-13 2.588793700000000034e-13 2.079021000000000033e-13 1.552587599999999827e-13 1.019238450000000046e-13 5.971912000000000393e-14 6.004162500000000620e-14 5.326985499999999754e-14 4.130519070000000083e-14 3.313504008000000129e-14 2.654212165999999957e-14 2.150193691899999716e-14 1.707181045389999967e-14 1.342387131248999991e-14 1.023098268492999960e-14 7.539324122649998799e-15 5.345504173359999815e-15 3.848420957200000369e-14 4.022154771100000287e-14 4.234108767999999913e-14 4.405725364999999792e-14 4.524251799999999936e-14 4.580443880000000027e-14 4.593548400000000314e-14 4.707733300000000037e-14 5.390408999999999827e-14 6.958149299999999992e-13 4.325301999999999774e-14 2.954490400000000019e-14 2.275836739999999955e-14 1.781591560000000019e-14 1.411835319000000055e-14 1.102407802000000100e-14 8.795928485000001188e-15 7.032671443000000636e-15 5.761971897100000270e-15 4.793060926800000389e-15
4.011679199999999666e-13 3.589656899999999901e-13 3.171407200000000215e-13 2.756034499999999791e-13 2.347775399999999989e-13 1.946014600000000136e-13 1.543637000000000009e-13 1.131541199999999928e-13 7.104866999999999729e-14 3.783283000000000304e-14 4.181684699999999845e-14 3.799327600000000107e-14 2.957142090000000024e-14 2.351158702999999887e-14 1.901683399699999934e-14 1.509224760819999877e-14 1.189667008819999936e-14 9.097953090900000056e-15 6.742526881600000130e-15 4.811879070119999722e-15 3.246523172330000048e-14 3.396508152499999745e-14 3.580526207999999563e-14 3.732014461000000294e-14 3.838205071000000121e-14 3.882516059999999750e-14 3.855947860000000101e-14 3.798392000000000053e-14 3.798912500000000374e-14 4.325301999999999774e-14 4.243524500000000050e-13 3.351343999999999972e-14 2.198519199999999747e-14 1.646558139999999859e-14 1.287377529999999997e-14 9.980586579999998973e-15 7.928402059999999640e-15 6.301221211999999885e-15 5.135466599000000104e-15 4.246806633399999861e-15
3.410571499999999833e-13 3.063217999999999802e-13 2.719688499999999938e-13 2.380340500000000120e-13 2.050576600000000039e-13 1.732681900000000132e-13 1.424139000000000007e-13 1.118417899999999994e-13 8.035242999999999763e-14 4.794203300000000197e-14 2.250076000000000395e-14 2.848963600000000270e-14 2.657511600000000093e-14 2.041870479999999939e-14 1.643160094000000122e-14 1.301307790899999970e-14 1.027625928270000069e-14 7.881954106000000577e-15 5.873289294200000142e-15 4.218053015999999751e-15 2.670890507349999959e-14 2.796154785310000143e-14 2.950772788399999568e-14 3.080285842500000083e-14 3.173809635000000258e-14 3.215150599000000239e-14 3.190523745999999586e-14 3.112867790000000353e-14 2.995338020000000470e-14 2.954490400000000019e-14 3.351343999999999972e-14 2.605952500000000048e-13 2.503478099999999914e-14 1.579617699999999998e-14 1.170886410000000075e-14 8.892935400000000533e-15 7.006587019999999872e-15 5.524391449999999563e-15 4.475698146999999914e-15 3.677157412999999814e-15
2.833302800000000156e-13 2.552691400000000102e-13 2.275448099999999875e-13 2.002294000000000031e-13 1.738452200000000138e-13 1.487269800000000019e-13 1.249099999999999948e-13 1.021598500000000052e-13 7.962670999999999656e-14 5.626620999999999729e-14 3.175818100000000107e-14 1.210571000000000083e-14 1.886156900000000268e-14 1.807549710000000009e-14 1.394650329999999992e-14 1.097382082799999893e-14 8.671829872000000204e-15 6.663142929000000376e-15 4.987363584600000185e-15 3.601781156799999655e-15 2.158876805075000035e-14 2.260272867270000169e-14 2.385961841469999822e-14 2.492247627100000123e-14 2.570566060000000037e-14 2.607647205799999968e-14 2.591221457999999903e-14 2.526370571999999966e-14 2.407481130000000018e-14 2.275836739999999955e-14 2.198519199999999747e-14 2.503478099999999914e-14 1.612303700000000072e-13 1.839798999999999823e-14 1.117667599999999994e-14 7.977461299999999039e-15 6.136712800000000560e-15 4.767212529999999951e-15 3.830699600000000570e-15 3.123431123999999830e-15
2.303329699999999969e-13 2.081291000000000032e-13 1.862086100000000066e-13 1.646448400000000053e-13 1.438876800000000197e-13 1.242720199999999994e-13 1.059456700000000025e-13 8.888947999999999304e-14 7.262146999999999792e-14 5.635904999999999980e-14 3.908335199999999839e-14 2.038540100000000010e-14 5.408529999999998766e-15 1.208168699999999985e-14 1.207526640000000093e-14 9.060683689999999672e-15 7.144365723999999437e-15 5.489669694999999977e-15 4.122676315000000041e-15 2.991924553000000039e-15 1.711779597620699873e-14 1.791515474634999814e-14 1.890635939580000113e-14 1.974788926809999778e-14 2.037407246209999951e-14 2.068169610399999880e-14 2.057066443900000013e-14 2.006293594000000011e-14 1.907453557000000013e-14 1.781591560000000019e-14 1.646558139999999859e-14 1.579617699999999998e-14 1.839798999999999823e-14 1.007119900000000022e-13 1.336722900000000105e-14 7.718152000000000622e-15 5.487794699999999921e-15 4.103151600000000131e-15 3.237871340000000049e-15 2.606922089999999788e-15
1.869973699999999922e-13 1.693342900000000192e-13 1.519269299999999745e-13 1.348405399999999876e-13 1.184467799999999892e-13 1.030396399999999973e-13 8.878482999999999005e-14 7.575291999999999717e-14 6.369983000000000152e-14 5.218244000000000075e-14 4.046466000000000542e-14 2.756844599999999848e-14 1.325778799999999920e-14 1.378200000000000188e-15 7.460014999999999402e-15 7.817040099999999697e-15 5.855046000000000281e-15 4.479267429999999586e-15 3.369177344999999740e-15 2.453073860999999859e-15 1.368685360641800003e-14 1.431457986122000179e-14 1.509438884745999936e-14 1.575258491828000000e-14 1.623751106279999755e-14 1.646957621340000035e-14 1.636963099400000041e-14 1.595679866400000236e-14 1.515958378999999942e-14 1.411835319000000055e-14 1.287377529999999997e-14 1.170886410000000075e-14 1.117667599999999994e-14 1.336722900000000105e-14 6.382003399999999356e-14 9.908485000000000315e-15 5.529635000000000563e-15 3.739658999999999893e-15 2.807790200000000176e-15 2.197199669999999948e-15
1.504120200000000021e-13 1.364964999999999980e-13 1.228214500000000047e-13 1.094411199999999990e-13 9.665203999999999586e-14 8.469555999999999924e-14 7.371994999999999679e-14 6.381972999999999781e-14 5.486788000000000046e-14 4.660706000000000204e-14 3.855408000000000110e-14 2.992497000000000158e-14 1.998472099999999928e-14 8.410726000000000820e-15 -1.143989999999999879e-15 4.201588000000000067e-15 4.937502899999999738e-15 3.568127759999999477e-15 2.687258660000000051e-15 1.961201548000000272e-15 1.087688215979999985e-14 1.136273149632000063e-14 1.196449057535149944e-14 1.246483210477499938e-14 1.282294083255000068e-14 1.297950211909999964e-14 1.287343875919999941e-14 1.252444899899999929e-14 1.187403999599999949e-14 1.102407802000000100e-14 9.980586579999998973e-15 8.892935400000000533e-15 7.977461299999999039e-15 7.718152000000000622e-15 9.908485000000000315e-15 4.137510400000000061e-14 7.630545000000001011e-15 4.023504000000000071e-15 2.650377799999999890e-15 1.920384399999999856e-15
1.238866300000000036e-13 1.126442899999999977e-13 1.016298000000000028e-13 9.089094999999999754e-14 8.067071999999999515e-14 7.116909000000000093e-14 6.251057999999999979e-14 5.478467999999999785e-14 4.791458000000000322e-14 4.174067999999999810e-14 3.595433000000000377e-14 3.001912000000000174e-14 2.335243999999999889e-14 1.518907499999999882e-14 5.534111399999999264e-15 -2.588075999999999971e-15 2.010038000000000182e-15 2.980141929999999993e-15 2.136108110000000256e-15 1.564976560000000068e-15 8.861009435653700728e-15 9.247928522470001441e-15 9.725341684880000126e-15 1.011571000592000001e-14 1.038531292225000031e-14 1.048759235566000053e-14 1.037311463559999913e-14 1.006183208110000034e-14 9.507744084000000677e-15 8.795928485000001188e-15 7.928402059999999640e-15 7.006587019999999872e-15 6.136712800000000560e-15 5.487794699999999921e-15 5.529635000000000563e-15 7.630545000000001011e-15 2.781857499999999943e-14 6.266322999999999883e-15 3.191239000000000342e-15 1.960479399999999968e-15
1.031991200000000115e-13 9.403812999999999201e-14 8.509945999999999462e-14 7.642591999999999844e-14 6.821777999999999440e-14 6.064002000000000357e-14 5.379243999999999970e-14 4.775019000000000214e-14 4.245759000000000130e-14 3.780654999999999505e-14 3.358897000000000117e-14 2.942832999999999831e-14 2.490987599999999835e-14 1.935881900000000026e-14 1.226615099999999976e-14 3.578170699999999403e-15 -3.604136000000000156e-15 4.094089999999998651e-16 1.685514819999999970e-15 1.193974630000000106e-15 7.298461724560900653e-15 7.608296018200000184e-15 7.988391782440000521e-15 8.291563176079999882e-15 8.489341960950000391e-15 8.545026897469999719e-15 8.418065504700000101e-15 8.129152247999999722e-15 7.642427747100000023e-15 7.032671443000000636e-15 6.301221211999999885e-15 5.524391449999999563e-15 4.767212529999999951e-15 4.103151600000000131e-15 3.739658999999999893e-15 4.023504000000000071e-15 6.266322999999999883e-15 1.974083099999999839e-14 5.535872000000000195e-15 2.684666000000000225e-15
8.874123999999998730e-14 8.112335000000000188e-14 7.371144999999999991e-14 6.654391000000000256e-14 5.978980000000000137e-14 5.358903999999999801e-14 4.802509999999999698e-14 4.316159999999999832e-14 3.895422999999999637e-14 3.532263999999999922e-14 3.211610000000000136e-14 2.906199799999999810e-14 2.587758399999999881e-14 2.205371299999999864e-14 1.710876600000000045e-14 1.046577499999999877e-14 2.310975200000000010e-15 -4.351934999999999589e-15 -7.496400000000000879e-16 8.460174999999999466e-16 6.112779295749999282e-15 6.367419012200000355e-15 6.678731457930000677e-15 6.922729927066999765e-15 7.075271694949000123e-15 7.106266115370001117e-15 6.981269415790000067e-15 6.719129771199999459e-15 6.290702126200000078e-15 5.761971897100000270e-15 5.135466599000000104e-15 4.475698146999999914e-15 3.830699600000000570e-15 3.237871340000000049e-15 2.807790200000000176e-15 2.650377799999999890e-15 3.191239000000000342e-15 5.535872000000000195e-15 1.503834299999999998e-14 5.229375299999999846e-15
7.806531999999999901e-14 7.163176999999999054e-14 6.538843000000000454e-14 5.937051999999999823e-14 5.372376000000000190e-14 4.856889999999999765e-14 4.397673999999999917e-14 4.000119000000000027e-14 3.660416999999999699e-14 3.372179000000000004e-14 3.123862900000000189e-14 2.894894699999999933e-14 2.665966999999999958e-14 2.399558799999999788e-14 2.059033900000000257e-14 1.586263799999999970e-14 9.371553000000000053e-15 1.320296599999999998e-15 -5.082117000000000378e-15 -1.612687799999999983e-15 5.192600775700000326e-15 5.406170394700000116e-15 5.666375570669999679e-15 5.867129067907999763e-15 5.987594709137999732e-15 6.002223587029000028e-15 5.881198798451999721e-15 5.641579526599999780e-15 5.259151324900000079e-15 4.793060926800000389e-15 4.246806633399999861e-15 3.677157412999999814e-15 3.123431123999999830e-15 2.606922089999999788e-15 2.197199669999999948e-15 1.920384399999999856e-15 1.960479399999999968e-15 2.684666000000000225e-15 5.229375299999999846e-15 1.243734010000000104e-14
