7.518900999999999811e-11 8.742211999999999706e-13 7.656160999999999935e-13 6.651762999999999836e-13 5.772700999999999799e-13 5.029929999999999753e-13 4.418485999999999799e-13 3.922975999999999823e-13 3.522281999999999753e-13 3.193811999999999841e-13 2.916177000000000086e-13 2.670809999999999805e-13 2.442659999999999913e-13 2.220241999999999982e-13 1.995407000000000012e-13 1.763191000000000105e-13 1.521943999999999962e-13 1.273750000000000000e-13 1.024836000000000042e-13 7.852740999999999386e-14 -1.268724000000000064e-14 -2.912239999999999691e-14 -3.152974000000000103e-15 3.368907000000000293e-14 6.178744000000000122e-14 7.757051999999999893e-14 8.287171999999999759e-14 8.072447999999999704e-14 7.399616999999999559e-14 6.501710999999999992e-14 5.549781999999999823e-14 4.657324999999999923e-14 3.889998000000000067e-14 3.277017000000000293e-14 2.822446999999999850e-14 2.515311999999999880e-14 2.337253000000000116e-14 2.266382000000000152e-14 2.277641999999999944e-14 2.339495000000000044e-14
8.742211999999999706e-13 4.455661999999999963e-11 7.736174000000000030e-13 6.716574000000000013e-13 5.813851000000000084e-13 5.053291000000000142e-13 4.430702000000000138e-13 3.928886000000000047e-13 3.524947999999999896e-13 3.194928999999999926e-13 2.916597999999999767e-13 2.670948999999999770e-13 2.442693999999999850e-13 2.220243000000000054e-13 1.995404000000000047e-13 1.763191999999999925e-13 1.521949000000000071e-13 1.273758999999999894e-13 1.024848000000000027e-13 7.852854000000000498e-14 -8.199114999999999717e-16 -1.302164000000000071e-14 -3.076275000000000314e-14 -4.201491000000000176e-15 3.233251000000000205e-14 5.856280000000000568e-14 7.175709999999999370e-14 7.462860000000000575e-14 7.080648000000000588e-14 6.340566000000000329e-14 5.470299000000000105e-14 4.618679999999999864e-14 3.871234000000000143e-14 3.267789999999999877e-14 2.817798999999999859e-14 2.512880000000000080e-14 2.335916999999999890e-14 2.265611999999999944e-14 2.277179000000000000e-14 2.339204999999999876e-14
7.656160999999999935e-13 7.736174000000000030e-13 2.648849000000000116e-11 6.822893999999999705e-13 5.886166999999999833e-13 5.094598000000000180e-13 4.452218000000000245e-13 3.939319000000000049e-13 3.529716000000000244e-13 3.197006999999999910e-13 2.917488000000000079e-13 2.671350000000000022e-13 2.442916999999999838e-13 2.220410000000000027e-13 1.995561000000000053e-13 1.763354000000000041e-13 1.522116000000000044e-13 1.273929000000000084e-13 1.025015999999999946e-13 7.854482000000000216e-14 -1.256716999999999936e-16 -5.438053999999999953e-16 -1.318441999999999977e-14 -3.199058999999999905e-14 -5.177850000000000310e-15 3.027991000000000179e-14 5.409522000000000025e-14 6.463143000000000585e-14 6.548955999999999757e-14 6.069576000000000238e-14 5.336082000000000315e-14 4.553235000000000238e-14 3.839431000000000127e-14 3.252141000000000162e-14 2.809902999999999937e-14 2.508747999999999957e-14 2.333648000000000090e-14 2.264304999999999862e-14 2.276399000000000015e-14 2.338732000000000154e-14
6.651762999999999836e-13 6.716574000000000013e-13 6.822893999999999705e-13 1.582154000000000046e-11 6.011505999999999608e-13 5.168709999999999692e-13 4.490381999999999940e-13 3.957469999999999898e-13 3.537783000000000113e-13 3.200351000000000163e-13 2.918765000000000135e-13 2.671787999999999924e-13 2.443048999999999802e-13 2.220446999999999929e-13 1.995582000000000059e-13 1.763385000000000013e-13 1.522159999999999948e-13 1.273982999999999955e-13 1.025078000000000017e-13 7.855136999999999672e-14 -7.435335000000000349e-17 -3.548911999999999964e-18 -2.205033999999999880e-16 -1.295935999999999923e-14 -3.263783999999999788e-14 -5.957273000000000117e-15 2.768768000000000108e-14 4.869703000000000157e-14 5.675315999999999705e-14 5.617387999999999762e-14 5.110285000000000247e-14 4.442684999999999891e-14 3.785570000000000019e-14 3.225624000000000130e-14 2.796503999999999973e-14 2.501728999999999911e-14 2.329794999999999907e-14 2.262087000000000030e-14 2.275072000000000062e-14 2.337916999999999844e-14
5.772700999999999799e-13 5.813851000000000084e-13 5.886166999999999833e-13 6.011505999999999608e-13 9.516022999999999790e-12 5.304636999999999584e-13 4.560889999999999562e-13 3.990281999999999880e-13 3.552032999999999775e-13 3.206110000000000058e-13 2.920873999999999838e-13 2.672433000000000170e-13 2.443159000000000192e-13 2.220397999999999916e-13 1.995505000000000038e-13 1.763321999999999996e-13 1.522120000000000082e-13 1.273960000000000057e-13 1.025064000000000013e-13 7.855030999999999823e-14 -6.028836000000000142e-17 3.084208000000000067e-17 1.285229999999999932e-16 1.849201999999999938e-16 -1.237038999999999944e-14 -3.250322000000000122e-14 -6.417487999999999649e-15 2.474096999999999939e-14 4.278235999999999967e-14 4.873066999999999712e-14 4.733203999999999751e-14 4.256675999999999830e-14 3.694552000000000164e-14 3.180728000000000278e-14 2.773796000000000157e-14 2.489812000000000077e-14 2.323255999999999900e-14 2.258322999999999916e-14 2.272818000000000085e-14 2.336531999999999921e-14
5.029929999999999753e-13 5.053291000000000142e-13 5.094598000000000180e-13 5.168709999999999692e-13 5.304636999999999584e-13 5.782061999999999642e-12 4.698137999999999666e-13 4.052887999999999966e-13 3.578366999999999812e-13 3.216516000000000125e-13 2.924645000000000207e-13 2.673598999999999764e-13 2.443389999999999750e-13 2.220345000000000118e-13 1.995407000000000012e-13 1.763247999999999940e-13 1.522084000000000000e-13 1.273953000000000055e-13 1.025073000000000034e-13 7.855177999999999863e-14 -6.725390999999999438e-17 7.045190999999999847e-18 7.568248000000000129e-17 2.641653000000000191e-16 6.223172000000000338e-16 -1.138475999999999924e-14 -3.151401000000000028e-14 -6.497856999999999989e-15 2.165377000000000081e-14 3.679039999999999765e-14 4.111575999999999898e-14 3.945839000000000258e-14 3.541418000000000228e-14 3.104857000000000272e-14 2.735361999999999975e-14 2.469606999999999899e-14 2.312161000000000062e-14 2.251937999999999951e-14 2.268992999999999910e-14 2.334179999999999918e-14
4.418485999999999799e-13 4.430702000000000138e-13 4.452218000000000245e-13 4.490381999999999940e-13 4.560889999999999562e-13 4.698137999999999666e-13 3.565339999999999831e-12 4.182720999999999944e-13 3.630257000000000109e-13 3.236108999999999858e-13 2.931545999999999977e-13 2.675706999999999900e-13 2.443816999999999865e-13 2.220272999999999954e-13 1.995248999999999933e-13 1.763131000000000053e-13 1.522029000000000057e-13 1.273949000000000018e-13 1.025097999999999950e-13 7.855513999999999954e-14 -7.688130000000000398e-17 -1.127822999999999981e-17 2.608506999999999920e-17 1.211641000000000069e-16 3.561780999999999984e-16 1.051859000000000079e-15 -1.007174000000000064e-14 -2.970026999999999775e-14 -6.201957999999999872e-15 1.862606000000000116e-14 3.111630000000000116e-14 3.432900000000000069e-14 3.285459000000000046e-14 2.977229999999999826e-14 2.670451999999999951e-14 2.435418000000000006e-14 2.293348000000000125e-14 2.241110000000000005e-14 2.262504999999999872e-14 2.330187000000000012e-14
3.922975999999999823e-13 3.928886000000000047e-13 3.939319000000000049e-13 3.957469999999999898e-13 3.990281999999999880e-13 4.052887999999999966e-13 4.182720999999999944e-13 2.244531999999999871e-12 3.745733999999999819e-13 3.276160999999999918e-13 2.944865999999999965e-13 2.679654999999999955e-13 2.444623000000000154e-13 2.220160999999999924e-13 1.994979999999999896e-13 1.762929999999999891e-13 1.521932999999999923e-13 1.273937999999999978e-13 1.025136000000000051e-13 7.856041999999999555e-14 -7.793077000000000060e-17 -1.897419000000000057e-17 1.694762000000000088e-18 4.779323999999999823e-17 1.293346999999999902e-16 4.154785000000000222e-16 1.405438999999999999e-15 -8.559290000000000289e-15 -2.719632000000000013e-14 -5.599954999999999702e-15 1.582402000000000109e-14 2.606158999999999914e-14 2.862922000000000178e-14 2.763978000000000123e-14 2.561284999999999887e-14 2.377725000000000037e-14 2.261515000000000146e-14 2.222760000000000012e-14 2.251504999999999970e-14 2.323411000000000077e-14
3.522281999999999753e-13 3.524947999999999896e-13 3.529716000000000244e-13 3.537783000000000113e-13 3.552032999999999775e-13 3.578366999999999812e-13 3.630257000000000109e-13 3.745733999999999819e-13 1.453226999999999943e-12 3.372822000000000105e-13 2.973391000000000088e-13 2.687608000000000154e-13 2.446253000000000017e-13 2.220025999999999996e-13 1.994533000000000100e-13 1.762588000000000123e-13 1.521771000000000060e-13 1.273919000000000118e-13 1.025200999999999960e-13 7.856944999999999799e-14 -7.961436000000000475e-17 -2.228095000000000007e-17 -7.488313000000000254e-18 1.972934999999999895e-17 4.166612000000000305e-17 1.274842000000000107e-16 4.332365000000000043e-16 1.628537999999999998e-15 -6.998857000000000044e-15 -2.421905999999999876e-14 -4.799950000000000224e-15 1.336688000000000077e-14 2.181308000000000143e-14 2.412092999999999888e-14 2.379043999999999851e-14 2.280743999999999970e-14 2.207827999999999950e-14 2.191715999999999976e-14 2.232870999999999991e-14 2.311921999999999862e-14
3.193811999999999841e-13 3.194928999999999926e-13 3.197006999999999910e-13 3.200351000000000163e-13 3.206110000000000058e-13 3.216516000000000125e-13 3.236108999999999858e-13 3.276160999999999918e-13 3.372822000000000105e-13 9.751394999999999365e-13 3.049325999999999804e-13 2.705880000000000179e-13 2.449922000000000070e-13 2.219965000000000124e-13 1.993801000000000119e-13 1.762012000000000076e-13 1.521495000000000021e-13 1.273886000000000001e-13 1.025310999999999972e-13 7.858485000000000214e-14 -8.023055999999999689e-17 -2.333136000000000001e-17 -1.060967000000000065e-17 1.023970999999999927e-17 1.283374000000000024e-17 3.563724000000000220e-17 1.165396999999999963e-16 4.089107999999999766e-16 1.700733999999999998e-15 -5.533204999999999948e-15 -2.102393999999999902e-14 -3.916876999999999611e-15 1.132443999999999987e-14 1.844789999999999907e-14 2.078720000000000141e-14 2.119050999999999888e-14 2.117665999999999965e-14 2.139368999999999916e-14 2.201358000000000143e-14 2.292463999999999932e-14
2.916177000000000086e-13 2.916597999999999767e-13 2.917488000000000079e-13 2.918765000000000135e-13 2.920873999999999838e-13 2.924645000000000207e-13 2.931545999999999977e-13 2.944865999999999965e-13 2.973391000000000088e-13 3.049325999999999804e-13 6.824436000000000265e-13 2.761384000000000081e-13 2.459724999999999902e-13 2.220455000000000003e-13 1.992653000000000062e-13 1.761040999999999958e-13 1.521022000000000110e-13 1.273828000000000093e-13 1.025495000000000039e-13 7.861094000000000017e-14 -8.018754999999999977e-17 -2.368585999999999917e-17 -1.154367000000000045e-17 7.357790999999999247e-18 4.248787000000000255e-18 8.994098999999999492e-18 2.997388999999999913e-17 9.751847999999999511e-17 3.549377000000000246e-16 1.631905000000000038e-15 -4.268972999999999879e-15 -1.785766999999999895e-14 -3.048119000000000099e-15 9.721651999999999355e-15 1.595592000000000152e-14 1.853135000000000085e-14 1.967546999999999941e-14 2.051551000000000113e-14 2.148229000000000143e-14 2.259568000000000117e-14
2.670809999999999805e-13 2.670948999999999770e-13 2.671350000000000022e-13 2.671787999999999924e-13 2.672433000000000170e-13 2.673598999999999764e-13 2.675706999999999900e-13 2.679654999999999955e-13 2.687608000000000154e-13 2.705880000000000179e-13 2.761384000000000081e-13 4.994757000000000504e-13 2.496713999999999856e-13 2.223755999999999920e-13 1.991045000000000025e-13 1.759425999999999919e-13 1.520212000000000036e-13 1.273720999999999920e-13 1.025805000000000015e-13 7.865496000000000123e-14 -8.004015999999999827e-17 -2.366630999999999991e-17 -1.192568999999999990e-17 6.570172999999999991e-18 1.877886000000000132e-18 1.772833999999999884e-18 7.454726000000000495e-18 2.282510000000000037e-17 7.569990999999999396e-17 2.857207000000000084e-16 1.455295999999999933e-15 -3.264923999999999881e-15 -1.492288000000000002e-14 -2.260618999999999825e-15 8.548425999999999882e-15 1.426853999999999973e-14 1.721287999999999897e-14 1.905537999999999844e-14 2.059175999999999916e-14 2.204124999999999898e-14
2.442659999999999913e-13 2.442693999999999850e-13 2.442916999999999838e-13 2.443048999999999802e-13 2.443159000000000192e-13 2.443389999999999750e-13 2.443816999999999865e-13 2.444623000000000154e-13 2.446253000000000017e-13 2.449922000000000070e-13 2.459724999999999902e-13 2.496713999999999856e-13 3.813735000000000208e-13 2.245176999999999966e-13 1.989847999999999954e-13 1.756826000000000011e-13 1.518819999999999985e-13 1.273518999999999938e-13 1.026318999999999991e-13 7.872923999999999422e-14 -7.999495000000000281e-17 -2.354280999999999899e-17 -1.188055999999999928e-17 6.379253999999999752e-18 1.152283000000000042e-18 -2.023685999999999952e-20 1.815407000000000035e-18 5.148962000000000166e-18 1.606619999999999853e-17 5.448007999999999769e-17 2.136408999999999923e-16 1.214026000000000057e-15 -2.534301000000000000e-15 -1.235931999999999984e-14 -1.589612000000000043e-15 7.770570999999999394e-15 1.328216000000000045e-14 1.666628999999999890e-14 1.911294999999999910e-14 2.111242999999999900e-14
2.220241999999999982e-13 2.220243000000000054e-13 2.220410000000000027e-13 2.220446999999999929e-13 2.220397999999999916e-13 2.220345000000000118e-13 2.220272999999999954e-13 2.220160999999999924e-13 2.220025999999999996e-13 2.219965000000000124e-13 2.220455000000000003e-13 2.223755999999999920e-13 2.245176999999999966e-13 3.015097999999999801e-13 1.999251000000000111e-13 1.753182000000000001e-13 1.516429999999999881e-13 1.273113000000000080e-13 1.027155000000000055e-13 7.885371999999999896e-14 -7.997889999999999587e-17 -2.349323000000000145e-17 -1.198812999999999940e-17 6.389867999999999625e-18 1.122612999999999914e-18 -5.743302000000000464e-19 5.387320000000000466e-19 1.101530000000000062e-18 3.234918999999999989e-18 1.033165999999999977e-17 3.586703000000000258e-17 1.473247999999999943e-16 9.490371000000000636e-16 -2.056733000000000046e-15 -1.024172000000000030e-14 -1.046083000000000081e-15 7.335472999999999517e-15 1.286994999999999922e-14 1.669874000000000044e-14 1.957169999999999891e-14
1.995407000000000012e-13 1.995404000000000047e-13 1.995561000000000053e-13 1.995582000000000059e-13 1.995505000000000038e-13 1.995407000000000012e-13 1.995248999999999933e-13 1.994979999999999896e-13 1.994533000000000100e-13 1.993801000000000119e-13 1.992653000000000062e-13 1.991045000000000025e-13 1.989847999999999954e-13 1.999251000000000111e-13 2.441162000000000014e-13 1.754505999999999926e-13 1.512520000000000052e-13 1.272255000000000065e-13 1.028469999999999959e-13 7.906038999999999882e-14 -7.983632000000000353e-17 -2.327214000000000011e-17 -1.209716000000000012e-17 6.248402000000000381e-18 1.032852000000000041e-18 -5.846087000000000030e-19 2.325118000000000222e-19 2.174453000000000185e-19 5.636936999999999875e-19 1.736918999999999948e-18 5.693996999999999824e-18 2.064094000000000135e-17 9.115329999999999706e-17 6.915663999999999719e-16 -1.793782999999999984e-15 -8.592058999999999619e-15 -6.303725999999999517e-16 7.172864999999999459e-15 1.287785000000000000e-14 1.706095000000000126e-14
1.763191000000000105e-13 1.763191999999999925e-13 1.763354000000000041e-13 1.763385000000000013e-13 1.763321999999999996e-13 1.763247999999999940e-13 1.763131000000000053e-13 1.762929999999999891e-13 1.762588000000000123e-13 1.762012000000000076e-13 1.761040999999999958e-13 1.759425999999999919e-13 1.756826000000000011e-13 1.753182000000000001e-13 1.754505999999999926e-13 1.999641000000000072e-13 1.510020000000000062e-13 1.270408999999999964e-13 1.030394000000000027e-13 7.939754999999999423e-14 -7.963835999999999784e-17 -2.289082999999999917e-17 -1.211700999999999928e-17 6.265155000000000002e-18 9.762295000000000947e-19 -7.026368000000000051e-19 1.530252999999999888e-19 1.254462999999999909e-19 7.474677000000000284e-21 1.804538999999999891e-19 5.476081999999999817e-19 2.017909000000000099e-18 8.480828000000000553e-18 4.541768999999999703e-17 4.592070999999999514e-16 -1.704191000000000006e-15 -7.398039999999999810e-15 -3.460142999999999909e-16 7.186604999999999560e-15 1.310071000000000063e-14
1.521943999999999962e-13 1.521949000000000071e-13 1.522116000000000044e-13 1.522159999999999948e-13 1.522120000000000082e-13 1.522084000000000000e-13 1.522029000000000057e-13 1.521932999999999923e-13 1.521771000000000060e-13 1.521495000000000021e-13 1.521022000000000110e-13 1.520212000000000036e-13 1.518819999999999985e-13 1.516429999999999881e-13 1.512520000000000052e-13 1.510020000000000062e-13 1.638352999999999996e-13 1.268528999999999925e-13 1.032781000000000040e-13 7.992951000000000613e-14 -7.926097000000000296e-17 -2.230932000000000140e-17 -1.219239000000000019e-17 6.293930000000000066e-18 1.041705999999999971e-18 -6.429520000000000013e-19 1.046723000000000047e-19 1.465286000000000121e-20 1.394766000000000021e-20 -7.868750999999999579e-20 -1.699117999999999904e-19 -4.707172999999999967e-19 -1.107128000000000069e-18 -1.674275999999999988e-18 7.802000000000000547e-18 2.574289000000000246e-16 -1.753046999999999907e-15 -6.632293999999999613e-15 -2.150658000000000039e-16 7.240296999999999486e-15
1.273750000000000000e-13 1.273758999999999894e-13 1.273929000000000084e-13 1.273982999999999955e-13 1.273960000000000057e-13 1.273953000000000055e-13 1.273949000000000018e-13 1.273937999999999978e-13 1.273919000000000118e-13 1.273886000000000001e-13 1.273828000000000093e-13 1.273720999999999920e-13 1.273518999999999938e-13 1.273113000000000080e-13 1.272255000000000065e-13 1.270408999999999964e-13 1.268528999999999925e-13 1.329981000000000026e-13 1.035574999999999982e-13 8.071128000000000069e-14 -7.862962000000000208e-17 -2.142762000000000093e-17 -1.230537000000000003e-17 6.307641000000000255e-18 1.060519000000000027e-18 -6.094980000000000250e-19 1.878487999999999994e-19 5.315466000000000274e-20 -4.158002000000000174e-20 -5.731507000000000135e-20 -1.489090999999999998e-19 -4.738939999999999799e-19 -1.347071000000000041e-18 -3.836305000000000018e-18 -1.055757000000000075e-17 -2.456524000000000134e-17 8.310393000000000427e-17 -1.916987000000000161e-15 -6.268001999999999728e-15 -2.770764000000000150e-16
1.024836000000000042e-13 1.024848000000000027e-13 1.025015999999999946e-13 1.025078000000000017e-13 1.025064000000000013e-13 1.025073000000000034e-13 1.025097999999999950e-13 1.025136000000000051e-13 1.025200999999999960e-13 1.025310999999999972e-13 1.025495000000000039e-13 1.025805000000000015e-13 1.026318999999999991e-13 1.027155000000000055e-13 1.028469999999999959e-13 1.030394000000000027e-13 1.032781000000000040e-13 1.035574999999999982e-13 1.061663000000000007e-13 8.172944999999999412e-14 -7.763665000000000204e-17 -2.010785999999999864e-17 -1.246011999999999992e-17 6.300767999999999845e-18 1.048876999999999923e-18 -6.291142000000000471e-19 1.788214999999999896e-19 7.852441999999999724e-20 1.993271000000000115e-20 -2.387734999999999923e-20 -1.201184000000000069e-19 -2.467058000000000042e-19 -7.764153999999999794e-19 -2.237685000000000046e-18 -6.545655000000000165e-18 -1.912734000000000041e-17 -5.453589000000000140e-17 -7.019018000000000472e-17 -2.175611000000000082e-15 -6.251905000000000366e-15
7.852740999999999386e-14 7.852854000000000498e-14 7.854482000000000216e-14 7.855136999999999672e-14 7.855030999999999823e-14 7.855177999999999863e-14 7.855513999999999954e-14 7.856041999999999555e-14 7.856944999999999799e-14 7.858485000000000214e-14 7.861094000000000017e-14 7.865496000000000123e-14 7.872923999999999422e-14 7.885371999999999896e-14 7.906038999999999882e-14 7.939754999999999423e-14 7.992951000000000613e-14 8.071128000000000069e-14 8.172944999999999412e-14 8.278078000000000010e-14 -7.635806999999999971e-17 -1.812067999999999994e-17 -1.261935000000000057e-17 6.289434000000000179e-18 1.042879000000000096e-18 -6.489647999999999605e-19 1.520433000000000034e-19 4.786150000000000071e-20 -4.579773000000000360e-21 1.017336000000000019e-20 -2.692988000000000130e-20 -1.459839999999999949e-19 -3.508432000000000026e-19 -1.036446999999999905e-18 -2.977138999999999963e-18 -8.631451999999999421e-18 -2.527543999999999930e-17 -7.525236999999999488e-17 -1.831794999999999920e-16 -2.453513999999999975e-15
-1.268724000000000064e-14 -8.199114999999999717e-16 -1.256716999999999936e-16 -7.435335000000000349e-17 -6.028836000000000142e-17 -6.725390999999999438e-17 -7.688130000000000398e-17 -7.793077000000000060e-17 -7.961436000000000475e-17 -8.023055999999999689e-17 -8.018754999999999977e-17 -8.004015999999999827e-17 -7.999495000000000281e-17 -7.997889999999999587e-17 -7.983632000000000353e-17 -7.963835999999999784e-17 -7.926097000000000296e-17 -7.862962000000000208e-17 -7.763665000000000204e-17 -7.635806999999999971e-17 7.426261000000000480e-11 2.178189000000000022e-14 8.028545999999999804e-15 2.753632999999999991e-15 9.174369999999999231e-16 2.938736000000000230e-16 8.808126999999999908e-17 2.677466000000000079e-17 7.486813000000000685e-18 1.849571999999999960e-18 4.717232999999999896e-19 2.050735000000000051e-19 9.805074999999999998e-20 -4.023793000000000004e-21 -6.393582000000000003e-21 -1.784019999999999988e-20 -5.643463000000000048e-22 7.245609000000000178e-22 -4.170425000000000166e-20 -2.172243000000000082e-19
-2.912239999999999691e-14 -1.302164000000000071e-14 -5.438053999999999953e-16 -3.548911999999999964e-18 3.084208000000000067e-17 7.045190999999999847e-18 -1.127822999999999981e-17 -1.897419000000000057e-17 -2.228095000000000007e-17 -2.333136000000000001e-17 -2.368585999999999917e-17 -2.366630999999999991e-17 -2.354280999999999899e-17 -2.349323000000000145e-17 -2.327214000000000011e-17 -2.289082999999999917e-17 -2.230932000000000140e-17 -2.142762000000000093e-17 -2.010785999999999864e-17 -1.812067999999999994e-17 2.178189000000000022e-14 4.373617000000000144e-11 2.245102000000000090e-14 7.977733000000000609e-15 2.662592999999999995e-15 8.479178999999999646e-16 2.583125999999999763e-16 7.602658999999999753e-17 2.155677999999999971e-17 5.977711000000000193e-18 1.591525000000000088e-18 4.578531000000000409e-19 2.086726999999999951e-19 3.474634999999999726e-20 -1.013878000000000049e-20 -1.850367999999999990e-20 -3.447753000000000109e-20 -6.698180000000000149e-20 -1.249878000000000089e-19 -2.026052999999999880e-19
-3.152974000000000103e-15 -3.076275000000000314e-14 -1.318441999999999977e-14 -2.205033999999999880e-16 1.285229999999999932e-16 7.568248000000000129e-17 2.608506999999999920e-17 1.694762000000000088e-18 -7.488313000000000254e-18 -1.060967000000000065e-17 -1.154367000000000045e-17 -1.192568999999999990e-17 -1.188055999999999928e-17 -1.198812999999999940e-17 -1.209716000000000012e-17 -1.211700999999999928e-17 -1.219239000000000019e-17 -1.230537000000000003e-17 -1.246011999999999992e-17 -1.261935000000000057e-17 8.028545999999999804e-15 2.245102000000000090e-14 2.576540999999999856e-11 2.269637000000000084e-14 7.750330000000000649e-15 2.475345999999999814e-15 7.545598000000000146e-16 2.208021000000000001e-16 6.257027999999999798e-17 1.734767999999999951e-17 4.812079999999999743e-18 1.267883999999999924e-18 4.584147000000000102e-19 1.393958000000000000e-19 -1.115254000000000025e-20 5.753514999999999813e-22 5.684880000000000340e-21 1.978244000000000063e-20 3.645793000000000154e-20 6.657066999999999883e-20
3.368907000000000293e-14 -4.201491000000000176e-15 -3.199058999999999905e-14 -1.295935999999999923e-14 1.849201999999999938e-16 2.641653000000000191e-16 1.211641000000000069e-16 4.779323999999999823e-17 1.972934999999999895e-17 1.023970999999999927e-17 7.357790999999999247e-18 6.570172999999999991e-18 6.379253999999999752e-18 6.389867999999999625e-18 6.248402000000000381e-18 6.265155000000000002e-18 6.293930000000000066e-18 6.307641000000000255e-18 6.300767999999999845e-18 6.289434000000000179e-18 2.753632999999999991e-15 7.977733000000000609e-15 2.269637000000000084e-14 1.518593000000000091e-11 2.241581000000000087e-14 7.292271999999999310e-15 2.220918999999999989e-15 6.474631999999999893e-16 1.826846000000000024e-16 5.034364999999999789e-17 1.371461000000000070e-17 3.778424999999999984e-18 1.076270999999999910e-18 3.992681000000000171e-19 5.491828000000000174e-20 2.104775000000000146e-21 1.000592000000000043e-20 1.617607999999999853e-20 4.927066999999999928e-21 -4.932091999999999776e-21
6.178744000000000122e-14 3.233251000000000205e-14 -5.177850000000000310e-15 -3.263783999999999788e-14 -1.237038999999999944e-14 6.223172000000000338e-16 3.561780999999999984e-16 1.293346999999999902e-16 4.166612000000000305e-17 1.283374000000000024e-17 4.248787000000000255e-18 1.877886000000000132e-18 1.152283000000000042e-18 1.122612999999999914e-18 1.032852000000000041e-18 9.762295000000000947e-19 1.041705999999999971e-18 1.060519000000000027e-18 1.048876999999999923e-18 1.042879000000000096e-18 9.174369999999999231e-16 2.662592999999999995e-15 7.750330000000000649e-15 2.241581000000000087e-14 8.957246000000000545e-12 2.156668999999999941e-14 6.628774999999999723e-15 1.920000999999999859e-15 5.373170999999999526e-16 1.471579999999999992e-16 3.999070999999999912e-17 1.097634999999999938e-17 3.010599999999999989e-18 9.524621000000000296e-19 2.810627999999999902e-19 3.083255000000000008e-20 3.292224999999999805e-20 3.096095000000000068e-20 9.694948999999999731e-21 -4.290862000000000232e-21
7.757051999999999893e-14 5.856280000000000568e-14 3.027991000000000179e-14 -5.957273000000000117e-15 -3.250322000000000122e-14 -1.138475999999999924e-14 1.051859000000000079e-15 4.154785000000000222e-16 1.274842000000000107e-16 3.563724000000000220e-17 8.994098999999999492e-18 1.772833999999999884e-18 -2.023685999999999952e-20 -5.743302000000000464e-19 -5.846087000000000030e-19 -7.026368000000000051e-19 -6.429520000000000013e-19 -6.094980000000000250e-19 -6.291142000000000471e-19 -6.489647999999999605e-19 2.938736000000000230e-16 8.479178999999999646e-16 2.475345999999999814e-15 7.292271999999999310e-15 2.156668999999999941e-14 5.289439000000000359e-12 2.014923999999999922e-14 5.815391999999999656e-15 1.604693999999999920e-15 4.343187999999999943e-16 1.169405999999999985e-16 3.183598999999999788e-17 8.972058000000000673e-18 2.556104000000000185e-18 8.462133999999999989e-19 2.021190999999999896e-19 8.235566000000000244e-20 6.089747000000000540e-20 2.411537000000000098e-20 -1.412970999999999913e-21
8.287171999999999759e-14 7.175709999999999370e-14 5.409522000000000025e-14 2.768768000000000108e-14 -6.417487999999999649e-15 -3.151401000000000028e-14 -1.007174000000000064e-14 1.405438999999999999e-15 4.332365000000000043e-16 1.165396999999999963e-16 2.997388999999999913e-17 7.454726000000000495e-18 1.815407000000000035e-18 5.387320000000000466e-19 2.325118000000000222e-19 1.530252999999999888e-19 1.046723000000000047e-19 1.878487999999999994e-19 1.788214999999999896e-19 1.520433000000000034e-19 8.808126999999999908e-17 2.583125999999999763e-16 7.545598000000000146e-16 2.220918999999999989e-15 6.628774999999999723e-15 2.014923999999999922e-14 3.128825999999999819e-12 1.825100999999999914e-14 4.932050999999999962e-15 1.304684000000000001e-15 3.456985999999999826e-16 9.312745999999999796e-17 2.590458000000000056e-17 7.614438999999999547e-18 2.360993999999999842e-18 7.687592000000000463e-19 2.146356000000000050e-19 1.255047000000000036e-19 5.741579000000000081e-20 6.798451999999999333e-21
8.072447999999999704e-14 7.462860000000000575e-14 6.463143000000000585e-14 4.869703000000000157e-14 2.474096999999999939e-14 -6.497856999999999989e-15 -2.970026999999999775e-14 -8.559290000000000289e-15 1.628537999999999998e-15 4.089107999999999766e-16 9.751847999999999511e-17 2.282510000000000037e-17 5.148962000000000166e-18 1.101530000000000062e-18 2.174453000000000185e-19 1.254462999999999909e-19 1.465286000000000121e-20 5.315466000000000274e-20 7.852441999999999724e-20 4.786150000000000071e-20 2.677466000000000079e-17 7.602658999999999753e-17 2.208021000000000001e-16 6.474631999999999893e-16 1.920000999999999859e-15 5.815391999999999656e-15 1.825100999999999914e-14 1.855207000000000013e-12 1.603055999999999912e-14 4.062583000000000089e-15 1.042489999999999906e-15 2.752378999999999951e-16 7.571571999999999481e-17 2.199594000000000069e-17 6.798663999999999741e-18 2.298998999999999965e-18 7.520810999999999901e-19 2.852479999999999978e-19 1.347712000000000075e-19 3.652660000000000292e-20
7.399616999999999559e-14 7.080648000000000588e-14 6.548955999999999757e-14 5.675315999999999705e-14 4.278235999999999967e-14 2.165377000000000081e-14 -6.201957999999999872e-15 -2.719632000000000013e-14 -6.998857000000000044e-15 1.700733999999999998e-15 3.549377000000000246e-16 7.569990999999999396e-17 1.606619999999999853e-17 3.234918999999999989e-18 5.636936999999999875e-19 7.474677000000000284e-21 1.394766000000000021e-20 -4.158002000000000174e-20 1.993271000000000115e-20 -4.579773000000000360e-21 7.486813000000000685e-18 2.155677999999999971e-17 6.257027999999999798e-17 1.826846000000000024e-16 5.373170999999999526e-16 1.604693999999999920e-15 4.932050999999999962e-15 1.603055999999999912e-14 1.103609000000000008e-12 1.368482999999999956e-14 3.277005000000000087e-15 8.303801999999999597e-16 2.232613000000000155e-16 6.410557000000000424e-17 1.974378999999999993e-17 6.449995999999999988e-18 2.301084000000000135e-18 8.007471000000000053e-19 3.401262000000000021e-19 1.233248999999999973e-19
6.501710999999999992e-14 6.340566000000000329e-14 6.069576000000000238e-14 5.617387999999999762e-14 4.873066999999999712e-14 3.679039999999999765e-14 1.862606000000000116e-14 -5.599954999999999702e-15 -2.421905999999999876e-14 -5.533204999999999948e-15 1.631905000000000038e-15 2.857207000000000084e-16 5.448007999999999769e-17 1.033165999999999977e-17 1.736918999999999948e-18 1.804538999999999891e-19 -7.868750999999999579e-20 -5.731507000000000135e-20 -2.387734999999999923e-20 1.017336000000000019e-20 1.849571999999999960e-18 5.977711000000000193e-18 1.734767999999999951e-17 5.034364999999999789e-17 1.471579999999999992e-16 4.343187999999999943e-16 1.304684000000000001e-15 4.062583000000000089e-15 1.368482999999999956e-14 6.593278999999999779e-13 1.140691999999999959e-14 2.620203999999999928e-15 6.712573999999999608e-16 1.881656000000000120e-16 5.729318999999999520e-17 1.876802000000000007e-17 6.494484999999999998e-18 2.365442999999999948e-18 8.868971000000000245e-19 3.589267999999999770e-19
5.549781999999999823e-14 5.470299000000000105e-14 5.336082000000000315e-14 5.110285000000000247e-14 4.733203999999999751e-14 4.111575999999999898e-14 3.111630000000000116e-14 1.582402000000000109e-14 -4.799950000000000224e-15 -2.102393999999999902e-14 -4.268972999999999879e-15 1.455295999999999933e-15 2.136408999999999923e-16 3.586703000000000258e-17 5.693996999999999824e-18 5.476081999999999817e-19 -1.699117999999999904e-19 -1.489090999999999998e-19 -1.201184000000000069e-19 -2.692988000000000130e-20 4.717232999999999896e-19 1.591525000000000088e-18 4.812079999999999743e-18 1.371461000000000070e-17 3.999070999999999912e-17 1.169405999999999985e-16 3.456985999999999826e-16 1.042489999999999906e-15 3.277005000000000087e-15 1.140691999999999959e-14 3.960970999999999905e-13 9.352430000000000393e-15 2.110251999999999960e-15 5.614914000000000227e-16 1.672152999999999918e-16 5.426358000000000196e-17 1.879805999999999964e-17 6.827211999999999691e-18 2.516598999999999870e-18 9.776334000000000861e-19
4.657324999999999923e-14 4.618679999999999864e-14 4.553235000000000238e-14 4.442684999999999891e-14 4.256675999999999830e-14 3.945839000000000258e-14 3.432900000000000069e-14 2.606158999999999914e-14 1.336688000000000077e-14 -3.916876999999999611e-15 -1.785766999999999895e-14 -3.264923999999999881e-15 1.214026000000000057e-15 1.473247999999999943e-16 2.064094000000000135e-17 2.017909000000000099e-18 -4.707172999999999967e-19 -4.738939999999999799e-19 -2.467058000000000042e-19 -1.459839999999999949e-19 2.050735000000000051e-19 4.578531000000000409e-19 1.267883999999999924e-18 3.778424999999999984e-18 1.097634999999999938e-17 3.183598999999999788e-17 9.312745999999999796e-17 2.752378999999999951e-16 8.303801999999999597e-16 2.620203999999999928e-15 9.352430000000000393e-15 2.396774000000000082e-13 7.621321000000000370e-15 1.744056999999999933e-15 4.938540999999999798e-16 1.574724000000000096e-16 5.421802000000000172e-17 1.963844999999999891e-17 7.350146999999999289e-18 2.752412999999999900e-18
3.889998000000000067e-14 3.871234000000000143e-14 3.839431000000000127e-14 3.785570000000000019e-14 3.694552000000000164e-14 3.541418000000000228e-14 3.285459000000000046e-14 2.862922000000000178e-14 2.181308000000000143e-14 1.132443999999999987e-14 -3.048119000000000099e-15 -1.492288000000000002e-14 -2.534301000000000000e-15 9.490371000000000636e-16 9.115329999999999706e-17 8.480828000000000553e-18 -1.107128000000000069e-18 -1.347071000000000041e-18 -7.764153999999999794e-19 -3.508432000000000026e-19 9.805074999999999998e-20 2.086726999999999951e-19 4.584147000000000102e-19 1.076270999999999910e-18 3.010599999999999989e-18 8.972058000000000673e-18 2.590458000000000056e-17 7.571571999999999481e-17 2.232613000000000155e-16 6.712573999999999608e-16 2.110251999999999960e-15 7.621321000000000370e-15 1.464133999999999979e-13 6.256599999999999942e-15 1.505360000000000070e-15 4.600322999999999830e-16 1.565338000000000075e-16 5.655053000000000504e-17 2.109960000000000134e-17 8.002124000000000577e-18
3.277017000000000293e-14 3.267789999999999877e-14 3.252141000000000162e-14 3.225624000000000130e-14 3.180728000000000278e-14 3.104857000000000272e-14 2.977229999999999826e-14 2.763978000000000123e-14 2.412092999999999888e-14 1.844789999999999907e-14 9.721651999999999355e-15 -2.260618999999999825e-15 -1.235931999999999984e-14 -2.056733000000000046e-15 6.915663999999999719e-16 4.541768999999999703e-17 -1.674275999999999988e-18 -3.836305000000000018e-18 -2.237685000000000046e-18 -1.036446999999999905e-18 -4.023793000000000004e-21 3.474634999999999726e-20 1.393958000000000000e-19 3.992681000000000171e-19 9.524621000000000296e-19 2.556104000000000185e-18 7.614438999999999547e-18 2.199594000000000069e-17 6.410557000000000424e-17 1.881656000000000120e-16 5.614914000000000227e-16 1.744056999999999933e-15 6.256599999999999942e-15 9.061560000000000619e-14 5.255112999999999767e-15 1.372147999999999987e-15 4.528646999999999689e-16 1.625986000000000001e-16 6.067833999999999756e-17 2.300609000000000143e-17
2.822446999999999850e-14 2.817798999999999859e-14 2.809902999999999937e-14 2.796503999999999973e-14 2.773796000000000157e-14 2.735361999999999975e-14 2.670451999999999951e-14 2.561284999999999887e-14 2.379043999999999851e-14 2.078720000000000141e-14 1.595592000000000152e-14 8.548425999999999882e-15 -1.589612000000000043e-15 -1.024172000000000030e-14 -1.793782999999999984e-15 4.592070999999999514e-16 7.802000000000000547e-18 -1.055757000000000075e-17 -6.545655000000000165e-18 -2.977138999999999963e-18 -6.393582000000000003e-21 -1.013878000000000049e-20 -1.115254000000000025e-20 5.491828000000000174e-20 2.810627999999999902e-19 8.462133999999999989e-19 2.360993999999999842e-18 6.798663999999999741e-18 1.974378999999999993e-17 5.729318999999999520e-17 1.672152999999999918e-16 4.938540999999999798e-16 1.505360000000000070e-15 5.255112999999999767e-15 5.714274999999999398e-14 4.583591999999999638e-15 1.323324000000000044e-15 4.667699999999999900e-16 1.739891999999999894e-16 6.612267000000000254e-17
2.515311999999999880e-14 2.512880000000000080e-14 2.508747999999999957e-14 2.501728999999999911e-14 2.489812000000000077e-14 2.469606999999999899e-14 2.435418000000000006e-14 2.377725000000000037e-14 2.280743999999999970e-14 2.119050999999999888e-14 1.853135000000000085e-14 1.426853999999999973e-14 7.770570999999999394e-15 -1.046083000000000081e-15 -8.592058999999999619e-15 -1.704191000000000006e-15 2.574289000000000246e-16 -2.456524000000000134e-17 -1.912734000000000041e-17 -8.631451999999999421e-18 -1.784019999999999988e-20 -1.850367999999999990e-20 5.753514999999999813e-22 2.104775000000000146e-21 3.083255000000000008e-20 2.021190999999999896e-19 7.687592000000000463e-19 2.298998999999999965e-18 6.449995999999999988e-18 1.876802000000000007e-17 5.426358000000000196e-17 1.574724000000000096e-16 4.600322999999999830e-16 1.372147999999999987e-15 4.583591999999999638e-15 3.704869999999999793e-14 4.195572000000000090e-15 1.341105999999999945e-15 4.968618000000000227e-16 1.893923999999999938e-16
2.337253000000000116e-14 2.335916999999999890e-14 2.333648000000000090e-14 2.329794999999999907e-14 2.323255999999999900e-14 2.312161000000000062e-14 2.293348000000000125e-14 2.261515000000000146e-14 2.207827999999999950e-14 2.117665999999999965e-14 1.967546999999999941e-14 1.721287999999999897e-14 1.328216000000000045e-14 7.335472999999999517e-15 -6.303725999999999517e-16 -7.398039999999999810e-15 -1.753046999999999907e-15 8.310393000000000427e-17 -5.453589000000000140e-17 -2.527543999999999930e-17 -5.643463000000000048e-22 -3.447753000000000109e-20 5.684880000000000340e-21 1.000592000000000043e-20 3.292224999999999805e-20 8.235566000000000244e-20 2.146356000000000050e-19 7.520810999999999901e-19 2.301084000000000135e-18 6.494484999999999998e-18 1.879805999999999964e-17 5.421802000000000172e-17 1.565338000000000075e-16 4.528646999999999689e-16 1.323324000000000044e-15 4.195572000000000090e-15 2.502960999999999928e-14 4.042113999999999796e-15 1.410548999999999997e-15 5.393184000000000468e-16
2.266382000000000152e-14 2.265611999999999944e-14 2.264304999999999862e-14 2.262087000000000030e-14 2.258322999999999916e-14 2.251937999999999951e-14 2.241110000000000005e-14 2.222760000000000012e-14 2.191715999999999976e-14 2.139368999999999916e-14 2.051551000000000113e-14 1.905537999999999844e-14 1.666628999999999890e-14 1.286994999999999922e-14 7.172864999999999459e-15 -3.460142999999999909e-16 -6.632293999999999613e-15 -1.916987000000000161e-15 -7.019018000000000472e-17 -7.525236999999999488e-17 7.245609000000000178e-22 -6.698180000000000149e-20 1.978244000000000063e-20 1.617607999999999853e-20 3.096095000000000068e-20 6.089747000000000540e-20 1.255047000000000036e-19 2.852479999999999978e-19 8.007471000000000053e-19 2.365442999999999948e-18 6.827211999999999691e-18 1.963844999999999891e-17 5.655053000000000504e-17 1.625986000000000001e-16 4.667699999999999900e-16 1.341105999999999945e-15 4.042113999999999796e-15 1.792631999999999899e-14 4.077405000000000234e-15 1.519553000000000062e-15
2.277641999999999944e-14 2.277179000000000000e-14 2.276399000000000015e-14 2.275072000000000062e-14 2.272818000000000085e-14 2.268992999999999910e-14 2.262504999999999872e-14 2.251504999999999970e-14 2.232870999999999991e-14 2.201358000000000143e-14 2.148229000000000143e-14 2.059175999999999916e-14 1.911294999999999910e-14 1.669874000000000044e-14 1.287785000000000000e-14 7.186604999999999560e-15 -2.150658000000000039e-16 -6.268001999999999728e-15 -2.175611000000000082e-15 -1.831794999999999920e-16 -4.170425000000000166e-20 -1.249878000000000089e-19 3.645793000000000154e-20 4.927066999999999928e-21 9.694948999999999731e-21 2.411537000000000098e-20 5.741579000000000081e-20 1.347712000000000075e-19 3.401262000000000021e-19 8.868971000000000245e-19 2.516598999999999870e-18 7.350146999999999289e-18 2.109960000000000134e-17 6.067833999999999756e-17 1.739891999999999894e-16 4.968618000000000227e-16 1.410548999999999997e-15 4.077405000000000234e-15 1.384606000000000001e-14 4.258960000000000085e-15
2.339495000000000044e-14 2.339204999999999876e-14 2.338732000000000154e-14 2.337916999999999844e-14 2.336531999999999921e-14 2.334179999999999918e-14 2.330187000000000012e-14 2.323411000000000077e-14 2.311921999999999862e-14 2.292463999999999932e-14 2.259568000000000117e-14 2.204124999999999898e-14 2.111242999999999900e-14 1.957169999999999891e-14 1.706095000000000126e-14 1.310071000000000063e-14 7.240296999999999486e-15 -2.770764000000000150e-16 -6.251905000000000366e-15 -2.453513999999999975e-15 -2.172243000000000082e-19 -2.026052999999999880e-19 6.657066999999999883e-20 -4.932091999999999776e-21 -4.290862000000000232e-21 -1.412970999999999913e-21 6.798451999999999333e-21 3.652660000000000292e-20 1.233248999999999973e-19 3.589267999999999770e-19 9.776334000000000861e-19 2.752412999999999900e-18 8.002124000000000577e-18 2.300609000000000143e-17 6.612267000000000254e-17 1.893923999999999938e-16 5.393184000000000468e-16 1.519553000000000062e-15 4.258960000000000085e-15 1.162921000000000029e-14
