# Please cite the following papers in research using this covariance:
# arXiv: 1601.05779, https://arxiv.org/abs/1601.05779
# arXiv: 1911.11947, https://arxiv.org/abs/1911.11947
# arXiv: 2004.04833, https://arxiv.org/abs/2004.04833
########################################################
0 0 3.369410e-04 3.369410e-04 0 0 0 0 7.518901e-11 4.343923e-12
0 1 3.369410e-04 4.391424e-04 0 0 0 0 8.742212e-13 3.810244e-12
0 2 3.369410e-04 5.723437e-04 0 0 0 0 7.656161e-13 3.291980e-12
0 3 3.369410e-04 7.459478e-04 0 0 0 0 6.651763e-13 2.792953e-12
0 4 3.369410e-04 9.722096e-04 0 0 0 0 5.772701e-13 2.326376e-12
0 5 3.369410e-04 1.267102e-03 0 0 0 0 5.029930e-13 1.903427e-12
0 6 3.369410e-04 1.651440e-03 0 0 0 0 4.418486e-13 1.531441e-12
0 7 3.369410e-04 2.152358e-03 0 0 0 0 3.922976e-13 1.216739e-12
0 8 3.369410e-04 2.805213e-03 0 0 0 0 3.522282e-13 9.580953e-13
0 9 3.369410e-04 3.656095e-03 0 0 0 0 3.193812e-13 7.525438e-13
0 10 3.369410e-04 4.765066e-03 0 0 0 0 2.916177e-13 5.936880e-13
0 11 3.369410e-04 6.210412e-03 0 0 0 0 2.670810e-13 4.704523e-13
0 12 3.369410e-04 8.094162e-03 0 0 0 0 2.442660e-13 3.776166e-13
0 13 3.369410e-04 1.054929e-02 0 0 0 0 2.220242e-13 3.021111e-13
0 14 3.369410e-04 1.374912e-02 0 0 0 0 1.995407e-13 2.436783e-13
0 15 3.369410e-04 1.791952e-02 0 0 0 0 1.763191e-13 1.928475e-13
0 16 3.369410e-04 2.335489e-02 0 0 0 0 1.521944e-13 1.512823e-13
0 17 3.369410e-04 3.043893e-02 0 0 0 0 1.273750e-13 1.151548e-13
0 18 3.369410e-04 3.967171e-02 0 0 0 0 1.024836e-13 8.494075e-14
0 19 3.369410e-04 5.170498e-02 0 0 0 0 7.852741e-14 6.034504e-14
1 0 4.391424e-04 3.369410e-04 0 0 0 0 8.742212e-13 3.810244e-12
1 1 4.391424e-04 4.391424e-04 0 0 0 0 4.455662e-11 3.348456e-12
1 2 4.391424e-04 5.723437e-04 0 0 0 0 7.736174e-13 2.898882e-12
1 3 4.391424e-04 7.459478e-04 0 0 0 0 6.716574e-13 2.464699e-12
1 4 4.391424e-04 9.722096e-04 0 0 0 0 5.813851e-13 2.057319e-12
1 5 4.391424e-04 1.267102e-03 0 0 0 0 5.053291e-13 1.686560e-12
1 6 4.391424e-04 1.651440e-03 0 0 0 0 4.430702e-13 1.359157e-12
1 7 4.391424e-04 2.152358e-03 0 0 0 0 3.928886e-13 1.080941e-12
1 8 4.391424e-04 2.805213e-03 0 0 0 0 3.524948e-13 8.513513e-13
1 9 4.391424e-04 3.656095e-03 0 0 0 0 3.194929e-13 6.682690e-13
1 10 4.391424e-04 4.765066e-03 0 0 0 0 2.916598e-13 5.264230e-13
1 11 4.391424e-04 6.210412e-03 0 0 0 0 2.670949e-13 4.164219e-13
1 12 4.391424e-04 8.094162e-03 0 0 0 0 2.442694e-13 3.336184e-13
1 13 4.391424e-04 1.054929e-02 0 0 0 0 2.220243e-13 2.665805e-13
1 14 4.391424e-04 1.374912e-02 0 0 0 0 1.995404e-13 2.148936e-13
1 15 4.391424e-04 1.791952e-02 0 0 0 0 1.763192e-13 1.700854e-13
1 16 4.391424e-04 2.335489e-02 0 0 0 0 1.521949e-13 1.335855e-13
1 17 4.391424e-04 3.043893e-02 0 0 0 0 1.273759e-13 1.018472e-13
1 18 4.391424e-04 3.967171e-02 0 0 0 0 1.024848e-13 7.533017e-14
1 19 4.391424e-04 5.170498e-02 0 0 0 0 7.852854e-14 5.368699e-14
2 0 5.723437e-04 3.369410e-04 0 0 0 0 7.656161e-13 3.291980e-12
2 1 5.723437e-04 4.391424e-04 0 0 0 0 7.736174e-13 2.898882e-12
2 2 5.723437e-04 5.723437e-04 0 0 0 0 2.648849e-11 2.515264e-12
2 3 5.723437e-04 7.459478e-04 0 0 0 0 6.822894e-13 2.143650e-12
2 4 5.723437e-04 9.722096e-04 0 0 0 0 5.886167e-13 1.793658e-12
2 5 5.723437e-04 1.267102e-03 0 0 0 0 5.094598e-13 1.473745e-12
2 6 5.723437e-04 1.651440e-03 0 0 0 0 4.452218e-13 1.189964e-12
2 7 5.723437e-04 2.152358e-03 0 0 0 0 3.939319e-13 9.476067e-13
2 8 5.723437e-04 2.805213e-03 0 0 0 0 3.529716e-13 7.466893e-13
2 9 5.723437e-04 3.656095e-03 0 0 0 0 3.197007e-13 5.858302e-13
2 10 5.723437e-04 4.765066e-03 0 0 0 0 2.917488e-13 4.608067e-13
2 11 5.723437e-04 6.210412e-03 0 0 0 0 2.671350e-13 3.638434e-13
2 12 5.723437e-04 8.094162e-03 0 0 0 0 2.442917e-13 2.908782e-13
2 13 5.723437e-04 1.054929e-02 0 0 0 0 2.220410e-13 2.320902e-13
2 14 5.723437e-04 1.374912e-02 0 0 0 0 1.995561e-13 1.869375e-13
2 15 5.723437e-04 1.791952e-02 0 0 0 0 1.763354e-13 1.479557e-13
2 16 5.723437e-04 2.335489e-02 0 0 0 0 1.522116e-13 1.163392e-13
2 17 5.723437e-04 3.043893e-02 0 0 0 0 1.273929e-13 8.884383e-14
2 18 5.723437e-04 3.967171e-02 0 0 0 0 1.025016e-13 6.590290e-14
2 19 5.723437e-04 5.170498e-02 0 0 0 0 7.854482e-14 4.712649e-14
3 0 7.459478e-04 3.369410e-04 0 0 0 0 6.651763e-13 2.792953e-12
3 1 7.459478e-04 4.391424e-04 0 0 0 0 6.716574e-13 2.464699e-12
3 2 7.459478e-04 5.723437e-04 0 0 0 0 6.822894e-13 2.143650e-12
3 3 7.459478e-04 7.459478e-04 0 0 0 0 1.582154e-11 1.831756e-12
3 4 7.459478e-04 9.722096e-04 0 0 0 0 6.011506e-13 1.536930e-12
3 5 7.459478e-04 1.267102e-03 0 0 0 0 5.168710e-13 1.266206e-12
3 6 7.459478e-04 1.651440e-03 0 0 0 0 4.490382e-13 1.024797e-12
3 7 7.459478e-04 2.152358e-03 0 0 0 0 3.957470e-13 8.174368e-13
3 8 7.459478e-04 2.805213e-03 0 0 0 0 3.537783e-13 6.446427e-13
3 9 7.459478e-04 3.656095e-03 0 0 0 0 3.200351e-13 5.056382e-13
3 10 7.459478e-04 4.765066e-03 0 0 0 0 2.918765e-13 3.971723e-13
3 11 7.459478e-04 6.210412e-03 0 0 0 0 2.671788e-13 3.130003e-13
3 12 7.459478e-04 8.094162e-03 0 0 0 0 2.443049e-13 2.496402e-13
3 13 7.459478e-04 1.054929e-02 0 0 0 0 2.220447e-13 1.988461e-13
3 14 7.459478e-04 1.374912e-02 0 0 0 0 1.995582e-13 1.599821e-13
3 15 7.459478e-04 1.791952e-02 0 0 0 0 1.763385e-13 1.265951e-13
3 16 7.459478e-04 2.335489e-02 0 0 0 0 1.522160e-13 9.964811e-14
3 17 7.459478e-04 3.043893e-02 0 0 0 0 1.273983e-13 7.622132e-14
3 18 7.459478e-04 3.967171e-02 0 0 0 0 1.025078e-13 5.671090e-14
3 19 7.459478e-04 5.170498e-02 0 0 0 0 7.855137e-14 4.069627e-14
4 0 9.722096e-04 3.369410e-04 0 0 0 0 5.772701e-13 2.326376e-12
4 1 9.722096e-04 4.391424e-04 0 0 0 0 5.813851e-13 2.057319e-12
4 2 9.722096e-04 5.723437e-04 0 0 0 0 5.886167e-13 1.793658e-12
4 3 9.722096e-04 7.459478e-04 0 0 0 0 6.011506e-13 1.536930e-12
4 4 9.722096e-04 9.722096e-04 0 0 0 0 9.516023e-12 1.293531e-12
4 5 9.722096e-04 1.267102e-03 0 0 0 0 5.304637e-13 1.069039e-12
4 6 9.722096e-04 1.651440e-03 0 0 0 0 4.560890e-13 8.676860e-13
4 7 9.722096e-04 2.152358e-03 0 0 0 0 3.990282e-13 6.936060e-13
4 8 9.722096e-04 2.805213e-03 0 0 0 0 3.552033e-13 5.476835e-13
4 9 9.722096e-04 3.656095e-03 0 0 0 0 3.206110e-13 4.296085e-13
4 10 9.722096e-04 4.765066e-03 0 0 0 0 2.920874e-13 3.370403e-13
4 11 9.722096e-04 6.210412e-03 0 0 0 0 2.672433e-13 2.651203e-13
4 12 9.722096e-04 8.094162e-03 0 0 0 0 2.443159e-13 2.109122e-13
4 13 9.722096e-04 1.054929e-02 0 0 0 0 2.220398e-13 1.676727e-13
4 14 9.722096e-04 1.374912e-02 0 0 0 0 1.995505e-13 1.347040e-13
4 15 9.722096e-04 1.791952e-02 0 0 0 0 1.763322e-13 1.065428e-13
4 16 9.722096e-04 2.335489e-02 0 0 0 0 1.522120e-13 8.393419e-14
4 17 9.722096e-04 3.043893e-02 0 0 0 0 1.273960e-13 6.429768e-14
4 18 9.722096e-04 3.967171e-02 0 0 0 0 1.025064e-13 4.798317e-14
4 19 9.722096e-04 5.170498e-02 0 0 0 0 7.855031e-14 3.455427e-14
5 0 1.267102e-03 3.369410e-04 0 0 0 0 5.029930e-13 1.903427e-12
5 1 1.267102e-03 4.391424e-04 0 0 0 0 5.053291e-13 1.686560e-12
5 2 1.267102e-03 5.723437e-04 0 0 0 0 5.094598e-13 1.473745e-12
5 3 1.267102e-03 7.459478e-04 0 0 0 0 5.168710e-13 1.266206e-12
5 4 1.267102e-03 9.722096e-04 0 0 0 0 5.304637e-13 1.069039e-12
5 5 1.267102e-03 1.267102e-03 0 0 0 0 5.782062e-12 8.865594e-13
5 6 1.267102e-03 1.651440e-03 0 0 0 0 4.698138e-13 7.220389e-13
5 7 1.267102e-03 2.152358e-03 0 0 0 0 4.052888e-13 5.788626e-13
5 8 1.267102e-03 2.805213e-03 0 0 0 0 3.578367e-13 4.579605e-13
5 9 1.267102e-03 3.656095e-03 0 0 0 0 3.216516e-13 3.593961e-13
5 10 1.267102e-03 4.765066e-03 0 0 0 0 2.924645e-13 2.817219e-13
5 11 1.267102e-03 6.210412e-03 0 0 0 0 2.673599e-13 2.212472e-13
5 12 1.267102e-03 8.094162e-03 0 0 0 0 2.443390e-13 1.755440e-13
5 13 1.267102e-03 1.054929e-02 0 0 0 0 2.220345e-13 1.392665e-13
5 14 1.267102e-03 1.374912e-02 0 0 0 0 1.995407e-13 1.116762e-13
5 15 1.267102e-03 1.791952e-02 0 0 0 0 1.763248e-13 8.825801e-14
5 16 1.267102e-03 2.335489e-02 0 0 0 0 1.522084e-13 6.955958e-14
5 17 1.267102e-03 3.043893e-02 0 0 0 0 1.273953e-13 5.334788e-14
5 18 1.267102e-03 3.967171e-02 0 0 0 0 1.025073e-13 3.992027e-14
5 19 1.267102e-03 5.170498e-02 0 0 0 0 7.855178e-14 2.884157e-14
6 0 1.651440e-03 3.369410e-04 0 0 0 0 4.418486e-13 1.531441e-12
6 1 1.651440e-03 4.391424e-04 0 0 0 0 4.430702e-13 1.359157e-12
6 2 1.651440e-03 5.723437e-04 0 0 0 0 4.452218e-13 1.189964e-12
6 3 1.651440e-03 7.459478e-04 0 0 0 0 4.490382e-13 1.024797e-12
6 4 1.651440e-03 9.722096e-04 0 0 0 0 4.560890e-13 8.676860e-13
6 5 1.651440e-03 1.267102e-03 0 0 0 0 4.698138e-13 7.220389e-13
6 6 1.651440e-03 1.651440e-03 0 0 0 0 3.565340e-12 5.903848e-13
6 7 1.651440e-03 2.152358e-03 0 0 0 0 4.182721e-13 4.751783e-13
6 8 1.651440e-03 2.805213e-03 0 0 0 0 3.630257e-13 3.769961e-13
6 9 1.651440e-03 3.656095e-03 0 0 0 0 3.236109e-13 2.961870e-13
6 10 1.651440e-03 4.765066e-03 0 0 0 0 2.931546e-13 2.321340e-13
6 11 1.651440e-03 6.210412e-03 0 0 0 0 2.675707e-13 1.820693e-13
6 12 1.651440e-03 8.094162e-03 0 0 0 0 2.443817e-13 1.440810e-13
6 13 1.651440e-03 1.054929e-02 0 0 0 0 2.220273e-13 1.140731e-13
6 14 1.651440e-03 1.374912e-02 0 0 0 0 1.995249e-13 9.126941e-14
6 15 1.651440e-03 1.791952e-02 0 0 0 0 1.763131e-13 7.204594e-14
6 16 1.651440e-03 2.335489e-02 0 0 0 0 1.522029e-13 5.677545e-14
6 17 1.651440e-03 3.043893e-02 0 0 0 0 1.273949e-13 4.357114e-14
6 18 1.651440e-03 3.967171e-02 0 0 0 0 1.025098e-13 3.267610e-14
6 19 1.651440e-03 5.170498e-02 0 0 0 0 7.855514e-14 2.367331e-14
7 0 2.152358e-03 3.369410e-04 0 0 0 0 3.922976e-13 1.216739e-12
7 1 2.152358e-03 4.391424e-04 0 0 0 0 3.928886e-13 1.080941e-12
7 2 2.152358e-03 5.723437e-04 0 0 0 0 3.939319e-13 9.476067e-13
7 3 2.152358e-03 7.459478e-04 0 0 0 0 3.957470e-13 8.174368e-13
7 4 2.152358e-03 9.722096e-04 0 0 0 0 3.990282e-13 6.936060e-13
7 5 2.152358e-03 1.267102e-03 0 0 0 0 4.052888e-13 5.788626e-13
7 6 2.152358e-03 1.651440e-03 0 0 0 0 4.182721e-13 4.751783e-13
7 7 2.152358e-03 2.152358e-03 0 0 0 0 2.244532e-12 3.841860e-13
7 8 2.152358e-03 2.805213e-03 0 0 0 0 3.745734e-13 3.060149e-13
7 9 2.152358e-03 3.656095e-03 0 0 0 0 3.276161e-13 2.410441e-13
7 10 2.152358e-03 4.765066e-03 0 0 0 0 2.944866e-13 1.891112e-13
7 11 2.152358e-03 6.210412e-03 0 0 0 0 2.679655e-13 1.481922e-13
7 12 2.152358e-03 8.094162e-03 0 0 0 0 2.444623e-13 1.170058e-13
7 13 2.152358e-03 1.054929e-02 0 0 0 0 2.220161e-13 9.247672e-14
7 14 2.152358e-03 1.374912e-02 0 0 0 0 1.994980e-13 7.379997e-14
7 15 2.152358e-03 1.791952e-02 0 0 0 0 1.762930e-13 5.816991e-14
7 16 2.152358e-03 2.335489e-02 0 0 0 0 1.521933e-13 4.580145e-14
7 17 2.152358e-03 3.043893e-02 0 0 0 0 1.273938e-13 3.514583e-14
7 18 2.152358e-03 3.967171e-02 0 0 0 0 1.025136e-13 2.639184e-14
7 19 2.152358e-03 5.170498e-02 0 0 0 0 7.856042e-14 1.915630e-14
8 0 2.805213e-03 3.369410e-04 0 0 0 0 3.522282e-13 9.580953e-13
8 1 2.805213e-03 4.391424e-04 0 0 0 0 3.524948e-13 8.513513e-13
8 2 2.805213e-03 5.723437e-04 0 0 0 0 3.529716e-13 7.466893e-13
8 3 2.805213e-03 7.459478e-04 0 0 0 0 3.537783e-13 6.446427e-13
8 4 2.805213e-03 9.722096e-04 0 0 0 0 3.552033e-13 5.476835e-13
8 5 2.805213e-03 1.267102e-03 0 0 0 0 3.578367e-13 4.579605e-13
8 6 2.805213e-03 1.651440e-03 0 0 0 0 3.630257e-13 3.769961e-13
8 7 2.805213e-03 2.152358e-03 0 0 0 0 3.745734e-13 3.060149e-13
8 8 2.805213e-03 2.805213e-03 0 0 0 0 1.453227e-12 2.449863e-13
8 9 2.805213e-03 3.656095e-03 0 0 0 0 3.372822e-13 1.939637e-13
8 10 2.805213e-03 4.765066e-03 0 0 0 0 2.973391e-13 1.526144e-13
8 11 2.805213e-03 6.210412e-03 0 0 0 0 2.687608e-13 1.195504e-13
8 12 2.805213e-03 8.094162e-03 0 0 0 0 2.446253e-13 9.425381e-14
8 13 2.805213e-03 1.054929e-02 0 0 0 0 2.220026e-13 7.439488e-14
8 14 2.805213e-03 1.374912e-02 0 0 0 0 1.994533e-13 5.919998e-14
8 15 2.805213e-03 1.791952e-02 0 0 0 0 1.762588e-13 4.658909e-14
8 16 2.805213e-03 2.335489e-02 0 0 0 0 1.521771e-13 3.662365e-14
8 17 2.805213e-03 3.043893e-02 0 0 0 0 1.273919e-13 2.807875e-14
8 18 2.805213e-03 3.967171e-02 0 0 0 0 1.025201e-13 2.108969e-14
8 19 2.805213e-03 5.170498e-02 0 0 0 0 7.856945e-14 1.531873e-14
9 0 3.656095e-03 3.369410e-04 0 0 0 0 3.193812e-13 7.525438e-13
9 1 3.656095e-03 4.391424e-04 0 0 0 0 3.194929e-13 6.682690e-13
9 2 3.656095e-03 5.723437e-04 0 0 0 0 3.197007e-13 5.858302e-13
9 3 3.656095e-03 7.459478e-04 0 0 0 0 3.200351e-13 5.056382e-13
9 4 3.656095e-03 9.722096e-04 0 0 0 0 3.206110e-13 4.296085e-13
9 5 3.656095e-03 1.267102e-03 0 0 0 0 3.216516e-13 3.593961e-13
9 6 3.656095e-03 1.651440e-03 0 0 0 0 3.236109e-13 2.961870e-13
9 7 3.656095e-03 2.152358e-03 0 0 0 0 3.276161e-13 2.410441e-13
9 8 3.656095e-03 2.805213e-03 0 0 0 0 3.372822e-13 1.939637e-13
9 9 3.656095e-03 3.656095e-03 0 0 0 0 9.751395e-13 1.546190e-13
9 10 3.656095e-03 4.765066e-03 0 0 0 0 3.049326e-13 1.222782e-13
9 11 3.656095e-03 6.210412e-03 0 0 0 0 2.705880e-13 9.595440e-14
9 12 3.656095e-03 8.094162e-03 0 0 0 0 2.449922e-13 7.567450e-14
9 13 3.656095e-03 1.054929e-02 0 0 0 0 2.219965e-13 5.965482e-14
9 14 3.656095e-03 1.374912e-02 0 0 0 0 1.993801e-13 4.732785e-14
9 15 3.656095e-03 1.791952e-02 0 0 0 0 1.762012e-13 3.719653e-14
9 16 3.656095e-03 2.335489e-02 0 0 0 0 1.521495e-13 2.917256e-14
9 17 3.656095e-03 3.043893e-02 0 0 0 0 1.273886e-13 2.233115e-14
9 18 3.656095e-03 3.967171e-02 0 0 0 0 1.025311e-13 1.675608e-14
9 19 3.656095e-03 5.170498e-02 0 0 0 0 7.858485e-14 1.216308e-14
10 0 4.765066e-03 3.369410e-04 0 0 0 0 2.916177e-13 5.936880e-13
10 1 4.765066e-03 4.391424e-04 0 0 0 0 2.916598e-13 5.264230e-13
10 2 4.765066e-03 5.723437e-04 0 0 0 0 2.917488e-13 4.608067e-13
10 3 4.765066e-03 7.459478e-04 0 0 0 0 2.918765e-13 3.971723e-13
10 4 4.765066e-03 9.722096e-04 0 0 0 0 2.920874e-13 3.370403e-13
10 5 4.765066e-03 1.267102e-03 0 0 0 0 2.924645e-13 2.817219e-13
10 6 4.765066e-03 1.651440e-03 0 0 0 0 2.931546e-13 2.321340e-13
10 7 4.765066e-03 2.152358e-03 0 0 0 0 2.944866e-13 1.891112e-13
10 8 4.765066e-03 2.805213e-03 0 0 0 0 2.973391e-13 1.526144e-13
10 9 4.765066e-03 3.656095e-03 0 0 0 0 3.049326e-13 1.222782e-13
10 10 4.765066e-03 4.765066e-03 0 0 0 0 6.824436e-13 9.735869e-14
10 11 4.765066e-03 6.210412e-03 0 0 0 0 2.761384e-13 7.691009e-14
10 12 4.765066e-03 8.094162e-03 0 0 0 0 2.459725e-13 6.086341e-14
10 13 4.765066e-03 1.054929e-02 0 0 0 0 2.220455e-13 4.789855e-14
10 14 4.765066e-03 1.374912e-02 0 0 0 0 1.992653e-13 3.789639e-14
10 15 4.765066e-03 1.791952e-02 0 0 0 0 1.761041e-13 2.975446e-14
10 16 4.765066e-03 2.335489e-02 0 0 0 0 1.521022e-13 2.326719e-14
10 17 4.765066e-03 3.043893e-02 0 0 0 0 1.273828e-13 1.777431e-14
10 18 4.765066e-03 3.967171e-02 0 0 0 0 1.025495e-13 1.330740e-14
10 19 4.765066e-03 5.170498e-02 0 0 0 0 7.861094e-14 9.639456e-15
11 0 6.210412e-03 3.369410e-04 0 0 0 0 2.670810e-13 4.704523e-13
11 1 6.210412e-03 4.391424e-04 0 0 0 0 2.670949e-13 4.164219e-13
11 2 6.210412e-03 5.723437e-04 0 0 0 0 2.671350e-13 3.638434e-13
11 3 6.210412e-03 7.459478e-04 0 0 0 0 2.671788e-13 3.130003e-13
11 4 6.210412e-03 9.722096e-04 0 0 0 0 2.672433e-13 2.651203e-13
11 5 6.210412e-03 1.267102e-03 0 0 0 0 2.673599e-13 2.212472e-13
11 6 6.210412e-03 1.651440e-03 0 0 0 0 2.675707e-13 1.820693e-13
11 7 6.210412e-03 2.152358e-03 0 0 0 0 2.679655e-13 1.481922e-13
11 8 6.210412e-03 2.805213e-03 0 0 0 0 2.687608e-13 1.195504e-13
11 9 6.210412e-03 3.656095e-03 0 0 0 0 2.705880e-13 9.595440e-14
11 10 6.210412e-03 4.765066e-03 0 0 0 0 2.761384e-13 7.691009e-14
11 11 6.210412e-03 6.210412e-03 0 0 0 0 4.994757e-13 6.138667e-14
11 12 6.210412e-03 8.094162e-03 0 0 0 0 2.496714e-13 4.889978e-14
11 13 6.210412e-03 1.054929e-02 0 0 0 0 2.223756e-13 3.846898e-14
11 14 6.210412e-03 1.374912e-02 0 0 0 0 1.991045e-13 3.040049e-14
11 15 6.210412e-03 1.791952e-02 0 0 0 0 1.759426e-13 2.384212e-14
11 16 6.210412e-03 2.335489e-02 0 0 0 0 1.520212e-13 1.858019e-14
11 17 6.210412e-03 3.043893e-02 0 0 0 0 1.273721e-13 1.416821e-14
11 18 6.210412e-03 3.967171e-02 0 0 0 0 1.025805e-13 1.057890e-14
11 19 6.210412e-03 5.170498e-02 0 0 0 0 7.865496e-14 7.640874e-15
12 0 8.094162e-03 3.369410e-04 0 0 0 0 2.442660e-13 3.776166e-13
12 1 8.094162e-03 4.391424e-04 0 0 0 0 2.442694e-13 3.336184e-13
12 2 8.094162e-03 5.723437e-04 0 0 0 0 2.442917e-13 2.908782e-13
12 3 8.094162e-03 7.459478e-04 0 0 0 0 2.443049e-13 2.496402e-13
12 4 8.094162e-03 9.722096e-04 0 0 0 0 2.443159e-13 2.109122e-13
12 5 8.094162e-03 1.267102e-03 0 0 0 0 2.443390e-13 1.755440e-13
12 6 8.094162e-03 1.651440e-03 0 0 0 0 2.443817e-13 1.440810e-13
12 7 8.094162e-03 2.152358e-03 0 0 0 0 2.444623e-13 1.170058e-13
12 8 8.094162e-03 2.805213e-03 0 0 0 0 2.446253e-13 9.425381e-14
12 9 8.094162e-03 3.656095e-03 0 0 0 0 2.449922e-13 7.567450e-14
12 10 8.094162e-03 4.765066e-03 0 0 0 0 2.459725e-13 6.086341e-14
12 11 8.094162e-03 6.210412e-03 0 0 0 0 2.496714e-13 4.889978e-14
12 12 8.094162e-03 8.094162e-03 0 0 0 0 3.813735e-13 3.925839e-14
12 13 8.094162e-03 1.054929e-02 0 0 0 0 2.245177e-13 3.107948e-14
12 14 8.094162e-03 1.374912e-02 0 0 0 0 1.989848e-13 2.464056e-14
12 15 8.094162e-03 1.791952e-02 0 0 0 0 1.756826e-13 1.928207e-14
12 16 8.094162e-03 2.335489e-02 0 0 0 0 1.518820e-13 1.496821e-14
12 17 8.094162e-03 3.043893e-02 0 0 0 0 1.273519e-13 1.139924e-14
12 18 8.094162e-03 3.967171e-02 0 0 0 0 1.026319e-13 8.485828e-15
12 19 8.094162e-03 5.170498e-02 0 0 0 0 7.872924e-14 6.108257e-15
13 0 1.054929e-02 3.369410e-04 0 0 0 0 2.220242e-13 3.021111e-13
13 1 1.054929e-02 4.391424e-04 0 0 0 0 2.220243e-13 2.665805e-13
13 2 1.054929e-02 5.723437e-04 0 0 0 0 2.220410e-13 2.320902e-13
13 3 1.054929e-02 7.459478e-04 0 0 0 0 2.220447e-13 1.988461e-13
13 4 1.054929e-02 9.722096e-04 0 0 0 0 2.220398e-13 1.676727e-13
13 5 1.054929e-02 1.267102e-03 0 0 0 0 2.220345e-13 1.392665e-13
13 6 1.054929e-02 1.651440e-03 0 0 0 0 2.220273e-13 1.140731e-13
13 7 1.054929e-02 2.152358e-03 0 0 0 0 2.220161e-13 9.247672e-14
13 8 1.054929e-02 2.805213e-03 0 0 0 0 2.220026e-13 7.439488e-14
13 9 1.054929e-02 3.656095e-03 0 0 0 0 2.219965e-13 5.965482e-14
13 10 1.054929e-02 4.765066e-03 0 0 0 0 2.220455e-13 4.789855e-14
13 11 1.054929e-02 6.210412e-03 0 0 0 0 2.223756e-13 3.846898e-14
13 12 1.054929e-02 8.094162e-03 0 0 0 0 2.245177e-13 3.107948e-14
13 13 1.054929e-02 1.054929e-02 0 0 0 0 3.015098e-13 2.491189e-14
13 14 1.054929e-02 1.374912e-02 0 0 0 0 1.999251e-13 1.990482e-14
13 15 1.054929e-02 1.791952e-02 0 0 0 0 1.753182e-13 1.554415e-14
13 16 1.054929e-02 2.335489e-02 0 0 0 0 1.516430e-13 1.203319e-14
13 17 1.054929e-02 3.043893e-02 0 0 0 0 1.273113e-13 9.156722e-15
13 18 1.054929e-02 3.967171e-02 0 0 0 0 1.027155e-13 6.797249e-15
13 19 1.054929e-02 5.170498e-02 0 0 0 0 7.885372e-14 4.880852e-15
14 0 1.374912e-02 3.369410e-04 0 0 0 0 1.995407e-13 2.436783e-13
14 1 1.374912e-02 4.391424e-04 0 0 0 0 1.995404e-13 2.148936e-13
14 2 1.374912e-02 5.723437e-04 0 0 0 0 1.995561e-13 1.869375e-13
14 3 1.374912e-02 7.459478e-04 0 0 0 0 1.995582e-13 1.599821e-13
14 4 1.374912e-02 9.722096e-04 0 0 0 0 1.995505e-13 1.347040e-13
14 5 1.374912e-02 1.267102e-03 0 0 0 0 1.995407e-13 1.116762e-13
14 6 1.374912e-02 1.651440e-03 0 0 0 0 1.995249e-13 9.126941e-14
14 7 1.374912e-02 2.152358e-03 0 0 0 0 1.994980e-13 7.379997e-14
14 8 1.374912e-02 2.805213e-03 0 0 0 0 1.994533e-13 5.919998e-14
14 9 1.374912e-02 3.656095e-03 0 0 0 0 1.993801e-13 4.732785e-14
14 10 1.374912e-02 4.765066e-03 0 0 0 0 1.992653e-13 3.789639e-14
14 11 1.374912e-02 6.210412e-03 0 0 0 0 1.991045e-13 3.040049e-14
14 12 1.374912e-02 8.094162e-03 0 0 0 0 1.989848e-13 2.464056e-14
14 13 1.374912e-02 1.054929e-02 0 0 0 0 1.999251e-13 1.990482e-14
14 14 1.374912e-02 1.374912e-02 0 0 0 0 2.441162e-13 1.603422e-14
14 15 1.374912e-02 1.791952e-02 0 0 0 0 1.754506e-13 1.257952e-14
14 16 1.374912e-02 2.335489e-02 0 0 0 0 1.512520e-13 9.765281e-15
14 17 1.374912e-02 3.043893e-02 0 0 0 0 1.272255e-13 7.421552e-15
14 18 1.374912e-02 3.967171e-02 0 0 0 0 1.028470e-13 5.490204e-15
14 19 1.374912e-02 5.170498e-02 0 0 0 0 7.906039e-14 3.938963e-15
15 0 1.791952e-02 3.369410e-04 0 0 0 0 1.763191e-13 1.928475e-13
15 1 1.791952e-02 4.391424e-04 0 0 0 0 1.763192e-13 1.700854e-13
15 2 1.791952e-02 5.723437e-04 0 0 0 0 1.763354e-13 1.479557e-13
15 3 1.791952e-02 7.459478e-04 0 0 0 0 1.763385e-13 1.265951e-13
15 4 1.791952e-02 9.722096e-04 0 0 0 0 1.763322e-13 1.065428e-13
15 5 1.791952e-02 1.267102e-03 0 0 0 0 1.763248e-13 8.825801e-14
15 6 1.791952e-02 1.651440e-03 0 0 0 0 1.763131e-13 7.204594e-14
15 7 1.791952e-02 2.152358e-03 0 0 0 0 1.762930e-13 5.816991e-14
15 8 1.791952e-02 2.805213e-03 0 0 0 0 1.762588e-13 4.658909e-14
15 9 1.791952e-02 3.656095e-03 0 0 0 0 1.762012e-13 3.719653e-14
15 10 1.791952e-02 4.765066e-03 0 0 0 0 1.761041e-13 2.975446e-14
15 11 1.791952e-02 6.210412e-03 0 0 0 0 1.759426e-13 2.384212e-14
15 12 1.791952e-02 8.094162e-03 0 0 0 0 1.756826e-13 1.928207e-14
15 13 1.791952e-02 1.054929e-02 0 0 0 0 1.753182e-13 1.554415e-14
15 14 1.791952e-02 1.374912e-02 0 0 0 0 1.754506e-13 1.257952e-14
15 15 1.791952e-02 1.791952e-02 0 0 0 0 1.999641e-13 9.991671e-15
15 16 1.791952e-02 2.335489e-02 0 0 0 0 1.510020e-13 7.828391e-15
15 17 1.791952e-02 3.043893e-02 0 0 0 0 1.270409e-13 5.940805e-15
15 18 1.791952e-02 3.967171e-02 0 0 0 0 1.030394e-13 4.381013e-15
15 19 1.791952e-02 5.170498e-02 0 0 0 0 7.939755e-14 3.146670e-15
16 0 2.335489e-02 3.369410e-04 0 0 0 0 1.521944e-13 1.512823e-13
16 1 2.335489e-02 4.391424e-04 0 0 0 0 1.521949e-13 1.335855e-13
16 2 2.335489e-02 5.723437e-04 0 0 0 0 1.522116e-13 1.163392e-13
16 3 2.335489e-02 7.459478e-04 0 0 0 0 1.522160e-13 9.964811e-14
16 4 2.335489e-02 9.722096e-04 0 0 0 0 1.522120e-13 8.393419e-14
16 5 2.335489e-02 1.267102e-03 0 0 0 0 1.522084e-13 6.955958e-14
16 6 2.335489e-02 1.651440e-03 0 0 0 0 1.522029e-13 5.677545e-14
16 7 2.335489e-02 2.152358e-03 0 0 0 0 1.521933e-13 4.580145e-14
16 8 2.335489e-02 2.805213e-03 0 0 0 0 1.521771e-13 3.662365e-14
16 9 2.335489e-02 3.656095e-03 0 0 0 0 1.521495e-13 2.917256e-14
16 10 2.335489e-02 4.765066e-03 0 0 0 0 1.521022e-13 2.326719e-14
16 11 2.335489e-02 6.210412e-03 0 0 0 0 1.520212e-13 1.858019e-14
16 12 2.335489e-02 8.094162e-03 0 0 0 0 1.518820e-13 1.496821e-14
16 13 2.335489e-02 1.054929e-02 0 0 0 0 1.516430e-13 1.203319e-14
16 14 2.335489e-02 1.374912e-02 0 0 0 0 1.512520e-13 9.765281e-15
16 15 2.335489e-02 1.791952e-02 0 0 0 0 1.510020e-13 7.828391e-15
16 16 2.335489e-02 2.335489e-02 0 0 0 0 1.638353e-13 6.193224e-15
16 17 2.335489e-02 3.043893e-02 0 0 0 0 1.268529e-13 4.718918e-15
16 18 2.335489e-02 3.967171e-02 0 0 0 0 1.032781e-13 3.490834e-15
16 19 2.335489e-02 5.170498e-02 0 0 0 0 7.992951e-14 2.513551e-15
17 0 3.043893e-02 3.369410e-04 0 0 0 0 1.273750e-13 1.151548e-13
17 1 3.043893e-02 4.391424e-04 0 0 0 0 1.273759e-13 1.018472e-13
17 2 3.043893e-02 5.723437e-04 0 0 0 0 1.273929e-13 8.884383e-14
17 3 3.043893e-02 7.459478e-04 0 0 0 0 1.273983e-13 7.622132e-14
17 4 3.043893e-02 9.722096e-04 0 0 0 0 1.273960e-13 6.429768e-14
17 5 3.043893e-02 1.267102e-03 0 0 0 0 1.273953e-13 5.334788e-14
17 6 3.043893e-02 1.651440e-03 0 0 0 0 1.273949e-13 4.357114e-14
17 7 3.043893e-02 2.152358e-03 0 0 0 0 1.273938e-13 3.514583e-14
17 8 3.043893e-02 2.805213e-03 0 0 0 0 1.273919e-13 2.807875e-14
17 9 3.043893e-02 3.656095e-03 0 0 0 0 1.273886e-13 2.233115e-14
17 10 3.043893e-02 4.765066e-03 0 0 0 0 1.273828e-13 1.777431e-14
17 11 3.043893e-02 6.210412e-03 0 0 0 0 1.273721e-13 1.416821e-14
17 12 3.043893e-02 8.094162e-03 0 0 0 0 1.273519e-13 1.139924e-14
17 13 3.043893e-02 1.054929e-02 0 0 0 0 1.273113e-13 9.156722e-15
17 14 3.043893e-02 1.374912e-02 0 0 0 0 1.272255e-13 7.421552e-15
17 15 3.043893e-02 1.791952e-02 0 0 0 0 1.270409e-13 5.940805e-15
17 16 3.043893e-02 2.335489e-02 0 0 0 0 1.268529e-13 4.718918e-15
17 17 3.043893e-02 3.043893e-02 0 0 0 0 1.329981e-13 3.637676e-15
17 18 3.043893e-02 3.967171e-02 0 0 0 0 1.035575e-13 2.723160e-15
17 19 3.043893e-02 5.170498e-02 0 0 0 0 8.071128e-14 1.965898e-15
18 0 3.967171e-02 3.369410e-04 0 0 0 0 1.024836e-13 8.494075e-14
18 1 3.967171e-02 4.391424e-04 0 0 0 0 1.024848e-13 7.533017e-14
18 2 3.967171e-02 5.723437e-04 0 0 0 0 1.025016e-13 6.590290e-14
18 3 3.967171e-02 7.459478e-04 0 0 0 0 1.025078e-13 5.671090e-14
18 4 3.967171e-02 9.722096e-04 0 0 0 0 1.025064e-13 4.798317e-14
18 5 3.967171e-02 1.267102e-03 0 0 0 0 1.025073e-13 3.992027e-14
18 6 3.967171e-02 1.651440e-03 0 0 0 0 1.025098e-13 3.267610e-14
18 7 3.967171e-02 2.152358e-03 0 0 0 0 1.025136e-13 2.639184e-14
18 8 3.967171e-02 2.805213e-03 0 0 0 0 1.025201e-13 2.108969e-14
18 9 3.967171e-02 3.656095e-03 0 0 0 0 1.025311e-13 1.675608e-14
18 10 3.967171e-02 4.765066e-03 0 0 0 0 1.025495e-13 1.330740e-14
18 11 3.967171e-02 6.210412e-03 0 0 0 0 1.025805e-13 1.057890e-14
18 12 3.967171e-02 8.094162e-03 0 0 0 0 1.026319e-13 8.485828e-15
18 13 3.967171e-02 1.054929e-02 0 0 0 0 1.027155e-13 6.797249e-15
18 14 3.967171e-02 1.374912e-02 0 0 0 0 1.028470e-13 5.490204e-15
18 15 3.967171e-02 1.791952e-02 0 0 0 0 1.030394e-13 4.381013e-15
18 16 3.967171e-02 2.335489e-02 0 0 0 0 1.032781e-13 3.490834e-15
18 17 3.967171e-02 3.043893e-02 0 0 0 0 1.035575e-13 2.723160e-15
18 18 3.967171e-02 3.967171e-02 0 0 0 0 1.061663e-13 2.067706e-15
18 19 3.967171e-02 5.170498e-02 0 0 0 0 8.172945e-14 1.502783e-15
19 0 5.170498e-02 3.369410e-04 0 0 0 0 7.852741e-14 6.034504e-14
19 1 5.170498e-02 4.391424e-04 0 0 0 0 7.852854e-14 5.368699e-14
19 2 5.170498e-02 5.723437e-04 0 0 0 0 7.854482e-14 4.712649e-14
19 3 5.170498e-02 7.459478e-04 0 0 0 0 7.855137e-14 4.069627e-14
19 4 5.170498e-02 9.722096e-04 0 0 0 0 7.855031e-14 3.455427e-14
19 5 5.170498e-02 1.267102e-03 0 0 0 0 7.855178e-14 2.884157e-14
19 6 5.170498e-02 1.651440e-03 0 0 0 0 7.855514e-14 2.367331e-14
19 7 5.170498e-02 2.152358e-03 0 0 0 0 7.856042e-14 1.915630e-14
19 8 5.170498e-02 2.805213e-03 0 0 0 0 7.856945e-14 1.531873e-14
19 9 5.170498e-02 3.656095e-03 0 0 0 0 7.858485e-14 1.216308e-14
19 10 5.170498e-02 4.765066e-03 0 0 0 0 7.861094e-14 9.639456e-15
19 11 5.170498e-02 6.210412e-03 0 0 0 0 7.865496e-14 7.640874e-15
19 12 5.170498e-02 8.094162e-03 0 0 0 0 7.872924e-14 6.108257e-15
19 13 5.170498e-02 1.054929e-02 0 0 0 0 7.885372e-14 4.880852e-15
19 14 5.170498e-02 1.374912e-02 0 0 0 0 7.906039e-14 3.938963e-15
19 15 5.170498e-02 1.791952e-02 0 0 0 0 7.939755e-14 3.146670e-15
19 16 5.170498e-02 2.335489e-02 0 0 0 0 7.992951e-14 2.513551e-15
19 17 5.170498e-02 3.043893e-02 0 0 0 0 8.071128e-14 1.965898e-15
19 18 5.170498e-02 3.967171e-02 0 0 0 0 8.172945e-14 1.502783e-15
19 19 5.170498e-02 5.170498e-02 0 0 0 0 8.278078e-14 1.105721e-15
# Please cite the following papers in research using this covariance:
# arXiv: 1601.05779, https://arxiv.org/abs/1601.05779
# arXiv: 1911.11947, https://arxiv.org/abs/1911.11947
# arXiv: 2004.04833, https://arxiv.org/abs/2004.04833
########################################################
20 20 3.369410e-04 3.369410e-04 0 0 0 0 7.426261e-11 5.185509e-14
20 21 3.369410e-04 4.391424e-04 0 0 0 0 2.178189e-14 5.357279e-14
20 22 3.369410e-04 5.723437e-04 0 0 0 0 8.028546e-15 5.555713e-14
20 23 3.369410e-04 7.459478e-04 0 0 0 0 2.753633e-15 5.672021e-14
20 24 3.369410e-04 9.722096e-04 0 0 0 0 9.174370e-16 5.681946e-14
20 25 3.369410e-04 1.267102e-03 0 0 0 0 2.938736e-16 5.568371e-14
20 26 3.369410e-04 1.651440e-03 0 0 0 0 8.808127e-17 5.302836e-14
20 27 3.369410e-04 2.152358e-03 0 0 0 0 2.677466e-17 4.922819e-14
20 28 3.369410e-04 2.805213e-03 0 0 0 0 7.486813e-18 4.411245e-14
20 29 3.369410e-04 3.656095e-03 0 0 0 0 1.849572e-18 3.848236e-14
20 30 3.369410e-04 4.765066e-03 0 0 0 0 4.717233e-19 3.246476e-14
20 31 3.369410e-04 6.210412e-03 0 0 0 0 2.050735e-19 2.670870e-14
20 32 3.369410e-04 8.094162e-03 0 0 0 0 9.805075e-20 2.158867e-14
20 33 3.369410e-04 1.054929e-02 0 0 0 0 -4.023793e-21 1.711780e-14
20 34 3.369410e-04 1.374912e-02 0 0 0 0 -6.393582e-21 1.368686e-14
20 35 3.369410e-04 1.791952e-02 0 0 0 0 -1.784020e-20 1.087690e-14
20 36 3.369410e-04 2.335489e-02 0 0 0 0 -5.643463e-22 8.861010e-15
20 37 3.369410e-04 3.043893e-02 0 0 0 0 7.245609e-22 7.298461e-15
20 38 3.369410e-04 3.967171e-02 0 0 0 0 -4.170425e-20 6.112821e-15
20 39 3.369410e-04 5.170498e-02 0 0 0 0 -2.172243e-19 5.192818e-15
21 20 4.391424e-04 3.369410e-04 0 0 0 0 2.178189e-14 5.357279e-14
21 21 4.391424e-04 4.391424e-04 0 0 0 0 4.373617e-11 5.540920e-14
21 22 4.391424e-04 5.723437e-04 0 0 0 0 2.245102e-14 5.752971e-14
21 23 4.391424e-04 7.459478e-04 0 0 0 0 7.977733e-15 5.879658e-14
21 24 4.391424e-04 9.722096e-04 0 0 0 0 2.662593e-15 5.896558e-14
21 25 4.391424e-04 1.267102e-03 0 0 0 0 8.479179e-16 5.785628e-14
21 26 4.391424e-04 1.651440e-03 0 0 0 0 2.583126e-16 5.517114e-14
21 27 4.391424e-04 2.152358e-03 0 0 0 0 7.602659e-17 5.129279e-14
21 28 4.391424e-04 2.805213e-03 0 0 0 0 2.155678e-17 4.603547e-14
21 29 4.391424e-04 3.656095e-03 0 0 0 0 5.977711e-18 4.021557e-14
21 30 4.391424e-04 4.765066e-03 0 0 0 0 1.591525e-18 3.396349e-14
21 31 4.391424e-04 6.210412e-03 0 0 0 0 4.578531e-19 2.796109e-14
21 32 4.391424e-04 8.094162e-03 0 0 0 0 2.086727e-19 2.260252e-14
21 33 4.391424e-04 1.054929e-02 0 0 0 0 3.474635e-20 1.791512e-14
21 34 4.391424e-04 1.374912e-02 0 0 0 0 -1.013878e-20 1.431459e-14
21 35 4.391424e-04 1.791952e-02 0 0 0 0 -1.850368e-20 1.136275e-14
21 36 4.391424e-04 2.335489e-02 0 0 0 0 -3.447753e-20 9.247963e-15
21 37 4.391424e-04 3.043893e-02 0 0 0 0 -6.698180e-20 7.608363e-15
21 38 4.391424e-04 3.967171e-02 0 0 0 0 -1.249878e-19 6.367544e-15
21 39 4.391424e-04 5.170498e-02 0 0 0 0 -2.026053e-19 5.406373e-15
22 20 5.723437e-04 3.369410e-04 0 0 0 0 8.028546e-15 5.555713e-14
22 21 5.723437e-04 4.391424e-04 0 0 0 0 2.245102e-14 5.752971e-14
22 22 5.723437e-04 5.723437e-04 0 0 0 0 2.576541e-11 5.981772e-14
22 23 5.723437e-04 7.459478e-04 0 0 0 0 2.269637e-14 6.123258e-14
22 24 5.723437e-04 9.722096e-04 0 0 0 0 7.750330e-15 6.151243e-14
22 25 5.723437e-04 1.267102e-03 0 0 0 0 2.475346e-15 6.044538e-14
22 26 5.723437e-04 1.651440e-03 0 0 0 0 7.545598e-16 5.773031e-14
22 27 5.723437e-04 2.152358e-03 0 0 0 0 2.208021e-16 5.377036e-14
22 28 5.723437e-04 2.805213e-03 0 0 0 0 6.257028e-17 4.835834e-14
22 29 5.723437e-04 3.656095e-03 0 0 0 0 1.734768e-17 4.232374e-14
22 30 5.723437e-04 4.765066e-03 0 0 0 0 4.812080e-18 3.580045e-14
22 31 5.723437e-04 6.210412e-03 0 0 0 0 1.267884e-18 2.950646e-14
22 32 5.723437e-04 8.094162e-03 0 0 0 0 4.584147e-19 2.385916e-14
22 33 5.723437e-04 1.054929e-02 0 0 0 0 1.393958e-19 1.890622e-14
22 34 5.723437e-04 1.374912e-02 0 0 0 0 -1.115254e-20 1.509440e-14
22 35 5.723437e-04 1.791952e-02 0 0 0 0 5.753515e-22 1.196449e-14
22 36 5.723437e-04 2.335489e-02 0 0 0 0 5.684880e-21 9.725336e-15
22 37 5.723437e-04 3.043893e-02 0 0 0 0 1.978244e-20 7.988372e-15
22 38 5.723437e-04 3.967171e-02 0 0 0 0 3.645793e-20 6.678695e-15
22 39 5.723437e-04 5.170498e-02 0 0 0 0 6.657067e-20 5.666309e-15
23 20 7.459478e-04 3.369410e-04 0 0 0 0 2.753633e-15 5.672021e-14
23 21 7.459478e-04 4.391424e-04 0 0 0 0 7.977733e-15 5.879658e-14
23 22 7.459478e-04 5.723437e-04 0 0 0 0 2.269637e-14 6.123258e-14
23 23 7.459478e-04 7.459478e-04 0 0 0 0 1.518593e-11 6.282191e-14
23 24 7.459478e-04 9.722096e-04 0 0 0 0 2.241581e-14 6.326448e-14
23 25 7.459478e-04 1.267102e-03 0 0 0 0 7.292272e-15 6.228853e-14
23 26 7.459478e-04 1.651440e-03 0 0 0 0 2.220919e-15 5.960532e-14
23 27 7.459478e-04 2.152358e-03 0 0 0 0 6.474632e-16 5.563915e-14
23 28 7.459478e-04 2.805213e-03 0 0 0 0 1.826846e-16 5.016219e-14
23 29 7.459478e-04 3.656095e-03 0 0 0 0 5.034365e-17 4.400691e-14
23 30 7.459478e-04 4.765066e-03 0 0 0 0 1.371461e-17 3.730643e-14
23 31 7.459478e-04 6.210412e-03 0 0 0 0 3.778425e-18 3.079908e-14
23 32 7.459478e-04 8.094162e-03 0 0 0 0 1.076271e-18 2.492140e-14
23 33 7.459478e-04 1.054929e-02 0 0 0 0 3.992681e-19 1.974749e-14
23 34 7.459478e-04 1.374912e-02 0 0 0 0 5.491828e-20 1.575253e-14
23 35 7.459478e-04 1.791952e-02 0 0 0 0 2.104775e-21 1.246483e-14
23 36 7.459478e-04 2.335489e-02 0 0 0 0 1.000592e-20 1.011570e-14
23 37 7.459478e-04 3.043893e-02 0 0 0 0 1.617608e-20 8.291547e-15
23 38 7.459478e-04 3.967171e-02 0 0 0 0 4.927067e-21 6.922725e-15
23 39 7.459478e-04 5.170498e-02 0 0 0 0 -4.932092e-21 5.867134e-15
24 20 9.722096e-04 3.369410e-04 0 0 0 0 9.174370e-16 5.681946e-14
24 21 9.722096e-04 4.391424e-04 0 0 0 0 2.662593e-15 5.896558e-14
24 22 9.722096e-04 5.723437e-04 0 0 0 0 7.750330e-15 6.151243e-14
24 23 9.722096e-04 7.459478e-04 0 0 0 0 2.241581e-14 6.326448e-14
24 24 9.722096e-04 9.722096e-04 0 0 0 0 8.957246e-12 6.389976e-14
24 25 9.722096e-04 1.267102e-03 0 0 0 0 2.156669e-14 6.309821e-14
24 26 9.722096e-04 1.651440e-03 0 0 0 0 6.628775e-15 6.056484e-14
24 27 9.722096e-04 2.152358e-03 0 0 0 0 1.920001e-15 5.669335e-14
24 28 9.722096e-04 2.805213e-03 0 0 0 0 5.373171e-16 5.125365e-14
24 29 9.722096e-04 3.656095e-03 0 0 0 0 1.471580e-16 4.509536e-14
24 30 9.722096e-04 4.765066e-03 0 0 0 0 3.999071e-17 3.834206e-14
24 31 9.722096e-04 6.210412e-03 0 0 0 0 1.097635e-17 3.172712e-14
24 32 9.722096e-04 8.094162e-03 0 0 0 0 3.010600e-18 2.570265e-14
24 33 9.722096e-04 1.054929e-02 0 0 0 0 9.524621e-19 2.037312e-14
24 34 9.722096e-04 1.374912e-02 0 0 0 0 2.810628e-19 1.623723e-14
24 35 9.722096e-04 1.791952e-02 0 0 0 0 3.083255e-20 1.282291e-14
24 36 9.722096e-04 2.335489e-02 0 0 0 0 3.292225e-20 1.038528e-14
24 37 9.722096e-04 3.043893e-02 0 0 0 0 3.096095e-20 8.489311e-15
24 38 9.722096e-04 3.967171e-02 0 0 0 0 9.694949e-21 7.075262e-15
24 39 9.722096e-04 5.170498e-02 0 0 0 0 -4.290862e-21 5.987599e-15
25 20 1.267102e-03 3.369410e-04 0 0 0 0 2.938736e-16 5.568371e-14
25 21 1.267102e-03 4.391424e-04 0 0 0 0 8.479179e-16 5.785628e-14
25 22 1.267102e-03 5.723437e-04 0 0 0 0 2.475346e-15 6.044538e-14
25 23 1.267102e-03 7.459478e-04 0 0 0 0 7.292272e-15 6.228853e-14
25 24 1.267102e-03 9.722096e-04 0 0 0 0 2.156669e-14 6.309821e-14
25 25 1.267102e-03 1.267102e-03 0 0 0 0 5.289439e-12 6.256671e-14
25 26 1.267102e-03 1.651440e-03 0 0 0 0 2.014924e-14 6.034141e-14
25 27 1.267102e-03 2.152358e-03 0 0 0 0 5.815392e-15 5.668570e-14
25 28 1.267102e-03 2.805213e-03 0 0 0 0 1.604694e-15 5.139771e-14
25 29 1.267102e-03 3.656095e-03 0 0 0 0 4.343188e-16 4.537012e-14
25 30 1.267102e-03 4.765066e-03 0 0 0 0 1.169406e-16 3.870822e-14
25 31 1.267102e-03 6.210412e-03 0 0 0 0 3.183599e-17 3.211967e-14
25 32 1.267102e-03 8.094162e-03 0 0 0 0 8.972058e-18 2.606750e-14
25 33 1.267102e-03 1.054929e-02 0 0 0 0 2.556104e-18 2.067914e-14
25 34 1.267102e-03 1.374912e-02 0 0 0 0 8.462134e-19 1.646873e-14
25 35 1.267102e-03 1.791952e-02 0 0 0 0 2.021191e-19 1.297930e-14
25 36 1.267102e-03 2.335489e-02 0 0 0 0 8.235566e-20 1.048751e-14
25 37 1.267102e-03 3.043893e-02 0 0 0 0 6.089747e-20 8.544966e-15
25 38 1.267102e-03 3.967171e-02 0 0 0 0 2.411537e-20 7.106242e-15
25 39 1.267102e-03 5.170498e-02 0 0 0 0 -1.412971e-21 6.002225e-15
26 20 1.651440e-03 3.369410e-04 0 0 0 0 8.808127e-17 5.302836e-14
26 21 1.651440e-03 4.391424e-04 0 0 0 0 2.583126e-16 5.517114e-14
26 22 1.651440e-03 5.723437e-04 0 0 0 0 7.545598e-16 5.773031e-14
26 23 1.651440e-03 7.459478e-04 0 0 0 0 2.220919e-15 5.960532e-14
26 24 1.651440e-03 9.722096e-04 0 0 0 0 6.628775e-15 6.056484e-14
26 25 1.651440e-03 1.267102e-03 0 0 0 0 2.014924e-14 6.034141e-14
26 26 1.651440e-03 1.651440e-03 0 0 0 0 3.128826e-12 5.853620e-14
26 27 1.651440e-03 2.152358e-03 0 0 0 0 1.825101e-14 5.526892e-14
26 28 1.651440e-03 2.805213e-03 0 0 0 0 4.932051e-15 5.034759e-14
26 29 1.651440e-03 3.656095e-03 0 0 0 0 1.304684e-15 4.463080e-14
26 30 1.651440e-03 4.765066e-03 0 0 0 0 3.456986e-16 3.821378e-14
26 31 1.651440e-03 6.210412e-03 0 0 0 0 9.312746e-17 3.181211e-14
26 32 1.651440e-03 8.094162e-03 0 0 0 0 2.590458e-17 2.588631e-14
26 33 1.651440e-03 1.054929e-02 0 0 0 0 7.614439e-18 2.056305e-14
26 34 1.651440e-03 1.374912e-02 0 0 0 0 2.360994e-18 1.636727e-14
26 35 1.651440e-03 1.791952e-02 0 0 0 0 7.687592e-19 1.287267e-14
26 36 1.651440e-03 2.335489e-02 0 0 0 0 2.146356e-19 1.037290e-14
26 37 1.651440e-03 3.043893e-02 0 0 0 0 1.255047e-19 8.417940e-15
26 38 1.651440e-03 3.967171e-02 0 0 0 0 5.741579e-20 6.981212e-15
26 39 1.651440e-03 5.170498e-02 0 0 0 0 6.798452e-21 5.881192e-15
27 20 2.152358e-03 3.369410e-04 0 0 0 0 2.677466e-17 4.922819e-14
27 21 2.152358e-03 4.391424e-04 0 0 0 0 7.602659e-17 5.129279e-14
27 22 2.152358e-03 5.723437e-04 0 0 0 0 2.208021e-16 5.377036e-14
27 23 2.152358e-03 7.459478e-04 0 0 0 0 6.474632e-16 5.563915e-14
27 24 2.152358e-03 9.722096e-04 0 0 0 0 1.920001e-15 5.669335e-14
27 25 2.152358e-03 1.267102e-03 0 0 0 0 5.815392e-15 5.668570e-14
27 26 2.152358e-03 1.651440e-03 0 0 0 0 1.825101e-14 5.526892e-14
27 27 2.152358e-03 2.152358e-03 0 0 0 0 1.855207e-12 5.254646e-14
27 28 2.152358e-03 2.805213e-03 0 0 0 0 1.603056e-14 4.825397e-14
27 29 2.152358e-03 3.656095e-03 0 0 0 0 4.062583e-15 4.301475e-14
27 30 2.152358e-03 4.765066e-03 0 0 0 0 1.042490e-15 3.694143e-14
27 31 2.152358e-03 6.210412e-03 0 0 0 0 2.752379e-16 3.085344e-14
27 32 2.152358e-03 8.094162e-03 0 0 0 0 7.571572e-17 2.518799e-14
27 33 2.152358e-03 1.054929e-02 0 0 0 0 2.199594e-17 2.004094e-14
27 34 2.152358e-03 1.374912e-02 0 0 0 0 6.798664e-18 1.595000e-14
27 35 2.152358e-03 1.791952e-02 0 0 0 0 2.298999e-18 1.252215e-14
27 36 2.152358e-03 2.335489e-02 0 0 0 0 7.520811e-19 1.006108e-14
27 37 2.152358e-03 3.043893e-02 0 0 0 0 2.852480e-19 8.128867e-15
27 38 2.152358e-03 3.967171e-02 0 0 0 0 1.347712e-19 6.718995e-15
27 39 2.152358e-03 5.170498e-02 0 0 0 0 3.652660e-20 5.641543e-15
28 20 2.805213e-03 3.369410e-04 0 0 0 0 7.486813e-18 4.411245e-14
28 21 2.805213e-03 4.391424e-04 0 0 0 0 2.155678e-17 4.603547e-14
28 22 2.805213e-03 5.723437e-04 0 0 0 0 6.257028e-17 4.835834e-14
28 23 2.805213e-03 7.459478e-04 0 0 0 0 1.826846e-16 5.016219e-14
28 24 2.805213e-03 9.722096e-04 0 0 0 0 5.373171e-16 5.125365e-14
28 25 2.805213e-03 1.267102e-03 0 0 0 0 1.604694e-15 5.139771e-14
28 26 2.805213e-03 1.651440e-03 0 0 0 0 4.932051e-15 5.034759e-14
28 27 2.805213e-03 2.152358e-03 0 0 0 0 1.603056e-14 4.825397e-14
28 28 2.805213e-03 2.805213e-03 0 0 0 0 1.103609e-12 4.477092e-14
28 29 2.805213e-03 3.656095e-03 0 0 0 0 1.368483e-14 4.021926e-14
28 30 2.805213e-03 4.765066e-03 0 0 0 0 3.277005e-15 3.471212e-14
28 31 2.805213e-03 6.210412e-03 0 0 0 0 8.303802e-16 2.912300e-14
28 32 2.805213e-03 8.094162e-03 0 0 0 0 2.232613e-16 2.385155e-14
28 33 2.805213e-03 1.054929e-02 0 0 0 0 6.410557e-17 1.901043e-14
28 34 2.805213e-03 1.374912e-02 0 0 0 0 1.974379e-17 1.513984e-14
28 35 2.805213e-03 1.791952e-02 0 0 0 0 6.449996e-18 1.186759e-14
28 36 2.805213e-03 2.335489e-02 0 0 0 0 2.301084e-18 9.505443e-15
28 37 2.805213e-03 3.043893e-02 0 0 0 0 8.007471e-19 7.641627e-15
28 38 2.805213e-03 3.967171e-02 0 0 0 0 3.401262e-19 6.290362e-15
28 39 2.805213e-03 5.170498e-02 0 0 0 0 1.233249e-19 5.259028e-15
29 20 3.656095e-03 3.369410e-04 0 0 0 0 1.849572e-18 3.848236e-14
29 21 3.656095e-03 4.391424e-04 0 0 0 0 5.977711e-18 4.021557e-14
29 22 3.656095e-03 5.723437e-04 0 0 0 0 1.734768e-17 4.232374e-14
29 23 3.656095e-03 7.459478e-04 0 0 0 0 5.034365e-17 4.400691e-14
29 24 3.656095e-03 9.722096e-04 0 0 0 0 1.471580e-16 4.509536e-14
29 25 3.656095e-03 1.267102e-03 0 0 0 0 4.343188e-16 4.537012e-14
29 26 3.656095e-03 1.651440e-03 0 0 0 0 1.304684e-15 4.463080e-14
29 27 3.656095e-03 2.152358e-03 0 0 0 0 4.062583e-15 4.301475e-14
29 28 3.656095e-03 2.805213e-03 0 0 0 0 1.368483e-14 4.021926e-14
29 29 3.656095e-03 3.656095e-03 0 0 0 0 6.593279e-13 3.648703e-14
29 30 3.656095e-03 4.765066e-03 0 0 0 0 1.140692e-14 3.184610e-14
29 31 3.656095e-03 6.210412e-03 0 0 0 0 2.620204e-15 2.692470e-14
29 32 3.656095e-03 8.094162e-03 0 0 0 0 6.712574e-16 2.208711e-14
29 33 3.656095e-03 1.054929e-02 0 0 0 0 1.881656e-16 1.762775e-14
29 34 3.656095e-03 1.374912e-02 0 0 0 0 5.729319e-17 1.406106e-14
29 35 3.656095e-03 1.791952e-02 0 0 0 0 1.876802e-17 1.100531e-14
29 36 3.656095e-03 2.335489e-02 0 0 0 0 6.494485e-18 8.789434e-15
29 37 3.656095e-03 3.043893e-02 0 0 0 0 2.365443e-18 7.030306e-15
29 38 3.656095e-03 3.967171e-02 0 0 0 0 8.868971e-19 5.761085e-15
29 39 3.656095e-03 5.170498e-02 0 0 0 0 3.589268e-19 4.792702e-15
30 20 4.765066e-03 3.369410e-04 0 0 0 0 4.717233e-19 3.246476e-14
30 21 4.765066e-03 4.391424e-04 0 0 0 0 1.591525e-18 3.396349e-14
30 22 4.765066e-03 5.723437e-04 0 0 0 0 4.812080e-18 3.580045e-14
30 23 4.765066e-03 7.459478e-04 0 0 0 0 1.371461e-17 3.730643e-14
30 24 4.765066e-03 9.722096e-04 0 0 0 0 3.999071e-17 3.834206e-14
30 25 4.765066e-03 1.267102e-03 0 0 0 0 1.169406e-16 3.870822e-14
30 26 4.765066e-03 1.651440e-03 0 0 0 0 3.456986e-16 3.821378e-14
30 27 4.765066e-03 2.152358e-03 0 0 0 0 1.042490e-15 3.694143e-14
30 28 4.765066e-03 2.805213e-03 0 0 0 0 3.277005e-15 3.471212e-14
30 29 4.765066e-03 3.656095e-03 0 0 0 0 1.140692e-14 3.184610e-14
30 30 4.765066e-03 4.765066e-03 0 0 0 0 3.960971e-13 2.825535e-14
30 31 4.765066e-03 6.210412e-03 0 0 0 0 9.352430e-15 2.416101e-14
30 32 4.765066e-03 8.094162e-03 0 0 0 0 2.110252e-15 1.987494e-14
30 33 4.765066e-03 1.054929e-02 0 0 0 0 5.614914e-16 1.590409e-14
30 34 4.765066e-03 1.374912e-02 0 0 0 0 1.672153e-16 1.270656e-14
30 35 4.765066e-03 1.791952e-02 0 0 0 0 5.426358e-17 9.926323e-15
30 36 4.765066e-03 2.335489e-02 0 0 0 0 1.879806e-17 7.909604e-15
30 37 4.765066e-03 3.043893e-02 0 0 0 0 6.827212e-18 6.294394e-15
30 38 4.765066e-03 3.967171e-02 0 0 0 0 2.516599e-18 5.132950e-15
30 39 4.765066e-03 5.170498e-02 0 0 0 0 9.776334e-19 4.245829e-15
31 20 6.210412e-03 3.369410e-04 0 0 0 0 2.050735e-19 2.670870e-14
31 21 6.210412e-03 4.391424e-04 0 0 0 0 4.578531e-19 2.796109e-14
31 22 6.210412e-03 5.723437e-04 0 0 0 0 1.267884e-18 2.950646e-14
31 23 6.210412e-03 7.459478e-04 0 0 0 0 3.778425e-18 3.079908e-14
31 24 6.210412e-03 9.722096e-04 0 0 0 0 1.097635e-17 3.172712e-14
31 25 6.210412e-03 1.267102e-03 0 0 0 0 3.183599e-17 3.211967e-14
31 26 6.210412e-03 1.651440e-03 0 0 0 0 9.312746e-17 3.181211e-14
31 27 6.210412e-03 2.152358e-03 0 0 0 0 2.752379e-16 3.085344e-14
31 28 6.210412e-03 2.805213e-03 0 0 0 0 8.303802e-16 2.912300e-14
31 29 6.210412e-03 3.656095e-03 0 0 0 0 2.620204e-15 2.692470e-14
31 30 6.210412e-03 4.765066e-03 0 0 0 0 9.352430e-15 2.416101e-14
31 31 6.210412e-03 6.210412e-03 0 0 0 0 2.396774e-13 2.091785e-14
31 32 6.210412e-03 8.094162e-03 0 0 0 0 7.621321e-15 1.741346e-14
31 33 6.210412e-03 1.054929e-02 0 0 0 0 1.744057e-15 1.405212e-14
31 34 6.210412e-03 1.374912e-02 0 0 0 0 4.938541e-16 1.121501e-14
31 35 6.210412e-03 1.791952e-02 0 0 0 0 1.574724e-16 8.735463e-15
31 36 6.210412e-03 2.335489e-02 0 0 0 0 5.421802e-17 6.952369e-15
31 37 6.210412e-03 3.043893e-02 0 0 0 0 1.963845e-17 5.504753e-15
31 38 6.210412e-03 3.967171e-02 0 0 0 0 7.350147e-18 4.468348e-15
31 39 6.210412e-03 5.170498e-02 0 0 0 0 2.752413e-18 3.674405e-15
32 20 8.094162e-03 3.369410e-04 0 0 0 0 9.805075e-20 2.158867e-14
32 21 8.094162e-03 4.391424e-04 0 0 0 0 2.086727e-19 2.260252e-14
32 22 8.094162e-03 5.723437e-04 0 0 0 0 4.584147e-19 2.385916e-14
32 23 8.094162e-03 7.459478e-04 0 0 0 0 1.076271e-18 2.492140e-14
32 24 8.094162e-03 9.722096e-04 0 0 0 0 3.010600e-18 2.570265e-14
32 25 8.094162e-03 1.267102e-03 0 0 0 0 8.972058e-18 2.606750e-14
32 26 8.094162e-03 1.651440e-03 0 0 0 0 2.590458e-17 2.588631e-14
32 27 8.094162e-03 2.152358e-03 0 0 0 0 7.571572e-17 2.518799e-14
32 28 8.094162e-03 2.805213e-03 0 0 0 0 2.232613e-16 2.385155e-14
32 29 8.094162e-03 3.656095e-03 0 0 0 0 6.712574e-16 2.208711e-14
32 30 8.094162e-03 4.765066e-03 0 0 0 0 2.110252e-15 1.987494e-14
32 31 8.094162e-03 6.210412e-03 0 0 0 0 7.621321e-15 1.741346e-14
32 32 8.094162e-03 8.094162e-03 0 0 0 0 1.464134e-13 1.481697e-14
32 33 8.094162e-03 1.054929e-02 0 0 0 0 6.256600e-15 1.214139e-14
32 34 8.094162e-03 1.374912e-02 0 0 0 0 1.505360e-15 9.671316e-15
32 35 8.094162e-03 1.791952e-02 0 0 0 0 4.600323e-16 7.517429e-15
32 36 8.094162e-03 2.335489e-02 0 0 0 0 1.565338e-16 5.980179e-15
32 37 8.094162e-03 3.043893e-02 0 0 0 0 5.655053e-17 4.710662e-15
32 38 8.094162e-03 3.967171e-02 0 0 0 0 2.109960e-17 3.809600e-15
32 39 8.094162e-03 5.170498e-02 0 0 0 0 8.002124e-18 3.115429e-15
33 20 1.054929e-02 3.369410e-04 0 0 0 0 -4.023793e-21 1.711780e-14
33 21 1.054929e-02 4.391424e-04 0 0 0 0 3.474635e-20 1.791512e-14
33 22 1.054929e-02 5.723437e-04 0 0 0 0 1.393958e-19 1.890622e-14
33 23 1.054929e-02 7.459478e-04 0 0 0 0 3.992681e-19 1.974749e-14
33 24 1.054929e-02 9.722096e-04 0 0 0 0 9.524621e-19 2.037312e-14
33 25 1.054929e-02 1.267102e-03 0 0 0 0 2.556104e-18 2.067914e-14
33 26 1.054929e-02 1.651440e-03 0 0 0 0 7.614439e-18 2.056305e-14
33 27 1.054929e-02 2.152358e-03 0 0 0 0 2.199594e-17 2.004094e-14
33 28 1.054929e-02 2.805213e-03 0 0 0 0 6.410557e-17 1.901043e-14
33 29 1.054929e-02 3.656095e-03 0 0 0 0 1.881656e-16 1.762775e-14
33 30 1.054929e-02 4.765066e-03 0 0 0 0 5.614914e-16 1.590409e-14
33 31 1.054929e-02 6.210412e-03 0 0 0 0 1.744057e-15 1.405212e-14
33 32 1.054929e-02 8.094162e-03 0 0 0 0 6.256600e-15 1.214139e-14
33 33 1.054929e-02 1.054929e-02 0 0 0 0 9.061560e-14 1.009639e-14
33 34 1.054929e-02 1.374912e-02 0 0 0 0 5.255113e-15 8.112116e-15
33 35 1.054929e-02 1.791952e-02 0 0 0 0 1.372148e-15 6.346004e-15
33 36 1.054929e-02 2.335489e-02 0 0 0 0 4.528647e-16 5.034930e-15
33 37 1.054929e-02 3.043893e-02 0 0 0 0 1.625986e-16 3.940553e-15
33 38 1.054929e-02 3.967171e-02 0 0 0 0 6.067834e-17 3.177193e-15
33 39 1.054929e-02 5.170498e-02 0 0 0 0 2.300609e-17 2.583916e-15
34 20 1.374912e-02 3.369410e-04 0 0 0 0 -6.393582e-21 1.368686e-14
34 21 1.374912e-02 4.391424e-04 0 0 0 0 -1.013878e-20 1.431459e-14
34 22 1.374912e-02 5.723437e-04 0 0 0 0 -1.115254e-20 1.509440e-14
34 23 1.374912e-02 7.459478e-04 0 0 0 0 5.491828e-20 1.575253e-14
34 24 1.374912e-02 9.722096e-04 0 0 0 0 2.810628e-19 1.623723e-14
34 25 1.374912e-02 1.267102e-03 0 0 0 0 8.462134e-19 1.646873e-14
34 26 1.374912e-02 1.651440e-03 0 0 0 0 2.360994e-18 1.636727e-14
34 27 1.374912e-02 2.152358e-03 0 0 0 0 6.798664e-18 1.595000e-14
34 28 1.374912e-02 2.805213e-03 0 0 0 0 1.974379e-17 1.513984e-14
34 29 1.374912e-02 3.656095e-03 0 0 0 0 5.729319e-17 1.406106e-14
34 30 1.374912e-02 4.765066e-03 0 0 0 0 1.672153e-16 1.270656e-14
34 31 1.374912e-02 6.210412e-03 0 0 0 0 4.938541e-16 1.121501e-14
34 32 1.374912e-02 8.094162e-03 0 0 0 0 1.505360e-15 9.671316e-15
34 33 1.374912e-02 1.054929e-02 0 0 0 0 5.255113e-15 8.112116e-15
34 34 1.374912e-02 1.374912e-02 0 0 0 0 5.714275e-14 6.677284e-15
34 35 1.374912e-02 1.791952e-02 0 0 0 0 4.583592e-15 5.324893e-15
34 36 1.374912e-02 2.335489e-02 0 0 0 0 1.323324e-15 4.206311e-15
34 37 1.374912e-02 3.043893e-02 0 0 0 0 4.667700e-16 3.272889e-15
34 38 1.374912e-02 3.967171e-02 0 0 0 0 1.739892e-16 2.633801e-15
34 39 1.374912e-02 5.170498e-02 0 0 0 0 6.612267e-17 2.131077e-15
35 20 1.791952e-02 3.369410e-04 0 0 0 0 -1.784020e-20 1.087690e-14
35 21 1.791952e-02 4.391424e-04 0 0 0 0 -1.850368e-20 1.136275e-14
35 22 1.791952e-02 5.723437e-04 0 0 0 0 5.753515e-22 1.196449e-14
35 23 1.791952e-02 7.459478e-04 0 0 0 0 2.104775e-21 1.246483e-14
35 24 1.791952e-02 9.722096e-04 0 0 0 0 3.083255e-20 1.282291e-14
35 25 1.791952e-02 1.267102e-03 0 0 0 0 2.021191e-19 1.297930e-14
35 26 1.791952e-02 1.651440e-03 0 0 0 0 7.687592e-19 1.287267e-14
35 27 1.791952e-02 2.152358e-03 0 0 0 0 2.298999e-18 1.252215e-14
35 28 1.791952e-02 2.805213e-03 0 0 0 0 6.449996e-18 1.186759e-14
35 29 1.791952e-02 3.656095e-03 0 0 0 0 1.876802e-17 1.100531e-14
35 30 1.791952e-02 4.765066e-03 0 0 0 0 5.426358e-17 9.926323e-15
35 31 1.791952e-02 6.210412e-03 0 0 0 0 1.574724e-16 8.735463e-15
35 32 1.791952e-02 8.094162e-03 0 0 0 0 4.600323e-16 7.517429e-15
35 33 1.791952e-02 1.054929e-02 0 0 0 0 1.372148e-15 6.346004e-15
35 34 1.791952e-02 1.374912e-02 0 0 0 0 4.583592e-15 5.324893e-15
35 35 1.791952e-02 1.791952e-02 0 0 0 0 3.704870e-14 4.326404e-15
35 36 1.791952e-02 2.335489e-02 0 0 0 0 4.195572e-15 3.434973e-15
35 37 1.791952e-02 3.043893e-02 0 0 0 0 1.341106e-15 2.682398e-15
35 38 1.791952e-02 3.967171e-02 0 0 0 0 4.968618e-16 2.153516e-15
35 39 1.791952e-02 5.170498e-02 0 0 0 0 1.893924e-16 1.730992e-15
36 20 2.335489e-02 3.369410e-04 0 0 0 0 -5.643463e-22 8.861010e-15
36 21 2.335489e-02 4.391424e-04 0 0 0 0 -3.447753e-20 9.247963e-15
36 22 2.335489e-02 5.723437e-04 0 0 0 0 5.684880e-21 9.725336e-15
36 23 2.335489e-02 7.459478e-04 0 0 0 0 1.000592e-20 1.011570e-14
36 24 2.335489e-02 9.722096e-04 0 0 0 0 3.292225e-20 1.038528e-14
36 25 2.335489e-02 1.267102e-03 0 0 0 0 8.235566e-20 1.048751e-14
36 26 2.335489e-02 1.651440e-03 0 0 0 0 2.146356e-19 1.037290e-14
36 27 2.335489e-02 2.152358e-03 0 0 0 0 7.520811e-19 1.006108e-14
36 28 2.335489e-02 2.805213e-03 0 0 0 0 2.301084e-18 9.505443e-15
36 29 2.335489e-02 3.656095e-03 0 0 0 0 6.494485e-18 8.789434e-15
36 30 2.335489e-02 4.765066e-03 0 0 0 0 1.879806e-17 7.909604e-15
36 31 2.335489e-02 6.210412e-03 0 0 0 0 5.421802e-17 6.952369e-15
36 32 2.335489e-02 8.094162e-03 0 0 0 0 1.565338e-16 5.980179e-15
36 33 2.335489e-02 1.054929e-02 0 0 0 0 4.528647e-16 5.034930e-15
36 34 2.335489e-02 1.374912e-02 0 0 0 0 1.323324e-15 4.206311e-15
36 35 2.335489e-02 1.791952e-02 0 0 0 0 4.195572e-15 3.434973e-15
36 36 2.335489e-02 2.335489e-02 0 0 0 0 2.502961e-14 2.788965e-15
36 37 2.335489e-02 3.043893e-02 0 0 0 0 4.042114e-15 2.224209e-15
36 38 2.335489e-02 3.967171e-02 0 0 0 0 1.410549e-15 1.780690e-15
36 39 2.335489e-02 5.170498e-02 0 0 0 0 5.393184e-16 1.421161e-15
37 20 3.043893e-02 3.369410e-04 0 0 0 0 7.245609e-22 7.298461e-15
37 21 3.043893e-02 4.391424e-04 0 0 0 0 -6.698180e-20 7.608363e-15
37 22 3.043893e-02 5.723437e-04 0 0 0 0 1.978244e-20 7.988372e-15
37 23 3.043893e-02 7.459478e-04 0 0 0 0 1.617608e-20 8.291547e-15
37 24 3.043893e-02 9.722096e-04 0 0 0 0 3.096095e-20 8.489311e-15
37 25 3.043893e-02 1.267102e-03 0 0 0 0 6.089747e-20 8.544966e-15
37 26 3.043893e-02 1.651440e-03 0 0 0 0 1.255047e-19 8.417940e-15
37 27 3.043893e-02 2.152358e-03 0 0 0 0 2.852480e-19 8.128867e-15
37 28 3.043893e-02 2.805213e-03 0 0 0 0 8.007471e-19 7.641627e-15
37 29 3.043893e-02 3.656095e-03 0 0 0 0 2.365443e-18 7.030306e-15
37 30 3.043893e-02 4.765066e-03 0 0 0 0 6.827212e-18 6.294394e-15
37 31 3.043893e-02 6.210412e-03 0 0 0 0 1.963845e-17 5.504753e-15
37 32 3.043893e-02 8.094162e-03 0 0 0 0 5.655053e-17 4.710662e-15
37 33 3.043893e-02 1.054929e-02 0 0 0 0 1.625986e-16 3.940553e-15
37 34 3.043893e-02 1.374912e-02 0 0 0 0 4.667700e-16 3.272889e-15
37 35 3.043893e-02 1.791952e-02 0 0 0 0 1.341106e-15 2.682398e-15
37 36 3.043893e-02 2.335489e-02 0 0 0 0 4.042114e-15 2.224209e-15
37 37 3.043893e-02 3.043893e-02 0 0 0 0 1.792632e-14 1.814511e-15
37 38 3.043893e-02 3.967171e-02 0 0 0 0 4.077405e-15 1.458467e-15
37 39 3.043893e-02 5.170498e-02 0 0 0 0 1.519553e-15 1.165113e-15
38 20 3.967171e-02 3.369410e-04 0 0 0 0 -4.170425e-20 6.112821e-15
38 21 3.967171e-02 4.391424e-04 0 0 0 0 -1.249878e-19 6.367544e-15
38 22 3.967171e-02 5.723437e-04 0 0 0 0 3.645793e-20 6.678695e-15
38 23 3.967171e-02 7.459478e-04 0 0 0 0 4.927067e-21 6.922725e-15
38 24 3.967171e-02 9.722096e-04 0 0 0 0 9.694949e-21 7.075262e-15
38 25 3.967171e-02 1.267102e-03 0 0 0 0 2.411537e-20 7.106242e-15
38 26 3.967171e-02 1.651440e-03 0 0 0 0 5.741579e-20 6.981212e-15
38 27 3.967171e-02 2.152358e-03 0 0 0 0 1.347712e-19 6.718995e-15
38 28 3.967171e-02 2.805213e-03 0 0 0 0 3.401262e-19 6.290362e-15
38 29 3.967171e-02 3.656095e-03 0 0 0 0 8.868971e-19 5.761085e-15
38 30 3.967171e-02 4.765066e-03 0 0 0 0 2.516599e-18 5.132950e-15
38 31 3.967171e-02 6.210412e-03 0 0 0 0 7.350147e-18 4.468348e-15
38 32 3.967171e-02 8.094162e-03 0 0 0 0 2.109960e-17 3.809600e-15
38 33 3.967171e-02 1.054929e-02 0 0 0 0 6.067834e-17 3.177193e-15
38 34 3.967171e-02 1.374912e-02 0 0 0 0 1.739892e-16 2.633801e-15
38 35 3.967171e-02 1.791952e-02 0 0 0 0 4.968618e-16 2.153516e-15
38 36 3.967171e-02 2.335489e-02 0 0 0 0 1.410549e-15 1.780690e-15
38 37 3.967171e-02 3.043893e-02 0 0 0 0 4.077405e-15 1.458467e-15
38 38 3.967171e-02 3.967171e-02 0 0 0 0 1.384606e-14 1.192283e-15
38 39 3.967171e-02 5.170498e-02 0 0 0 0 4.258960e-15 9.704153e-16
39 20 5.170498e-02 3.369410e-04 0 0 0 0 -2.172243e-19 5.192818e-15
39 21 5.170498e-02 4.391424e-04 0 0 0 0 -2.026053e-19 5.406373e-15
39 22 5.170498e-02 5.723437e-04 0 0 0 0 6.657067e-20 5.666309e-15
39 23 5.170498e-02 7.459478e-04 0 0 0 0 -4.932092e-21 5.867134e-15
39 24 5.170498e-02 9.722096e-04 0 0 0 0 -4.290862e-21 5.987599e-15
39 25 5.170498e-02 1.267102e-03 0 0 0 0 -1.412971e-21 6.002225e-15
39 26 5.170498e-02 1.651440e-03 0 0 0 0 6.798452e-21 5.881192e-15
39 27 5.170498e-02 2.152358e-03 0 0 0 0 3.652660e-20 5.641543e-15
39 28 5.170498e-02 2.805213e-03 0 0 0 0 1.233249e-19 5.259028e-15
39 29 5.170498e-02 3.656095e-03 0 0 0 0 3.589268e-19 4.792702e-15
39 30 5.170498e-02 4.765066e-03 0 0 0 0 9.776334e-19 4.245829e-15
39 31 5.170498e-02 6.210412e-03 0 0 0 0 2.752413e-18 3.674405e-15
39 32 5.170498e-02 8.094162e-03 0 0 0 0 8.002124e-18 3.115429e-15
39 33 5.170498e-02 1.054929e-02 0 0 0 0 2.300609e-17 2.583916e-15
39 34 5.170498e-02 1.374912e-02 0 0 0 0 6.612267e-17 2.131077e-15
39 35 5.170498e-02 1.791952e-02 0 0 0 0 1.893924e-16 1.730992e-15
39 36 5.170498e-02 2.335489e-02 0 0 0 0 5.393184e-16 1.421161e-15
39 37 5.170498e-02 3.043893e-02 0 0 0 0 1.519553e-15 1.165113e-15
39 38 5.170498e-02 3.967171e-02 0 0 0 0 4.258960e-15 9.704153e-16
39 39 5.170498e-02 5.170498e-02 0 0 0 0 1.162921e-14 8.081301e-16
# Please cite the following papers in research using this covariance:
# arXiv: 1601.05779, https://arxiv.org/abs/1601.05779
# arXiv: 1911.11947, https://arxiv.org/abs/1911.11947
# arXiv: 2004.04833, https://arxiv.org/abs/2004.04833
########################################################
0 20 3.369410e-04 3.369410e-04 0 0 0 0 -1.268724e-14 4.269835e-13
0 21 3.369410e-04 4.391424e-04 0 0 0 0 -2.912240e-14 4.454851e-13
0 22 3.369410e-04 5.723437e-04 0 0 0 0 -3.152974e-15 4.679954e-13
0 23 3.369410e-04 7.459478e-04 0 0 0 0 3.368907e-14 4.857286e-13
0 24 3.369410e-04 9.722096e-04 0 0 0 0 6.178744e-14 4.967841e-13
0 25 3.369410e-04 1.267102e-03 0 0 0 0 7.757052e-14 4.987195e-13
0 26 3.369410e-04 1.651440e-03 0 0 0 0 8.287172e-14 4.889372e-13
0 27 3.369410e-04 2.152358e-03 0 0 0 0 8.072448e-14 4.686666e-13
0 28 3.369410e-04 2.805213e-03 0 0 0 0 7.399617e-14 4.355890e-13
0 29 3.369410e-04 3.656095e-03 0 0 0 0 6.501711e-14 3.945051e-13
0 30 3.369410e-04 4.765066e-03 0 0 0 0 5.549782e-14 3.456701e-13
0 31 3.369410e-04 6.210412e-03 0 0 0 0 4.657325e-14 2.944839e-13
0 32 3.369410e-04 8.094162e-03 0 0 0 0 3.889998e-14 2.444303e-13
0 33 3.369410e-04 1.054929e-02 0 0 0 0 3.277017e-14 1.975628e-13
0 34 3.369410e-04 1.374912e-02 0 0 0 0 2.822447e-14 1.587729e-13
0 35 3.369410e-04 1.791952e-02 0 0 0 0 2.515312e-14 1.252589e-13
0 36 3.369410e-04 2.335489e-02 0 0 0 0 2.337253e-14 1.005141e-13
0 37 3.369410e-04 3.043893e-02 0 0 0 0 2.266382e-14 8.053530e-14
0 38 3.369410e-04 3.967171e-02 0 0 0 0 2.277642e-14 6.596482e-14
0 39 3.369410e-04 5.170498e-02 0 0 0 0 2.339495e-14 5.467037e-14
1 20 4.391424e-04 3.369410e-04 0 0 0 0 -8.199115e-16 3.671306e-13
1 21 4.391424e-04 4.391424e-04 0 0 0 0 -1.302164e-14 3.832979e-13
1 22 4.391424e-04 5.723437e-04 0 0 0 0 -3.076275e-14 4.030348e-13
1 23 4.391424e-04 7.459478e-04 0 0 0 0 -4.201491e-15 4.188219e-13
1 24 4.391424e-04 9.722096e-04 0 0 0 0 3.233251e-14 4.290778e-13
1 25 4.391424e-04 1.267102e-03 0 0 0 0 5.856280e-14 4.316910e-13
1 26 4.391424e-04 1.651440e-03 0 0 0 0 7.175710e-14 4.243925e-13
1 27 4.391424e-04 2.152358e-03 0 0 0 0 7.462860e-14 4.080419e-13
1 28 4.391424e-04 2.805213e-03 0 0 0 0 7.080648e-14 3.805799e-13
1 29 4.391424e-04 3.656095e-03 0 0 0 0 6.340566e-14 3.459436e-13
1 30 4.391424e-04 4.765066e-03 0 0 0 0 5.470299e-14 3.042627e-13
1 31 4.391424e-04 6.210412e-03 0 0 0 0 4.618680e-14 2.601350e-13
1 32 4.391424e-04 8.094162e-03 0 0 0 0 3.871234e-14 2.165568e-13
1 33 4.391424e-04 1.054929e-02 0 0 0 0 3.267790e-14 1.754512e-13
1 34 4.391424e-04 1.374912e-02 0 0 0 0 2.817799e-14 1.411563e-13
1 35 4.391424e-04 1.791952e-02 0 0 0 0 2.512880e-14 1.113677e-13
1 36 4.391424e-04 2.335489e-02 0 0 0 0 2.335917e-14 8.928512e-14
1 37 4.391424e-04 3.043893e-02 0 0 0 0 2.265612e-14 7.138201e-14
1 38 4.391424e-04 3.967171e-02 0 0 0 0 2.277179e-14 5.835156e-14
1 39 4.391424e-04 5.170498e-02 0 0 0 0 2.339205e-14 4.823972e-14
2 20 5.723437e-04 3.369410e-04 0 0 0 0 -1.256717e-16 3.106447e-13
2 21 5.723437e-04 4.391424e-04 0 0 0 0 -5.438054e-16 3.245386e-13
2 22 5.723437e-04 5.723437e-04 0 0 0 0 -1.318442e-14 3.415393e-13
2 23 5.723437e-04 7.459478e-04 0 0 0 0 -3.199059e-14 3.552992e-13
2 24 5.723437e-04 9.722096e-04 0 0 0 0 -5.177850e-15 3.645562e-13
2 25 5.723437e-04 1.267102e-03 0 0 0 0 3.027991e-14 3.675576e-13
2 26 5.723437e-04 1.651440e-03 0 0 0 0 5.409522e-14 3.623573e-13
2 27 5.723437e-04 2.152358e-03 0 0 0 0 6.463143e-14 3.495242e-13
2 28 5.723437e-04 2.805213e-03 0 0 0 0 6.548956e-14 3.272521e-13
2 29 5.723437e-04 3.656095e-03 0 0 0 0 6.069576e-14 2.986630e-13
2 30 5.723437e-04 4.765066e-03 0 0 0 0 5.336082e-14 2.637799e-13
2 31 5.723437e-04 6.210412e-03 0 0 0 0 4.553235e-14 2.264365e-13
2 32 5.723437e-04 8.094162e-03 0 0 0 0 3.839431e-14 1.891505e-13
2 33 5.723437e-04 1.054929e-02 0 0 0 0 3.252141e-14 1.536872e-13
2 34 5.723437e-04 1.374912e-02 0 0 0 0 2.809903e-14 1.238279e-13
2 35 5.723437e-04 1.791952e-02 0 0 0 0 2.508748e-14 9.773397e-14
2 36 5.723437e-04 2.335489e-02 0 0 0 0 2.333648e-14 7.829332e-14
2 37 5.723437e-04 3.043893e-02 0 0 0 0 2.264305e-14 6.245641e-14
2 38 5.723437e-04 3.967171e-02 0 0 0 0 2.276399e-14 5.094746e-14
2 39 5.723437e-04 5.170498e-02 0 0 0 0 2.338732e-14 4.200111e-14
3 20 7.459478e-04 3.369410e-04 0 0 0 0 -7.435335e-17 2.579596e-13
3 21 7.459478e-04 4.391424e-04 0 0 0 0 -3.548912e-18 2.696573e-13
3 22 7.459478e-04 5.723437e-04 0 0 0 0 -2.205034e-16 2.840040e-13
3 23 7.459478e-04 7.459478e-04 0 0 0 0 -1.295936e-14 2.957353e-13
3 24 7.459478e-04 9.722096e-04 0 0 0 0 -3.263784e-14 3.038518e-13
3 25 7.459478e-04 1.267102e-03 0 0 0 0 -5.957273e-15 3.069199e-13
3 26 7.459478e-04 1.651440e-03 0 0 0 0 2.768768e-14 3.033528e-13
3 27 7.459478e-04 2.152358e-03 0 0 0 0 4.869703e-14 2.935726e-13
3 28 7.459478e-04 2.805213e-03 0 0 0 0 5.675316e-14 2.760057e-13
3 29 7.459478e-04 3.656095e-03 0 0 0 0 5.617388e-14 2.530020e-13
3 30 7.459478e-04 4.765066e-03 0 0 0 0 5.110285e-14 2.245006e-13
3 31 7.459478e-04 6.210412e-03 0 0 0 0 4.442685e-14 1.936072e-13
3 32 7.459478e-04 8.094162e-03 0 0 0 0 3.785570e-14 1.623737e-13
3 33 7.459478e-04 1.054929e-02 0 0 0 0 3.225624e-14 1.323886e-13
3 34 7.459478e-04 1.374912e-02 0 0 0 0 2.796504e-14 1.068755e-13
3 35 7.459478e-04 1.791952e-02 0 0 0 0 2.501729e-14 8.442383e-14
3 36 7.459478e-04 2.335489e-02 0 0 0 0 2.329795e-14 6.759300e-14
3 37 7.459478e-04 3.043893e-02 0 0 0 0 2.262087e-14 5.380505e-14
3 38 7.459478e-04 3.967171e-02 0 0 0 0 2.275072e-14 4.379319e-14
3 39 7.459478e-04 5.170498e-02 0 0 0 0 2.337917e-14 3.599135e-14
4 20 9.722096e-04 3.369410e-04 0 0 0 0 -6.028836e-17 2.104213e-13
4 21 9.722096e-04 4.391424e-04 0 0 0 0 3.084208e-17 2.200604e-13
4 22 9.722096e-04 5.723437e-04 0 0 0 0 1.285230e-16 2.319271e-13
4 23 9.722096e-04 7.459478e-04 0 0 0 0 1.849202e-16 2.417367e-13
4 24 9.722096e-04 9.722096e-04 0 0 0 0 -1.237039e-14 2.486594e-13
4 25 9.722096e-04 1.267102e-03 0 0 0 0 -3.250322e-14 2.514922e-13
4 26 9.722096e-04 1.651440e-03 0 0 0 0 -6.417488e-15 2.490384e-13
4 27 9.722096e-04 2.152358e-03 0 0 0 0 2.474097e-14 2.417254e-13
4 28 9.722096e-04 2.805213e-03 0 0 0 0 4.278236e-14 2.282001e-13
4 29 9.722096e-04 3.656095e-03 0 0 0 0 4.873067e-14 2.101487e-13
4 30 9.722096e-04 4.765066e-03 0 0 0 0 4.733204e-14 1.874455e-13
4 31 9.722096e-04 6.210412e-03 0 0 0 0 4.256676e-14 1.624909e-13
4 32 9.722096e-04 8.094162e-03 0 0 0 0 3.694552e-14 1.368997e-13
4 33 9.722096e-04 1.054929e-02 0 0 0 0 3.180728e-14 1.120804e-13
4 34 9.722096e-04 1.374912e-02 0 0 0 0 2.773796e-14 9.070882e-14
4 35 9.722096e-04 1.791952e-02 0 0 0 0 2.489812e-14 7.175392e-14
4 36 9.722096e-04 2.335489e-02 0 0 0 0 2.323256e-14 5.743816e-14
4 37 9.722096e-04 3.043893e-02 0 0 0 0 2.258323e-14 4.563455e-14
4 38 9.722096e-04 3.967171e-02 0 0 0 0 2.272818e-14 3.706162e-14
4 39 9.722096e-04 5.170498e-02 0 0 0 0 2.336532e-14 3.035844e-14
5 20 1.267102e-03 3.369410e-04 0 0 0 0 -6.725391e-17 1.690739e-13
5 21 1.267102e-03 4.391424e-04 0 0 0 0 7.045191e-18 1.768499e-13
5 22 1.267102e-03 5.723437e-04 0 0 0 0 7.568248e-17 1.864626e-13
5 23 1.267102e-03 7.459478e-04 0 0 0 0 2.641653e-16 1.944809e-13
5 24 1.267102e-03 9.722096e-04 0 0 0 0 6.223172e-16 2.002087e-13
5 25 1.267102e-03 1.267102e-03 0 0 0 0 -1.138476e-14 2.026343e-13
5 26 1.267102e-03 1.651440e-03 0 0 0 0 -3.151401e-14 2.008727e-13
5 27 1.267102e-03 2.152358e-03 0 0 0 0 -6.497857e-15 1.953569e-13
5 28 1.267102e-03 2.805213e-03 0 0 0 0 2.165377e-14 1.850068e-13
5 29 1.267102e-03 3.656095e-03 0 0 0 0 3.679040e-14 1.711117e-13
5 30 1.267102e-03 4.765066e-03 0 0 0 0 4.111576e-14 1.534857e-13
5 31 1.267102e-03 6.210412e-03 0 0 0 0 3.945839e-14 1.338098e-13
5 32 1.267102e-03 8.094162e-03 0 0 0 0 3.541418e-14 1.133128e-13
5 33 1.267102e-03 1.054929e-02 0 0 0 0 3.104857e-14 9.322345e-14
5 34 1.267102e-03 1.374912e-02 0 0 0 0 2.735362e-14 7.568602e-14
5 35 1.267102e-03 1.791952e-02 0 0 0 0 2.469607e-14 5.999949e-14
5 36 1.267102e-03 2.335489e-02 0 0 0 0 2.312161e-14 4.804748e-14
5 37 1.267102e-03 3.043893e-02 0 0 0 0 2.251938e-14 3.812064e-14
5 38 1.267102e-03 3.967171e-02 0 0 0 0 2.268993e-14 3.089911e-14
5 39 1.267102e-03 5.170498e-02 0 0 0 0 2.334180e-14 2.522710e-14
6 20 1.651440e-03 3.369410e-04 0 0 0 0 -7.688130e-17 1.342281e-13
6 21 1.651440e-03 4.391424e-04 0 0 0 0 -1.127823e-17 1.403741e-13
6 22 1.651440e-03 5.723437e-04 0 0 0 0 2.608507e-17 1.479916e-13
6 23 1.651440e-03 7.459478e-04 0 0 0 0 1.211641e-16 1.543729e-13
6 24 1.651440e-03 9.722096e-04 0 0 0 0 3.561781e-16 1.589736e-13
6 25 1.651440e-03 1.267102e-03 0 0 0 0 1.051859e-15 1.609854e-13
6 26 1.651440e-03 1.651440e-03 0 0 0 0 -1.007174e-14 1.596745e-13
6 27 1.651440e-03 2.152358e-03 0 0 0 0 -2.970027e-14 1.553403e-13
6 28 1.651440e-03 2.805213e-03 0 0 0 0 -6.201958e-15 1.472520e-13
6 29 1.651440e-03 3.656095e-03 0 0 0 0 1.862606e-14 1.366327e-13
6 30 1.651440e-03 4.765066e-03 0 0 0 0 3.111630e-14 1.232474e-13
6 31 1.651440e-03 6.210412e-03 0 0 0 0 3.432900e-14 1.080849e-13
6 32 1.651440e-03 8.094162e-03 0 0 0 0 3.285459e-14 9.205541e-14
6 33 1.651440e-03 1.054929e-02 0 0 0 0 2.977230e-14 7.617337e-14
6 34 1.651440e-03 1.374912e-02 0 0 0 0 2.670452e-14 6.208031e-14
6 35 1.651440e-03 1.791952e-02 0 0 0 0 2.435418e-14 4.936577e-14
6 36 1.651440e-03 2.335489e-02 0 0 0 0 2.293348e-14 3.957710e-14
6 37 1.651440e-03 3.043893e-02 0 0 0 0 2.241110e-14 3.138134e-14
6 38 1.651440e-03 3.967171e-02 0 0 0 0 2.262505e-14 2.540005e-14
6 39 1.651440e-03 5.170498e-02 0 0 0 0 2.330187e-14 2.067487e-14
7 20 2.152358e-03 3.369410e-04 0 0 0 0 -7.793077e-17 1.060689e-13
7 21 2.152358e-03 4.391424e-04 0 0 0 0 -1.897419e-17 1.108567e-13
7 22 2.152358e-03 5.723437e-04 0 0 0 0 1.694762e-18 1.167957e-13
7 23 2.152358e-03 7.459478e-04 0 0 0 0 4.779324e-17 1.217621e-13
7 24 2.152358e-03 9.722096e-04 0 0 0 0 1.293347e-16 1.253484e-13
7 25 2.152358e-03 1.267102e-03 0 0 0 0 4.154785e-16 1.269348e-13
7 26 2.152358e-03 1.651440e-03 0 0 0 0 1.405439e-15 1.258711e-13
7 27 2.152358e-03 2.152358e-03 0 0 0 0 -8.559290e-15 1.223013e-13
7 28 2.152358e-03 2.805213e-03 0 0 0 0 -2.719632e-14 1.157791e-13
7 29 2.152358e-03 3.656095e-03 0 0 0 0 -5.599955e-15 1.075238e-13
7 30 2.152358e-03 4.765066e-03 0 0 0 0 1.582402e-14 9.733010e-14
7 31 2.152358e-03 6.210412e-03 0 0 0 0 2.606159e-14 8.578020e-14
7 32 2.152358e-03 8.094162e-03 0 0 0 0 2.862922e-14 7.353063e-14
7 33 2.152358e-03 1.054929e-02 0 0 0 0 2.763978e-14 6.124970e-14
7 34 2.152358e-03 1.374912e-02 0 0 0 0 2.561285e-14 5.014007e-14
7 35 2.152358e-03 1.791952e-02 0 0 0 0 2.377725e-14 4.004248e-14
7 36 2.152358e-03 2.335489e-02 0 0 0 0 2.261515e-14 3.216953e-14
7 37 2.152358e-03 3.043893e-02 0 0 0 0 2.222760e-14 2.552259e-14
7 38 2.152358e-03 3.967171e-02 0 0 0 0 2.251505e-14 2.064655e-14
7 39 2.152358e-03 5.170498e-02 0 0 0 0 2.323411e-14 1.676708e-14
8 20 2.805213e-03 3.369410e-04 0 0 0 0 -7.961436e-17 8.383056e-14
8 21 2.805213e-03 4.391424e-04 0 0 0 0 -2.228095e-17 8.753584e-14
8 22 2.805213e-03 5.723437e-04 0 0 0 0 -7.488313e-18 9.212748e-14
8 23 2.805213e-03 7.459478e-04 0 0 0 0 1.972935e-17 9.593278e-14
8 24 2.805213e-03 9.722096e-04 0 0 0 0 4.166612e-17 9.863421e-14
8 25 2.805213e-03 1.267102e-03 0 0 0 0 1.274842e-16 9.976268e-14
8 26 2.805213e-03 1.651440e-03 0 0 0 0 4.332365e-16 9.880345e-14
8 27 2.805213e-03 2.152358e-03 0 0 0 0 1.628538e-15 9.586876e-14
8 28 2.805213e-03 2.805213e-03 0 0 0 0 -6.998857e-15 9.059323e-14
8 29 2.805213e-03 3.656095e-03 0 0 0 0 -2.421906e-14 8.393818e-14
8 30 2.805213e-03 4.765066e-03 0 0 0 0 -4.799950e-15 7.584862e-14
8 31 2.805213e-03 6.210412e-03 0 0 0 0 1.336688e-14 6.698555e-14
8 32 2.805213e-03 8.094162e-03 0 0 0 0 2.181308e-14 5.781363e-14
8 33 2.805213e-03 1.054929e-02 0 0 0 0 2.412093e-14 4.850054e-14
8 34 2.805213e-03 1.374912e-02 0 0 0 0 2.379044e-14 3.990939e-14
8 35 2.805213e-03 1.791952e-02 0 0 0 0 2.280744e-14 3.206044e-14
8 36 2.805213e-03 2.335489e-02 0 0 0 0 2.207828e-14 2.583630e-14
8 37 2.805213e-03 3.043893e-02 0 0 0 0 2.191716e-14 2.054043e-14
8 38 2.805213e-03 3.967171e-02 0 0 0 0 2.232871e-14 1.662552e-14
8 39 2.805213e-03 5.170498e-02 0 0 0 0 2.311922e-14 1.348495e-14
9 20 3.656095e-03 3.369410e-04 0 0 0 0 -8.023056e-17 6.667583e-14
9 21 3.656095e-03 4.391424e-04 0 0 0 0 -2.333136e-17 6.955406e-14
9 22 3.656095e-03 5.723437e-04 0 0 0 0 -1.060967e-17 7.310844e-14
9 23 3.656095e-03 7.459478e-04 0 0 0 0 1.023971e-17 7.600619e-14
9 24 3.656095e-03 9.722096e-04 0 0 0 0 1.283374e-17 7.799307e-14
9 25 3.656095e-03 1.267102e-03 0 0 0 0 3.563724e-17 7.872052e-14
9 26 3.656095e-03 1.651440e-03 0 0 0 0 1.165397e-16 7.781340e-14
9 27 3.656095e-03 2.152358e-03 0 0 0 0 4.089108e-16 7.540719e-14
9 28 3.656095e-03 2.805213e-03 0 0 0 0 1.700734e-15 7.112271e-14
9 29 3.656095e-03 3.656095e-03 0 0 0 0 -5.533205e-15 6.557483e-14
9 30 3.656095e-03 4.765066e-03 0 0 0 0 -2.102394e-14 5.885677e-14
9 31 3.656095e-03 6.210412e-03 0 0 0 0 -3.916877e-15 5.185891e-14
9 32 3.656095e-03 8.094162e-03 0 0 0 0 1.132444e-14 4.494177e-14
9 33 3.656095e-03 1.054929e-02 0 0 0 0 1.844790e-14 3.791115e-14
9 34 3.656095e-03 1.374912e-02 0 0 0 0 2.078720e-14 3.139524e-14
9 35 3.656095e-03 1.791952e-02 0 0 0 0 2.119051e-14 2.541655e-14
9 36 3.656095e-03 2.335489e-02 0 0 0 0 2.117666e-14 2.056402e-14
9 37 3.656095e-03 3.043893e-02 0 0 0 0 2.139369e-14 1.641286e-14
9 38 3.656095e-03 3.967171e-02 0 0 0 0 2.201358e-14 1.330906e-14
9 39 3.656095e-03 5.170498e-02 0 0 0 0 2.292464e-14 1.079715e-14
10 20 4.765066e-03 3.369410e-04 0 0 0 0 -8.018755e-17 5.363951e-14
10 21 4.765066e-03 4.391424e-04 0 0 0 0 -2.368586e-17 5.590344e-14
10 22 4.765066e-03 5.723437e-04 0 0 0 0 -1.154367e-17 5.868625e-14
10 23 4.765066e-03 7.459478e-04 0 0 0 0 7.357791e-18 6.091252e-14
10 24 4.765066e-03 9.722096e-04 0 0 0 0 4.248787e-18 6.237632e-14
10 25 4.765066e-03 1.267102e-03 0 0 0 0 8.994099e-18 6.281174e-14
10 26 4.765066e-03 1.651440e-03 0 0 0 0 2.997389e-17 6.192200e-14
10 27 4.765066e-03 2.152358e-03 0 0 0 0 9.751848e-17 5.983926e-14
10 28 4.765066e-03 2.805213e-03 0 0 0 0 3.549377e-16 5.625092e-14
10 29 4.765066e-03 3.656095e-03 0 0 0 0 1.631905e-15 5.163795e-14
10 30 4.765066e-03 4.765066e-03 0 0 0 0 -4.268973e-15 4.608582e-14
10 31 4.765066e-03 6.210412e-03 0 0 0 0 -1.785767e-14 4.035843e-14
10 32 4.765066e-03 8.094162e-03 0 0 0 0 -3.048119e-15 3.480630e-14
10 33 4.765066e-03 1.054929e-02 0 0 0 0 9.721652e-15 2.936170e-14
10 34 4.765066e-03 1.374912e-02 0 0 0 0 1.595592e-14 2.450874e-14
10 35 4.765066e-03 1.791952e-02 0 0 0 0 1.853135e-14 2.002273e-14
10 36 4.765066e-03 2.335489e-02 0 0 0 0 1.967547e-14 1.627886e-14
10 37 4.765066e-03 3.043893e-02 0 0 0 0 2.051551e-14 1.307346e-14
10 38 4.765066e-03 3.967171e-02 0 0 0 0 2.148229e-14 1.063381e-14
10 39 4.765066e-03 5.170498e-02 0 0 0 0 2.259568e-14 8.642949e-15
11 20 6.210412e-03 3.369410e-04 0 0 0 0 -8.004016e-17 4.334297e-14
11 21 6.210412e-03 4.391424e-04 0 0 0 0 -2.366631e-17 4.514619e-14
11 22 6.210412e-03 5.723437e-04 0 0 0 0 -1.192569e-17 4.735412e-14
11 23 6.210412e-03 7.459478e-04 0 0 0 0 6.570173e-18 4.909385e-14
11 24 6.210412e-03 9.722096e-04 0 0 0 0 1.877886e-18 5.019394e-14
11 25 6.210412e-03 1.267102e-03 0 0 0 0 1.772834e-18 5.044015e-14
11 26 6.210412e-03 1.651440e-03 0 0 0 0 7.454726e-18 4.958908e-14
11 27 6.210412e-03 2.152358e-03 0 0 0 0 2.282510e-17 4.776699e-14
11 28 6.210412e-03 2.805213e-03 0 0 0 0 7.569991e-17 4.476089e-14
11 29 6.210412e-03 3.656095e-03 0 0 0 0 2.857207e-16 4.101947e-14
11 30 6.210412e-03 4.765066e-03 0 0 0 0 1.455296e-15 3.653798e-14
11 31 6.210412e-03 6.210412e-03 0 0 0 0 -3.264924e-15 3.175456e-14
11 32 6.210412e-03 8.094162e-03 0 0 0 0 -1.492288e-14 2.702859e-14
11 33 6.210412e-03 1.054929e-02 0 0 0 0 -2.260619e-15 2.264602e-14
11 34 6.210412e-03 1.374912e-02 0 0 0 0 8.548426e-15 1.902002e-14
11 35 6.210412e-03 1.791952e-02 0 0 0 0 1.426854e-14 1.565643e-14
11 36 6.210412e-03 2.335489e-02 0 0 0 0 1.721288e-14 1.280624e-14
11 37 6.210412e-03 3.043893e-02 0 0 0 0 1.905538e-14 1.037295e-14
11 38 6.210412e-03 3.967171e-02 0 0 0 0 2.059176e-14 8.470238e-15
11 39 6.210412e-03 5.170498e-02 0 0 0 0 2.204125e-14 6.907697e-15
12 20 8.094162e-03 3.369410e-04 0 0 0 0 -7.999495e-17 3.542876e-14
12 21 8.094162e-03 4.391424e-04 0 0 0 0 -2.354281e-17 3.689277e-14
12 22 8.094162e-03 5.723437e-04 0 0 0 0 -1.188056e-17 3.867983e-14
12 23 8.094162e-03 7.459478e-04 0 0 0 0 6.379254e-18 4.007281e-14
12 24 8.094162e-03 9.722096e-04 0 0 0 0 1.152283e-18 4.092786e-14
12 25 8.094162e-03 1.267102e-03 0 0 0 0 -2.023686e-20 4.106952e-14
12 26 8.094162e-03 1.651440e-03 0 0 0 0 1.815407e-18 4.029933e-14
12 27 8.094162e-03 2.152358e-03 0 0 0 0 5.148962e-18 3.873263e-14
12 28 8.094162e-03 2.805213e-03 0 0 0 0 1.606620e-17 3.620017e-14
12 29 8.094162e-03 3.656095e-03 0 0 0 0 5.448008e-17 3.308056e-14
12 30 8.094162e-03 4.765066e-03 0 0 0 0 2.136409e-16 2.935778e-14
12 31 8.094162e-03 6.210412e-03 0 0 0 0 1.214026e-15 2.536109e-14
12 32 8.094162e-03 8.094162e-03 0 0 0 0 -2.534301e-15 2.139587e-14
12 33 8.094162e-03 1.054929e-02 0 0 0 0 -1.235932e-14 1.776785e-14
12 34 8.094162e-03 1.374912e-02 0 0 0 0 -1.589612e-15 1.484740e-14
12 35 8.094162e-03 1.791952e-02 0 0 0 0 7.770571e-15 1.221415e-14
12 36 8.094162e-03 2.335489e-02 0 0 0 0 1.328216e-14 1.007028e-14
12 37 8.094162e-03 3.043893e-02 0 0 0 0 1.666629e-14 8.243586e-15
12 38 8.094162e-03 3.967171e-02 0 0 0 0 1.911295e-14 6.764634e-15
12 39 8.094162e-03 5.170498e-02 0 0 0 0 2.111243e-14 5.547240e-15
13 20 1.054929e-02 3.369410e-04 0 0 0 0 -7.997890e-17 2.864615e-14
13 21 1.054929e-02 4.391424e-04 0 0 0 0 -2.349323e-17 2.982798e-14
13 22 1.054929e-02 5.723437e-04 0 0 0 0 -1.198813e-17 3.126978e-14
13 23 1.054929e-02 7.459478e-04 0 0 0 0 6.389868e-18 3.239046e-14
13 24 1.054929e-02 9.722096e-04 0 0 0 0 1.122613e-18 3.307234e-14
13 25 1.054929e-02 1.267102e-03 0 0 0 0 -5.743302e-19 3.317160e-14
13 26 1.054929e-02 1.651440e-03 0 0 0 0 5.387320e-19 3.252442e-14
13 27 1.054929e-02 2.152358e-03 0 0 0 0 1.101530e-18 3.122064e-14
13 28 1.054929e-02 2.805213e-03 0 0 0 0 3.234919e-18 2.911886e-14
13 29 1.054929e-02 3.656095e-03 0 0 0 0 1.033166e-17 2.653179e-14
13 30 1.054929e-02 4.765066e-03 0 0 0 0 3.586703e-17 2.347572e-14
13 31 1.054929e-02 6.210412e-03 0 0 0 0 1.473248e-16 2.027138e-14
13 32 1.054929e-02 8.094162e-03 0 0 0 0 9.490371e-16 1.712646e-14
13 33 1.054929e-02 1.054929e-02 0 0 0 0 -2.056733e-15 1.413842e-14
13 34 1.054929e-02 1.374912e-02 0 0 0 0 -1.024172e-14 1.161992e-14
13 35 1.054929e-02 1.791952e-02 0 0 0 0 -1.046083e-15 9.456809e-15
13 36 1.054929e-02 2.335489e-02 0 0 0 0 7.335473e-15 7.853602e-15
13 37 1.054929e-02 3.043893e-02 0 0 0 0 1.286995e-14 6.488869e-15
13 38 1.054929e-02 3.967171e-02 0 0 0 0 1.669874e-14 5.354973e-15
13 39 1.054929e-02 5.170498e-02 0 0 0 0 1.957170e-14 4.423888e-15
14 20 1.374912e-02 3.369410e-04 0 0 0 0 -7.983632e-17 2.315750e-14
14 21 1.374912e-02 4.391424e-04 0 0 0 0 -2.327214e-17 2.412117e-14
14 22 1.374912e-02 5.723437e-04 0 0 0 0 -1.209716e-17 2.529832e-14
14 23 1.374912e-02 7.459478e-04 0 0 0 0 6.248402e-18 2.621861e-14
14 24 1.374912e-02 9.722096e-04 0 0 0 0 1.032852e-18 2.678610e-14
14 25 1.374912e-02 1.267102e-03 0 0 0 0 -5.846087e-19 2.688071e-14
14 26 1.374912e-02 1.651440e-03 0 0 0 0 2.325118e-19 2.636779e-14
14 27 1.374912e-02 2.152358e-03 0 0 0 0 2.174453e-19 2.531549e-14
14 28 1.374912e-02 2.805213e-03 0 0 0 0 5.636937e-19 2.360767e-14
14 29 1.374912e-02 3.656095e-03 0 0 0 0 1.736919e-18 2.150020e-14
14 30 1.374912e-02 4.765066e-03 0 0 0 0 5.693997e-18 1.901114e-14
14 31 1.374912e-02 6.210412e-03 0 0 0 0 2.064094e-17 1.641096e-14
14 32 1.374912e-02 8.094162e-03 0 0 0 0 9.115330e-17 1.385535e-14
14 33 1.374912e-02 1.054929e-02 0 0 0 0 6.915664e-16 1.138370e-14
14 34 1.374912e-02 1.374912e-02 0 0 0 0 -1.793783e-15 9.253798e-15
14 35 1.374912e-02 1.791952e-02 0 0 0 0 -8.592059e-15 7.448069e-15
14 36 1.374912e-02 2.335489e-02 0 0 0 0 -6.303726e-16 6.164484e-15
14 37 1.374912e-02 3.043893e-02 0 0 0 0 7.172865e-15 5.093286e-15
14 38 1.374912e-02 3.967171e-02 0 0 0 0 1.287785e-14 4.230916e-15
14 39 1.374912e-02 5.170498e-02 0 0 0 0 1.706095e-14 3.529389e-15
15 20 1.791952e-02 3.369410e-04 0 0 0 0 -7.963836e-17 1.825734e-14
15 21 1.791952e-02 4.391424e-04 0 0 0 0 -2.289083e-17 1.902377e-14
15 22 1.791952e-02 5.723437e-04 0 0 0 0 -1.211701e-17 1.996206e-14
15 23 1.791952e-02 7.459478e-04 0 0 0 0 6.265155e-18 2.070177e-14
15 24 1.791952e-02 9.722096e-04 0 0 0 0 9.762295e-19 2.116746e-14
15 25 1.791952e-02 1.267102e-03 0 0 0 0 -7.026368e-19 2.126237e-14
15 26 1.791952e-02 1.651440e-03 0 0 0 0 1.530253e-19 2.087964e-14
15 27 1.791952e-02 2.152358e-03 0 0 0 0 1.254463e-19 2.006862e-14
15 28 1.791952e-02 2.805213e-03 0 0 0 0 7.474677e-21 1.873407e-14
15 29 1.791952e-02 3.656095e-03 0 0 0 0 1.804539e-19 1.707163e-14
15 30 1.791952e-02 4.765066e-03 0 0 0 0 5.476082e-19 1.509170e-14
15 31 1.791952e-02 6.210412e-03 0 0 0 0 2.017909e-18 1.301106e-14
15 32 1.791952e-02 8.094162e-03 0 0 0 0 8.480828e-18 1.096534e-14
15 33 1.791952e-02 1.054929e-02 0 0 0 0 4.541769e-17 9.015266e-15
15 34 1.791952e-02 1.374912e-02 0 0 0 0 4.592071e-16 7.357833e-15
15 35 1.791952e-02 1.791952e-02 0 0 0 0 -1.704191e-15 5.905779e-15
15 36 1.791952e-02 2.335489e-02 0 0 0 0 -7.398040e-15 4.809964e-15
15 37 1.791952e-02 3.043893e-02 0 0 0 0 -3.460143e-16 3.924185e-15
15 38 1.791952e-02 3.967171e-02 0 0 0 0 7.186605e-15 3.279170e-15
15 39 1.791952e-02 5.170498e-02 0 0 0 0 1.310071e-14 2.761928e-15
16 20 2.335489e-02 3.369410e-04 0 0 0 0 -7.926097e-17 1.410235e-14
16 21 2.335489e-02 4.391424e-04 0 0 0 0 -2.230932e-17 1.470493e-14
16 22 2.335489e-02 5.723437e-04 0 0 0 0 -1.219239e-17 1.544587e-14
16 23 2.335489e-02 7.459478e-04 0 0 0 0 6.293930e-18 1.603996e-14
16 24 2.335489e-02 9.722096e-04 0 0 0 0 1.041706e-18 1.642958e-14
16 25 2.335489e-02 1.267102e-03 0 0 0 0 -6.429520e-19 1.653730e-14
16 26 2.335489e-02 1.651440e-03 0 0 0 0 1.046723e-19 1.628000e-14
16 27 2.335489e-02 2.152358e-03 0 0 0 0 1.465286e-20 1.568980e-14
16 28 2.335489e-02 2.805213e-03 0 0 0 0 1.394766e-20 1.468971e-14
16 29 2.335489e-02 3.656095e-03 0 0 0 0 -7.868751e-20 1.342395e-14
16 30 2.335489e-02 4.765066e-03 0 0 0 0 -1.699118e-19 1.189684e-14
16 31 2.335489e-02 6.210412e-03 0 0 0 0 -4.707173e-19 1.027673e-14
16 32 2.335489e-02 8.094162e-03 0 0 0 0 -1.107128e-18 8.672937e-15
16 33 2.335489e-02 1.054929e-02 0 0 0 0 -1.674276e-18 7.146040e-15
16 34 2.335489e-02 1.374912e-02 0 0 0 0 7.802000e-18 5.847244e-15
16 35 2.335489e-02 1.791952e-02 0 0 0 0 2.574289e-16 4.680074e-15
16 36 2.335489e-02 2.335489e-02 0 0 0 0 -1.753047e-15 3.763085e-15
16 37 2.335489e-02 3.043893e-02 0 0 0 0 -6.632294e-15 3.028158e-15
16 38 2.335489e-02 3.967171e-02 0 0 0 0 -2.150658e-16 2.526041e-15
16 39 2.335489e-02 5.170498e-02 0 0 0 0 7.240297e-15 2.131256e-15
17 20 3.043893e-02 3.369410e-04 0 0 0 0 -7.862962e-17 1.052918e-14
17 21 3.043893e-02 4.391424e-04 0 0 0 0 -2.142762e-17 1.098757e-14
17 22 3.043893e-02 5.723437e-04 0 0 0 0 -1.230537e-17 1.155377e-14
17 23 3.043893e-02 7.459478e-04 0 0 0 0 6.307641e-18 1.201569e-14
17 24 3.043893e-02 9.722096e-04 0 0 0 0 1.060519e-18 1.233094e-14
17 25 3.043893e-02 1.267102e-03 0 0 0 0 -6.094980e-19 1.243979e-14
17 26 3.043893e-02 1.651440e-03 0 0 0 0 1.878488e-19 1.228043e-14
17 27 3.043893e-02 2.152358e-03 0 0 0 0 5.315466e-20 1.187265e-14
17 28 3.043893e-02 2.805213e-03 0 0 0 0 -4.158002e-20 1.115598e-14
17 29 3.043893e-02 3.656095e-03 0 0 0 0 -5.731507e-20 1.023104e-14
17 30 3.043893e-02 4.765066e-03 0 0 0 0 -1.489091e-19 9.098102e-15
17 31 3.043893e-02 6.210412e-03 0 0 0 0 -4.738940e-19 7.882428e-15
17 32 3.043893e-02 8.094162e-03 0 0 0 0 -1.347071e-18 6.664490e-15
17 33 3.043893e-02 1.054929e-02 0 0 0 0 -3.836305e-18 5.493506e-15
17 34 3.043893e-02 1.374912e-02 0 0 0 0 -1.055757e-17 4.489825e-15
17 35 3.043893e-02 1.791952e-02 0 0 0 0 -2.456524e-17 3.592693e-15
17 36 3.043893e-02 2.335489e-02 0 0 0 0 8.310393e-17 2.897038e-15
17 37 3.043893e-02 3.043893e-02 0 0 0 0 -1.916987e-15 2.326396e-15
17 38 3.043893e-02 3.967171e-02 0 0 0 0 -6.268002e-15 1.916067e-15
17 39 3.043893e-02 5.170498e-02 0 0 0 0 -2.770764e-16 1.597373e-15
18 20 3.967171e-02 3.369410e-04 0 0 0 0 -7.763665e-17 7.529357e-15
18 21 3.967171e-02 4.391424e-04 0 0 0 0 -2.010786e-17 7.864921e-15
18 22 3.967171e-02 5.723437e-04 0 0 0 0 -1.246012e-17 8.282065e-15
18 23 3.967171e-02 7.459478e-04 0 0 0 0 6.300768e-18 8.630234e-15
18 24 3.967171e-02 9.722096e-04 0 0 0 0 1.048877e-18 8.880130e-15
18 25 3.967171e-02 1.267102e-03 0 0 0 0 -6.291142e-19 8.987695e-15
18 26 3.967171e-02 1.651440e-03 0 0 0 0 1.788215e-19 8.908940e-15
18 27 3.967171e-02 2.152358e-03 0 0 0 0 7.852442e-20 8.653451e-15
18 28 3.967171e-02 2.805213e-03 0 0 0 0 1.993271e-20 8.175337e-15
18 29 3.967171e-02 3.656095e-03 0 0 0 0 -2.387735e-20 7.539348e-15
18 30 3.967171e-02 4.765066e-03 0 0 0 0 -1.201184e-19 6.742647e-15
18 31 3.967171e-02 6.210412e-03 0 0 0 0 -2.467058e-19 5.873536e-15
18 32 3.967171e-02 8.094162e-03 0 0 0 0 -7.764154e-19 4.988140e-15
18 33 3.967171e-02 1.054929e-02 0 0 0 0 -2.237685e-18 4.124914e-15
18 34 3.967171e-02 1.374912e-02 0 0 0 0 -6.545655e-18 3.375723e-15
18 35 3.967171e-02 1.791952e-02 0 0 0 0 -1.912734e-17 2.706386e-15
18 36 3.967171e-02 2.335489e-02 0 0 0 0 -5.453589e-17 2.190644e-15
18 37 3.967171e-02 3.043893e-02 0 0 0 0 -7.019018e-17 1.755705e-15
18 38 3.967171e-02 3.967171e-02 0 0 0 0 -2.175611e-15 1.425971e-15
18 39 3.967171e-02 5.170498e-02 0 0 0 0 -6.251905e-15 1.169788e-15
19 20 5.170498e-02 3.369410e-04 0 0 0 0 -7.635807e-17 5.157405e-15
19 21 5.170498e-02 4.391424e-04 0 0 0 0 -1.812068e-17 5.393113e-15
19 22 5.170498e-02 5.723437e-04 0 0 0 0 -1.261935e-17 5.688287e-15
19 23 5.170498e-02 7.459478e-04 0 0 0 0 6.289434e-18 5.940805e-15
19 24 5.170498e-02 9.722096e-04 0 0 0 0 1.042879e-18 6.131676e-15
19 25 5.170498e-02 1.267102e-03 0 0 0 0 -6.489648e-19 6.229901e-15
19 26 5.170498e-02 1.651440e-03 0 0 0 0 1.520433e-19 6.205124e-15
19 27 5.170498e-02 2.152358e-03 0 0 0 0 4.786150e-20 6.059505e-15
19 28 5.170498e-02 2.805213e-03 0 0 0 0 -4.579773e-21 5.759867e-15
19 29 5.170498e-02 3.656095e-03 0 0 0 0 1.017336e-20 5.345494e-15
19 30 5.170498e-02 4.765066e-03 0 0 0 0 -2.692988e-20 4.811906e-15
19 31 5.170498e-02 6.210412e-03 0 0 0 0 -1.459840e-19 4.218199e-15
19 32 5.170498e-02 8.094162e-03 0 0 0 0 -3.508432e-19 3.602132e-15
19 33 5.170498e-02 1.054929e-02 0 0 0 0 -1.036447e-18 2.992961e-15
19 34 5.170498e-02 1.374912e-02 0 0 0 0 -2.977139e-18 2.456051e-15
19 35 5.170498e-02 1.791952e-02 0 0 0 0 -8.631452e-18 1.969833e-15
19 36 5.170498e-02 2.335489e-02 0 0 0 0 -2.527544e-17 1.590252e-15
19 37 5.170498e-02 3.043893e-02 0 0 0 0 -7.525237e-17 1.269227e-15
19 38 5.170498e-02 3.967171e-02 0 0 0 0 -1.831795e-16 1.029197e-15
19 39 5.170498e-02 5.170498e-02 0 0 0 0 -2.453514e-15 8.408262e-16
