# Please cite the following papers in research using this covariance:
# arXiv: 1601.05779, https://arxiv.org/abs/1601.05779
# arXiv: 1911.11947, https://arxiv.org/abs/1911.11947
# arXiv: 2004.04833, https://arxiv.org/abs/2004.04833
########################################################
20 20 3.369410e-04 3.369410e-04 0 0 0 0 7.426261e-11 5.185509e-14
20 21 3.369410e-04 4.391424e-04 0 0 0 0 2.178189e-14 5.357279e-14
20 22 3.369410e-04 5.723437e-04 0 0 0 0 8.028546e-15 5.555713e-14
20 23 3.369410e-04 7.459478e-04 0 0 0 0 2.753633e-15 5.672021e-14
20 24 3.369410e-04 9.722096e-04 0 0 0 0 9.174370e-16 5.681946e-14
20 25 3.369410e-04 1.267102e-03 0 0 0 0 2.938736e-16 5.568371e-14
20 26 3.369410e-04 1.651440e-03 0 0 0 0 8.808127e-17 5.302836e-14
20 27 3.369410e-04 2.152358e-03 0 0 0 0 2.677466e-17 4.922819e-14
20 28 3.369410e-04 2.805213e-03 0 0 0 0 7.486813e-18 4.411245e-14
20 29 3.369410e-04 3.656095e-03 0 0 0 0 1.849572e-18 3.848236e-14
20 30 3.369410e-04 4.765066e-03 0 0 0 0 4.717233e-19 3.246476e-14
20 31 3.369410e-04 6.210412e-03 0 0 0 0 2.050735e-19 2.670870e-14
20 32 3.369410e-04 8.094162e-03 0 0 0 0 9.805075e-20 2.158867e-14
20 33 3.369410e-04 1.054929e-02 0 0 0 0 -4.023793e-21 1.711780e-14
20 34 3.369410e-04 1.374912e-02 0 0 0 0 -6.393582e-21 1.368686e-14
20 35 3.369410e-04 1.791952e-02 0 0 0 0 -1.784020e-20 1.087690e-14
20 36 3.369410e-04 2.335489e-02 0 0 0 0 -5.643463e-22 8.861010e-15
20 37 3.369410e-04 3.043893e-02 0 0 0 0 7.245609e-22 7.298461e-15
20 38 3.369410e-04 3.967171e-02 0 0 0 0 -4.170425e-20 6.112821e-15
20 39 3.369410e-04 5.170498e-02 0 0 0 0 -2.172243e-19 5.192818e-15
21 20 4.391424e-04 3.369410e-04 0 0 0 0 2.178189e-14 5.357279e-14
21 21 4.391424e-04 4.391424e-04 0 0 0 0 4.373617e-11 5.540920e-14
21 22 4.391424e-04 5.723437e-04 0 0 0 0 2.245102e-14 5.752971e-14
21 23 4.391424e-04 7.459478e-04 0 0 0 0 7.977733e-15 5.879658e-14
21 24 4.391424e-04 9.722096e-04 0 0 0 0 2.662593e-15 5.896558e-14
21 25 4.391424e-04 1.267102e-03 0 0 0 0 8.479179e-16 5.785628e-14
21 26 4.391424e-04 1.651440e-03 0 0 0 0 2.583126e-16 5.517114e-14
21 27 4.391424e-04 2.152358e-03 0 0 0 0 7.602659e-17 5.129279e-14
21 28 4.391424e-04 2.805213e-03 0 0 0 0 2.155678e-17 4.603547e-14
21 29 4.391424e-04 3.656095e-03 0 0 0 0 5.977711e-18 4.021557e-14
21 30 4.391424e-04 4.765066e-03 0 0 0 0 1.591525e-18 3.396349e-14
21 31 4.391424e-04 6.210412e-03 0 0 0 0 4.578531e-19 2.796109e-14
21 32 4.391424e-04 8.094162e-03 0 0 0 0 2.086727e-19 2.260252e-14
21 33 4.391424e-04 1.054929e-02 0 0 0 0 3.474635e-20 1.791512e-14
21 34 4.391424e-04 1.374912e-02 0 0 0 0 -1.013878e-20 1.431459e-14
21 35 4.391424e-04 1.791952e-02 0 0 0 0 -1.850368e-20 1.136275e-14
21 36 4.391424e-04 2.335489e-02 0 0 0 0 -3.447753e-20 9.247963e-15
21 37 4.391424e-04 3.043893e-02 0 0 0 0 -6.698180e-20 7.608363e-15
21 38 4.391424e-04 3.967171e-02 0 0 0 0 -1.249878e-19 6.367544e-15
21 39 4.391424e-04 5.170498e-02 0 0 0 0 -2.026053e-19 5.406373e-15
22 20 5.723437e-04 3.369410e-04 0 0 0 0 8.028546e-15 5.555713e-14
22 21 5.723437e-04 4.391424e-04 0 0 0 0 2.245102e-14 5.752971e-14
22 22 5.723437e-04 5.723437e-04 0 0 0 0 2.576541e-11 5.981772e-14
22 23 5.723437e-04 7.459478e-04 0 0 0 0 2.269637e-14 6.123258e-14
22 24 5.723437e-04 9.722096e-04 0 0 0 0 7.750330e-15 6.151243e-14
22 25 5.723437e-04 1.267102e-03 0 0 0 0 2.475346e-15 6.044538e-14
22 26 5.723437e-04 1.651440e-03 0 0 0 0 7.545598e-16 5.773031e-14
22 27 5.723437e-04 2.152358e-03 0 0 0 0 2.208021e-16 5.377036e-14
22 28 5.723437e-04 2.805213e-03 0 0 0 0 6.257028e-17 4.835834e-14
22 29 5.723437e-04 3.656095e-03 0 0 0 0 1.734768e-17 4.232374e-14
22 30 5.723437e-04 4.765066e-03 0 0 0 0 4.812080e-18 3.580045e-14
22 31 5.723437e-04 6.210412e-03 0 0 0 0 1.267884e-18 2.950646e-14
22 32 5.723437e-04 8.094162e-03 0 0 0 0 4.584147e-19 2.385916e-14
22 33 5.723437e-04 1.054929e-02 0 0 0 0 1.393958e-19 1.890622e-14
22 34 5.723437e-04 1.374912e-02 0 0 0 0 -1.115254e-20 1.509440e-14
22 35 5.723437e-04 1.791952e-02 0 0 0 0 5.753515e-22 1.196449e-14
22 36 5.723437e-04 2.335489e-02 0 0 0 0 5.684880e-21 9.725336e-15
22 37 5.723437e-04 3.043893e-02 0 0 0 0 1.978244e-20 7.988372e-15
22 38 5.723437e-04 3.967171e-02 0 0 0 0 3.645793e-20 6.678695e-15
22 39 5.723437e-04 5.170498e-02 0 0 0 0 6.657067e-20 5.666309e-15
23 20 7.459478e-04 3.369410e-04 0 0 0 0 2.753633e-15 5.672021e-14
23 21 7.459478e-04 4.391424e-04 0 0 0 0 7.977733e-15 5.879658e-14
23 22 7.459478e-04 5.723437e-04 0 0 0 0 2.269637e-14 6.123258e-14
23 23 7.459478e-04 7.459478e-04 0 0 0 0 1.518593e-11 6.282191e-14
23 24 7.459478e-04 9.722096e-04 0 0 0 0 2.241581e-14 6.326448e-14
23 25 7.459478e-04 1.267102e-03 0 0 0 0 7.292272e-15 6.228853e-14
23 26 7.459478e-04 1.651440e-03 0 0 0 0 2.220919e-15 5.960532e-14
23 27 7.459478e-04 2.152358e-03 0 0 0 0 6.474632e-16 5.563915e-14
23 28 7.459478e-04 2.805213e-03 0 0 0 0 1.826846e-16 5.016219e-14
23 29 7.459478e-04 3.656095e-03 0 0 0 0 5.034365e-17 4.400691e-14
23 30 7.459478e-04 4.765066e-03 0 0 0 0 1.371461e-17 3.730643e-14
23 31 7.459478e-04 6.210412e-03 0 0 0 0 3.778425e-18 3.079908e-14
23 32 7.459478e-04 8.094162e-03 0 0 0 0 1.076271e-18 2.492140e-14
23 33 7.459478e-04 1.054929e-02 0 0 0 0 3.992681e-19 1.974749e-14
23 34 7.459478e-04 1.374912e-02 0 0 0 0 5.491828e-20 1.575253e-14
23 35 7.459478e-04 1.791952e-02 0 0 0 0 2.104775e-21 1.246483e-14
23 36 7.459478e-04 2.335489e-02 0 0 0 0 1.000592e-20 1.011570e-14
23 37 7.459478e-04 3.043893e-02 0 0 0 0 1.617608e-20 8.291547e-15
23 38 7.459478e-04 3.967171e-02 0 0 0 0 4.927067e-21 6.922725e-15
23 39 7.459478e-04 5.170498e-02 0 0 0 0 -4.932092e-21 5.867134e-15
24 20 9.722096e-04 3.369410e-04 0 0 0 0 9.174370e-16 5.681946e-14
24 21 9.722096e-04 4.391424e-04 0 0 0 0 2.662593e-15 5.896558e-14
24 22 9.722096e-04 5.723437e-04 0 0 0 0 7.750330e-15 6.151243e-14
24 23 9.722096e-04 7.459478e-04 0 0 0 0 2.241581e-14 6.326448e-14
24 24 9.722096e-04 9.722096e-04 0 0 0 0 8.957246e-12 6.389976e-14
24 25 9.722096e-04 1.267102e-03 0 0 0 0 2.156669e-14 6.309821e-14
24 26 9.722096e-04 1.651440e-03 0 0 0 0 6.628775e-15 6.056484e-14
24 27 9.722096e-04 2.152358e-03 0 0 0 0 1.920001e-15 5.669335e-14
24 28 9.722096e-04 2.805213e-03 0 0 0 0 5.373171e-16 5.125365e-14
24 29 9.722096e-04 3.656095e-03 0 0 0 0 1.471580e-16 4.509536e-14
24 30 9.722096e-04 4.765066e-03 0 0 0 0 3.999071e-17 3.834206e-14
24 31 9.722096e-04 6.210412e-03 0 0 0 0 1.097635e-17 3.172712e-14
24 32 9.722096e-04 8.094162e-03 0 0 0 0 3.010600e-18 2.570265e-14
24 33 9.722096e-04 1.054929e-02 0 0 0 0 9.524621e-19 2.037312e-14
24 34 9.722096e-04 1.374912e-02 0 0 0 0 2.810628e-19 1.623723e-14
24 35 9.722096e-04 1.791952e-02 0 0 0 0 3.083255e-20 1.282291e-14
24 36 9.722096e-04 2.335489e-02 0 0 0 0 3.292225e-20 1.038528e-14
24 37 9.722096e-04 3.043893e-02 0 0 0 0 3.096095e-20 8.489311e-15
24 38 9.722096e-04 3.967171e-02 0 0 0 0 9.694949e-21 7.075262e-15
24 39 9.722096e-04 5.170498e-02 0 0 0 0 -4.290862e-21 5.987599e-15
25 20 1.267102e-03 3.369410e-04 0 0 0 0 2.938736e-16 5.568371e-14
25 21 1.267102e-03 4.391424e-04 0 0 0 0 8.479179e-16 5.785628e-14
25 22 1.267102e-03 5.723437e-04 0 0 0 0 2.475346e-15 6.044538e-14
25 23 1.267102e-03 7.459478e-04 0 0 0 0 7.292272e-15 6.228853e-14
25 24 1.267102e-03 9.722096e-04 0 0 0 0 2.156669e-14 6.309821e-14
25 25 1.267102e-03 1.267102e-03 0 0 0 0 5.289439e-12 6.256671e-14
25 26 1.267102e-03 1.651440e-03 0 0 0 0 2.014924e-14 6.034141e-14
25 27 1.267102e-03 2.152358e-03 0 0 0 0 5.815392e-15 5.668570e-14
25 28 1.267102e-03 2.805213e-03 0 0 0 0 1.604694e-15 5.139771e-14
25 29 1.267102e-03 3.656095e-03 0 0 0 0 4.343188e-16 4.537012e-14
25 30 1.267102e-03 4.765066e-03 0 0 0 0 1.169406e-16 3.870822e-14
25 31 1.267102e-03 6.210412e-03 0 0 0 0 3.183599e-17 3.211967e-14
25 32 1.267102e-03 8.094162e-03 0 0 0 0 8.972058e-18 2.606750e-14
25 33 1.267102e-03 1.054929e-02 0 0 0 0 2.556104e-18 2.067914e-14
25 34 1.267102e-03 1.374912e-02 0 0 0 0 8.462134e-19 1.646873e-14
25 35 1.267102e-03 1.791952e-02 0 0 0 0 2.021191e-19 1.297930e-14
25 36 1.267102e-03 2.335489e-02 0 0 0 0 8.235566e-20 1.048751e-14
25 37 1.267102e-03 3.043893e-02 0 0 0 0 6.089747e-20 8.544966e-15
25 38 1.267102e-03 3.967171e-02 0 0 0 0 2.411537e-20 7.106242e-15
25 39 1.267102e-03 5.170498e-02 0 0 0 0 -1.412971e-21 6.002225e-15
26 20 1.651440e-03 3.369410e-04 0 0 0 0 8.808127e-17 5.302836e-14
26 21 1.651440e-03 4.391424e-04 0 0 0 0 2.583126e-16 5.517114e-14
26 22 1.651440e-03 5.723437e-04 0 0 0 0 7.545598e-16 5.773031e-14
26 23 1.651440e-03 7.459478e-04 0 0 0 0 2.220919e-15 5.960532e-14
26 24 1.651440e-03 9.722096e-04 0 0 0 0 6.628775e-15 6.056484e-14
26 25 1.651440e-03 1.267102e-03 0 0 0 0 2.014924e-14 6.034141e-14
26 26 1.651440e-03 1.651440e-03 0 0 0 0 3.128826e-12 5.853620e-14
26 27 1.651440e-03 2.152358e-03 0 0 0 0 1.825101e-14 5.526892e-14
26 28 1.651440e-03 2.805213e-03 0 0 0 0 4.932051e-15 5.034759e-14
26 29 1.651440e-03 3.656095e-03 0 0 0 0 1.304684e-15 4.463080e-14
26 30 1.651440e-03 4.765066e-03 0 0 0 0 3.456986e-16 3.821378e-14
26 31 1.651440e-03 6.210412e-03 0 0 0 0 9.312746e-17 3.181211e-14
26 32 1.651440e-03 8.094162e-03 0 0 0 0 2.590458e-17 2.588631e-14
26 33 1.651440e-03 1.054929e-02 0 0 0 0 7.614439e-18 2.056305e-14
26 34 1.651440e-03 1.374912e-02 0 0 0 0 2.360994e-18 1.636727e-14
26 35 1.651440e-03 1.791952e-02 0 0 0 0 7.687592e-19 1.287267e-14
26 36 1.651440e-03 2.335489e-02 0 0 0 0 2.146356e-19 1.037290e-14
26 37 1.651440e-03 3.043893e-02 0 0 0 0 1.255047e-19 8.417940e-15
26 38 1.651440e-03 3.967171e-02 0 0 0 0 5.741579e-20 6.981212e-15
26 39 1.651440e-03 5.170498e-02 0 0 0 0 6.798452e-21 5.881192e-15
27 20 2.152358e-03 3.369410e-04 0 0 0 0 2.677466e-17 4.922819e-14
27 21 2.152358e-03 4.391424e-04 0 0 0 0 7.602659e-17 5.129279e-14
27 22 2.152358e-03 5.723437e-04 0 0 0 0 2.208021e-16 5.377036e-14
27 23 2.152358e-03 7.459478e-04 0 0 0 0 6.474632e-16 5.563915e-14
27 24 2.152358e-03 9.722096e-04 0 0 0 0 1.920001e-15 5.669335e-14
27 25 2.152358e-03 1.267102e-03 0 0 0 0 5.815392e-15 5.668570e-14
27 26 2.152358e-03 1.651440e-03 0 0 0 0 1.825101e-14 5.526892e-14
27 27 2.152358e-03 2.152358e-03 0 0 0 0 1.855207e-12 5.254646e-14
27 28 2.152358e-03 2.805213e-03 0 0 0 0 1.603056e-14 4.825397e-14
27 29 2.152358e-03 3.656095e-03 0 0 0 0 4.062583e-15 4.301475e-14
27 30 2.152358e-03 4.765066e-03 0 0 0 0 1.042490e-15 3.694143e-14
27 31 2.152358e-03 6.210412e-03 0 0 0 0 2.752379e-16 3.085344e-14
27 32 2.152358e-03 8.094162e-03 0 0 0 0 7.571572e-17 2.518799e-14
27 33 2.152358e-03 1.054929e-02 0 0 0 0 2.199594e-17 2.004094e-14
27 34 2.152358e-03 1.374912e-02 0 0 0 0 6.798664e-18 1.595000e-14
27 35 2.152358e-03 1.791952e-02 0 0 0 0 2.298999e-18 1.252215e-14
27 36 2.152358e-03 2.335489e-02 0 0 0 0 7.520811e-19 1.006108e-14
27 37 2.152358e-03 3.043893e-02 0 0 0 0 2.852480e-19 8.128867e-15
27 38 2.152358e-03 3.967171e-02 0 0 0 0 1.347712e-19 6.718995e-15
27 39 2.152358e-03 5.170498e-02 0 0 0 0 3.652660e-20 5.641543e-15
28 20 2.805213e-03 3.369410e-04 0 0 0 0 7.486813e-18 4.411245e-14
28 21 2.805213e-03 4.391424e-04 0 0 0 0 2.155678e-17 4.603547e-14
28 22 2.805213e-03 5.723437e-04 0 0 0 0 6.257028e-17 4.835834e-14
28 23 2.805213e-03 7.459478e-04 0 0 0 0 1.826846e-16 5.016219e-14
28 24 2.805213e-03 9.722096e-04 0 0 0 0 5.373171e-16 5.125365e-14
28 25 2.805213e-03 1.267102e-03 0 0 0 0 1.604694e-15 5.139771e-14
28 26 2.805213e-03 1.651440e-03 0 0 0 0 4.932051e-15 5.034759e-14
28 27 2.805213e-03 2.152358e-03 0 0 0 0 1.603056e-14 4.825397e-14
28 28 2.805213e-03 2.805213e-03 0 0 0 0 1.103609e-12 4.477092e-14
28 29 2.805213e-03 3.656095e-03 0 0 0 0 1.368483e-14 4.021926e-14
28 30 2.805213e-03 4.765066e-03 0 0 0 0 3.277005e-15 3.471212e-14
28 31 2.805213e-03 6.210412e-03 0 0 0 0 8.303802e-16 2.912300e-14
28 32 2.805213e-03 8.094162e-03 0 0 0 0 2.232613e-16 2.385155e-14
28 33 2.805213e-03 1.054929e-02 0 0 0 0 6.410557e-17 1.901043e-14
28 34 2.805213e-03 1.374912e-02 0 0 0 0 1.974379e-17 1.513984e-14
28 35 2.805213e-03 1.791952e-02 0 0 0 0 6.449996e-18 1.186759e-14
28 36 2.805213e-03 2.335489e-02 0 0 0 0 2.301084e-18 9.505443e-15
28 37 2.805213e-03 3.043893e-02 0 0 0 0 8.007471e-19 7.641627e-15
28 38 2.805213e-03 3.967171e-02 0 0 0 0 3.401262e-19 6.290362e-15
28 39 2.805213e-03 5.170498e-02 0 0 0 0 1.233249e-19 5.259028e-15
29 20 3.656095e-03 3.369410e-04 0 0 0 0 1.849572e-18 3.848236e-14
29 21 3.656095e-03 4.391424e-04 0 0 0 0 5.977711e-18 4.021557e-14
29 22 3.656095e-03 5.723437e-04 0 0 0 0 1.734768e-17 4.232374e-14
29 23 3.656095e-03 7.459478e-04 0 0 0 0 5.034365e-17 4.400691e-14
29 24 3.656095e-03 9.722096e-04 0 0 0 0 1.471580e-16 4.509536e-14
29 25 3.656095e-03 1.267102e-03 0 0 0 0 4.343188e-16 4.537012e-14
29 26 3.656095e-03 1.651440e-03 0 0 0 0 1.304684e-15 4.463080e-14
29 27 3.656095e-03 2.152358e-03 0 0 0 0 4.062583e-15 4.301475e-14
29 28 3.656095e-03 2.805213e-03 0 0 0 0 1.368483e-14 4.021926e-14
29 29 3.656095e-03 3.656095e-03 0 0 0 0 6.593279e-13 3.648703e-14
29 30 3.656095e-03 4.765066e-03 0 0 0 0 1.140692e-14 3.184610e-14
29 31 3.656095e-03 6.210412e-03 0 0 0 0 2.620204e-15 2.692470e-14
29 32 3.656095e-03 8.094162e-03 0 0 0 0 6.712574e-16 2.208711e-14
29 33 3.656095e-03 1.054929e-02 0 0 0 0 1.881656e-16 1.762775e-14
29 34 3.656095e-03 1.374912e-02 0 0 0 0 5.729319e-17 1.406106e-14
29 35 3.656095e-03 1.791952e-02 0 0 0 0 1.876802e-17 1.100531e-14
29 36 3.656095e-03 2.335489e-02 0 0 0 0 6.494485e-18 8.789434e-15
29 37 3.656095e-03 3.043893e-02 0 0 0 0 2.365443e-18 7.030306e-15
29 38 3.656095e-03 3.967171e-02 0 0 0 0 8.868971e-19 5.761085e-15
29 39 3.656095e-03 5.170498e-02 0 0 0 0 3.589268e-19 4.792702e-15
30 20 4.765066e-03 3.369410e-04 0 0 0 0 4.717233e-19 3.246476e-14
30 21 4.765066e-03 4.391424e-04 0 0 0 0 1.591525e-18 3.396349e-14
30 22 4.765066e-03 5.723437e-04 0 0 0 0 4.812080e-18 3.580045e-14
30 23 4.765066e-03 7.459478e-04 0 0 0 0 1.371461e-17 3.730643e-14
30 24 4.765066e-03 9.722096e-04 0 0 0 0 3.999071e-17 3.834206e-14
30 25 4.765066e-03 1.267102e-03 0 0 0 0 1.169406e-16 3.870822e-14
30 26 4.765066e-03 1.651440e-03 0 0 0 0 3.456986e-16 3.821378e-14
30 27 4.765066e-03 2.152358e-03 0 0 0 0 1.042490e-15 3.694143e-14
30 28 4.765066e-03 2.805213e-03 0 0 0 0 3.277005e-15 3.471212e-14
30 29 4.765066e-03 3.656095e-03 0 0 0 0 1.140692e-14 3.184610e-14
30 30 4.765066e-03 4.765066e-03 0 0 0 0 3.960971e-13 2.825535e-14
30 31 4.765066e-03 6.210412e-03 0 0 0 0 9.352430e-15 2.416101e-14
30 32 4.765066e-03 8.094162e-03 0 0 0 0 2.110252e-15 1.987494e-14
30 33 4.765066e-03 1.054929e-02 0 0 0 0 5.614914e-16 1.590409e-14
30 34 4.765066e-03 1.374912e-02 0 0 0 0 1.672153e-16 1.270656e-14
30 35 4.765066e-03 1.791952e-02 0 0 0 0 5.426358e-17 9.926323e-15
30 36 4.765066e-03 2.335489e-02 0 0 0 0 1.879806e-17 7.909604e-15
30 37 4.765066e-03 3.043893e-02 0 0 0 0 6.827212e-18 6.294394e-15
30 38 4.765066e-03 3.967171e-02 0 0 0 0 2.516599e-18 5.132950e-15
30 39 4.765066e-03 5.170498e-02 0 0 0 0 9.776334e-19 4.245829e-15
31 20 6.210412e-03 3.369410e-04 0 0 0 0 2.050735e-19 2.670870e-14
31 21 6.210412e-03 4.391424e-04 0 0 0 0 4.578531e-19 2.796109e-14
31 22 6.210412e-03 5.723437e-04 0 0 0 0 1.267884e-18 2.950646e-14
31 23 6.210412e-03 7.459478e-04 0 0 0 0 3.778425e-18 3.079908e-14
31 24 6.210412e-03 9.722096e-04 0 0 0 0 1.097635e-17 3.172712e-14
31 25 6.210412e-03 1.267102e-03 0 0 0 0 3.183599e-17 3.211967e-14
31 26 6.210412e-03 1.651440e-03 0 0 0 0 9.312746e-17 3.181211e-14
31 27 6.210412e-03 2.152358e-03 0 0 0 0 2.752379e-16 3.085344e-14
31 28 6.210412e-03 2.805213e-03 0 0 0 0 8.303802e-16 2.912300e-14
31 29 6.210412e-03 3.656095e-03 0 0 0 0 2.620204e-15 2.692470e-14
31 30 6.210412e-03 4.765066e-03 0 0 0 0 9.352430e-15 2.416101e-14
31 31 6.210412e-03 6.210412e-03 0 0 0 0 2.396774e-13 2.091785e-14
31 32 6.210412e-03 8.094162e-03 0 0 0 0 7.621321e-15 1.741346e-14
31 33 6.210412e-03 1.054929e-02 0 0 0 0 1.744057e-15 1.405212e-14
31 34 6.210412e-03 1.374912e-02 0 0 0 0 4.938541e-16 1.121501e-14
31 35 6.210412e-03 1.791952e-02 0 0 0 0 1.574724e-16 8.735463e-15
31 36 6.210412e-03 2.335489e-02 0 0 0 0 5.421802e-17 6.952369e-15
31 37 6.210412e-03 3.043893e-02 0 0 0 0 1.963845e-17 5.504753e-15
31 38 6.210412e-03 3.967171e-02 0 0 0 0 7.350147e-18 4.468348e-15
31 39 6.210412e-03 5.170498e-02 0 0 0 0 2.752413e-18 3.674405e-15
32 20 8.094162e-03 3.369410e-04 0 0 0 0 9.805075e-20 2.158867e-14
32 21 8.094162e-03 4.391424e-04 0 0 0 0 2.086727e-19 2.260252e-14
32 22 8.094162e-03 5.723437e-04 0 0 0 0 4.584147e-19 2.385916e-14
32 23 8.094162e-03 7.459478e-04 0 0 0 0 1.076271e-18 2.492140e-14
32 24 8.094162e-03 9.722096e-04 0 0 0 0 3.010600e-18 2.570265e-14
32 25 8.094162e-03 1.267102e-03 0 0 0 0 8.972058e-18 2.606750e-14
32 26 8.094162e-03 1.651440e-03 0 0 0 0 2.590458e-17 2.588631e-14
32 27 8.094162e-03 2.152358e-03 0 0 0 0 7.571572e-17 2.518799e-14
32 28 8.094162e-03 2.805213e-03 0 0 0 0 2.232613e-16 2.385155e-14
32 29 8.094162e-03 3.656095e-03 0 0 0 0 6.712574e-16 2.208711e-14
32 30 8.094162e-03 4.765066e-03 0 0 0 0 2.110252e-15 1.987494e-14
32 31 8.094162e-03 6.210412e-03 0 0 0 0 7.621321e-15 1.741346e-14
32 32 8.094162e-03 8.094162e-03 0 0 0 0 1.464134e-13 1.481697e-14
32 33 8.094162e-03 1.054929e-02 0 0 0 0 6.256600e-15 1.214139e-14
32 34 8.094162e-03 1.374912e-02 0 0 0 0 1.505360e-15 9.671316e-15
32 35 8.094162e-03 1.791952e-02 0 0 0 0 4.600323e-16 7.517429e-15
32 36 8.094162e-03 2.335489e-02 0 0 0 0 1.565338e-16 5.980179e-15
32 37 8.094162e-03 3.043893e-02 0 0 0 0 5.655053e-17 4.710662e-15
32 38 8.094162e-03 3.967171e-02 0 0 0 0 2.109960e-17 3.809600e-15
32 39 8.094162e-03 5.170498e-02 0 0 0 0 8.002124e-18 3.115429e-15
33 20 1.054929e-02 3.369410e-04 0 0 0 0 -4.023793e-21 1.711780e-14
33 21 1.054929e-02 4.391424e-04 0 0 0 0 3.474635e-20 1.791512e-14
33 22 1.054929e-02 5.723437e-04 0 0 0 0 1.393958e-19 1.890622e-14
33 23 1.054929e-02 7.459478e-04 0 0 0 0 3.992681e-19 1.974749e-14
33 24 1.054929e-02 9.722096e-04 0 0 0 0 9.524621e-19 2.037312e-14
33 25 1.054929e-02 1.267102e-03 0 0 0 0 2.556104e-18 2.067914e-14
33 26 1.054929e-02 1.651440e-03 0 0 0 0 7.614439e-18 2.056305e-14
33 27 1.054929e-02 2.152358e-03 0 0 0 0 2.199594e-17 2.004094e-14
33 28 1.054929e-02 2.805213e-03 0 0 0 0 6.410557e-17 1.901043e-14
33 29 1.054929e-02 3.656095e-03 0 0 0 0 1.881656e-16 1.762775e-14
33 30 1.054929e-02 4.765066e-03 0 0 0 0 5.614914e-16 1.590409e-14
33 31 1.054929e-02 6.210412e-03 0 0 0 0 1.744057e-15 1.405212e-14
33 32 1.054929e-02 8.094162e-03 0 0 0 0 6.256600e-15 1.214139e-14
33 33 1.054929e-02 1.054929e-02 0 0 0 0 9.061560e-14 1.009639e-14
33 34 1.054929e-02 1.374912e-02 0 0 0 0 5.255113e-15 8.112116e-15
33 35 1.054929e-02 1.791952e-02 0 0 0 0 1.372148e-15 6.346004e-15
33 36 1.054929e-02 2.335489e-02 0 0 0 0 4.528647e-16 5.034930e-15
33 37 1.054929e-02 3.043893e-02 0 0 0 0 1.625986e-16 3.940553e-15
33 38 1.054929e-02 3.967171e-02 0 0 0 0 6.067834e-17 3.177193e-15
33 39 1.054929e-02 5.170498e-02 0 0 0 0 2.300609e-17 2.583916e-15
34 20 1.374912e-02 3.369410e-04 0 0 0 0 -6.393582e-21 1.368686e-14
34 21 1.374912e-02 4.391424e-04 0 0 0 0 -1.013878e-20 1.431459e-14
34 22 1.374912e-02 5.723437e-04 0 0 0 0 -1.115254e-20 1.509440e-14
34 23 1.374912e-02 7.459478e-04 0 0 0 0 5.491828e-20 1.575253e-14
34 24 1.374912e-02 9.722096e-04 0 0 0 0 2.810628e-19 1.623723e-14
34 25 1.374912e-02 1.267102e-03 0 0 0 0 8.462134e-19 1.646873e-14
34 26 1.374912e-02 1.651440e-03 0 0 0 0 2.360994e-18 1.636727e-14
34 27 1.374912e-02 2.152358e-03 0 0 0 0 6.798664e-18 1.595000e-14
34 28 1.374912e-02 2.805213e-03 0 0 0 0 1.974379e-17 1.513984e-14
34 29 1.374912e-02 3.656095e-03 0 0 0 0 5.729319e-17 1.406106e-14
34 30 1.374912e-02 4.765066e-03 0 0 0 0 1.672153e-16 1.270656e-14
34 31 1.374912e-02 6.210412e-03 0 0 0 0 4.938541e-16 1.121501e-14
34 32 1.374912e-02 8.094162e-03 0 0 0 0 1.505360e-15 9.671316e-15
34 33 1.374912e-02 1.054929e-02 0 0 0 0 5.255113e-15 8.112116e-15
34 34 1.374912e-02 1.374912e-02 0 0 0 0 5.714275e-14 6.677284e-15
34 35 1.374912e-02 1.791952e-02 0 0 0 0 4.583592e-15 5.324893e-15
34 36 1.374912e-02 2.335489e-02 0 0 0 0 1.323324e-15 4.206311e-15
34 37 1.374912e-02 3.043893e-02 0 0 0 0 4.667700e-16 3.272889e-15
34 38 1.374912e-02 3.967171e-02 0 0 0 0 1.739892e-16 2.633801e-15
34 39 1.374912e-02 5.170498e-02 0 0 0 0 6.612267e-17 2.131077e-15
35 20 1.791952e-02 3.369410e-04 0 0 0 0 -1.784020e-20 1.087690e-14
35 21 1.791952e-02 4.391424e-04 0 0 0 0 -1.850368e-20 1.136275e-14
35 22 1.791952e-02 5.723437e-04 0 0 0 0 5.753515e-22 1.196449e-14
35 23 1.791952e-02 7.459478e-04 0 0 0 0 2.104775e-21 1.246483e-14
35 24 1.791952e-02 9.722096e-04 0 0 0 0 3.083255e-20 1.282291e-14
35 25 1.791952e-02 1.267102e-03 0 0 0 0 2.021191e-19 1.297930e-14
35 26 1.791952e-02 1.651440e-03 0 0 0 0 7.687592e-19 1.287267e-14
35 27 1.791952e-02 2.152358e-03 0 0 0 0 2.298999e-18 1.252215e-14
35 28 1.791952e-02 2.805213e-03 0 0 0 0 6.449996e-18 1.186759e-14
35 29 1.791952e-02 3.656095e-03 0 0 0 0 1.876802e-17 1.100531e-14
35 30 1.791952e-02 4.765066e-03 0 0 0 0 5.426358e-17 9.926323e-15
35 31 1.791952e-02 6.210412e-03 0 0 0 0 1.574724e-16 8.735463e-15
35 32 1.791952e-02 8.094162e-03 0 0 0 0 4.600323e-16 7.517429e-15
35 33 1.791952e-02 1.054929e-02 0 0 0 0 1.372148e-15 6.346004e-15
35 34 1.791952e-02 1.374912e-02 0 0 0 0 4.583592e-15 5.324893e-15
35 35 1.791952e-02 1.791952e-02 0 0 0 0 3.704870e-14 4.326404e-15
35 36 1.791952e-02 2.335489e-02 0 0 0 0 4.195572e-15 3.434973e-15
35 37 1.791952e-02 3.043893e-02 0 0 0 0 1.341106e-15 2.682398e-15
35 38 1.791952e-02 3.967171e-02 0 0 0 0 4.968618e-16 2.153516e-15
35 39 1.791952e-02 5.170498e-02 0 0 0 0 1.893924e-16 1.730992e-15
36 20 2.335489e-02 3.369410e-04 0 0 0 0 -5.643463e-22 8.861010e-15
36 21 2.335489e-02 4.391424e-04 0 0 0 0 -3.447753e-20 9.247963e-15
36 22 2.335489e-02 5.723437e-04 0 0 0 0 5.684880e-21 9.725336e-15
36 23 2.335489e-02 7.459478e-04 0 0 0 0 1.000592e-20 1.011570e-14
36 24 2.335489e-02 9.722096e-04 0 0 0 0 3.292225e-20 1.038528e-14
36 25 2.335489e-02 1.267102e-03 0 0 0 0 8.235566e-20 1.048751e-14
36 26 2.335489e-02 1.651440e-03 0 0 0 0 2.146356e-19 1.037290e-14
36 27 2.335489e-02 2.152358e-03 0 0 0 0 7.520811e-19 1.006108e-14
36 28 2.335489e-02 2.805213e-03 0 0 0 0 2.301084e-18 9.505443e-15
36 29 2.335489e-02 3.656095e-03 0 0 0 0 6.494485e-18 8.789434e-15
36 30 2.335489e-02 4.765066e-03 0 0 0 0 1.879806e-17 7.909604e-15
36 31 2.335489e-02 6.210412e-03 0 0 0 0 5.421802e-17 6.952369e-15
36 32 2.335489e-02 8.094162e-03 0 0 0 0 1.565338e-16 5.980179e-15
36 33 2.335489e-02 1.054929e-02 0 0 0 0 4.528647e-16 5.034930e-15
36 34 2.335489e-02 1.374912e-02 0 0 0 0 1.323324e-15 4.206311e-15
36 35 2.335489e-02 1.791952e-02 0 0 0 0 4.195572e-15 3.434973e-15
36 36 2.335489e-02 2.335489e-02 0 0 0 0 2.502961e-14 2.788965e-15
36 37 2.335489e-02 3.043893e-02 0 0 0 0 4.042114e-15 2.224209e-15
36 38 2.335489e-02 3.967171e-02 0 0 0 0 1.410549e-15 1.780690e-15
36 39 2.335489e-02 5.170498e-02 0 0 0 0 5.393184e-16 1.421161e-15
37 20 3.043893e-02 3.369410e-04 0 0 0 0 7.245609e-22 7.298461e-15
37 21 3.043893e-02 4.391424e-04 0 0 0 0 -6.698180e-20 7.608363e-15
37 22 3.043893e-02 5.723437e-04 0 0 0 0 1.978244e-20 7.988372e-15
37 23 3.043893e-02 7.459478e-04 0 0 0 0 1.617608e-20 8.291547e-15
37 24 3.043893e-02 9.722096e-04 0 0 0 0 3.096095e-20 8.489311e-15
37 25 3.043893e-02 1.267102e-03 0 0 0 0 6.089747e-20 8.544966e-15
37 26 3.043893e-02 1.651440e-03 0 0 0 0 1.255047e-19 8.417940e-15
37 27 3.043893e-02 2.152358e-03 0 0 0 0 2.852480e-19 8.128867e-15
37 28 3.043893e-02 2.805213e-03 0 0 0 0 8.007471e-19 7.641627e-15
37 29 3.043893e-02 3.656095e-03 0 0 0 0 2.365443e-18 7.030306e-15
37 30 3.043893e-02 4.765066e-03 0 0 0 0 6.827212e-18 6.294394e-15
37 31 3.043893e-02 6.210412e-03 0 0 0 0 1.963845e-17 5.504753e-15
37 32 3.043893e-02 8.094162e-03 0 0 0 0 5.655053e-17 4.710662e-15
37 33 3.043893e-02 1.054929e-02 0 0 0 0 1.625986e-16 3.940553e-15
37 34 3.043893e-02 1.374912e-02 0 0 0 0 4.667700e-16 3.272889e-15
37 35 3.043893e-02 1.791952e-02 0 0 0 0 1.341106e-15 2.682398e-15
37 36 3.043893e-02 2.335489e-02 0 0 0 0 4.042114e-15 2.224209e-15
37 37 3.043893e-02 3.043893e-02 0 0 0 0 1.792632e-14 1.814511e-15
37 38 3.043893e-02 3.967171e-02 0 0 0 0 4.077405e-15 1.458467e-15
37 39 3.043893e-02 5.170498e-02 0 0 0 0 1.519553e-15 1.165113e-15
38 20 3.967171e-02 3.369410e-04 0 0 0 0 -4.170425e-20 6.112821e-15
38 21 3.967171e-02 4.391424e-04 0 0 0 0 -1.249878e-19 6.367544e-15
38 22 3.967171e-02 5.723437e-04 0 0 0 0 3.645793e-20 6.678695e-15
38 23 3.967171e-02 7.459478e-04 0 0 0 0 4.927067e-21 6.922725e-15
38 24 3.967171e-02 9.722096e-04 0 0 0 0 9.694949e-21 7.075262e-15
38 25 3.967171e-02 1.267102e-03 0 0 0 0 2.411537e-20 7.106242e-15
38 26 3.967171e-02 1.651440e-03 0 0 0 0 5.741579e-20 6.981212e-15
38 27 3.967171e-02 2.152358e-03 0 0 0 0 1.347712e-19 6.718995e-15
38 28 3.967171e-02 2.805213e-03 0 0 0 0 3.401262e-19 6.290362e-15
38 29 3.967171e-02 3.656095e-03 0 0 0 0 8.868971e-19 5.761085e-15
38 30 3.967171e-02 4.765066e-03 0 0 0 0 2.516599e-18 5.132950e-15
38 31 3.967171e-02 6.210412e-03 0 0 0 0 7.350147e-18 4.468348e-15
38 32 3.967171e-02 8.094162e-03 0 0 0 0 2.109960e-17 3.809600e-15
38 33 3.967171e-02 1.054929e-02 0 0 0 0 6.067834e-17 3.177193e-15
38 34 3.967171e-02 1.374912e-02 0 0 0 0 1.739892e-16 2.633801e-15
38 35 3.967171e-02 1.791952e-02 0 0 0 0 4.968618e-16 2.153516e-15
38 36 3.967171e-02 2.335489e-02 0 0 0 0 1.410549e-15 1.780690e-15
38 37 3.967171e-02 3.043893e-02 0 0 0 0 4.077405e-15 1.458467e-15
38 38 3.967171e-02 3.967171e-02 0 0 0 0 1.384606e-14 1.192283e-15
38 39 3.967171e-02 5.170498e-02 0 0 0 0 4.258960e-15 9.704153e-16
39 20 5.170498e-02 3.369410e-04 0 0 0 0 -2.172243e-19 5.192818e-15
39 21 5.170498e-02 4.391424e-04 0 0 0 0 -2.026053e-19 5.406373e-15
39 22 5.170498e-02 5.723437e-04 0 0 0 0 6.657067e-20 5.666309e-15
39 23 5.170498e-02 7.459478e-04 0 0 0 0 -4.932092e-21 5.867134e-15
39 24 5.170498e-02 9.722096e-04 0 0 0 0 -4.290862e-21 5.987599e-15
39 25 5.170498e-02 1.267102e-03 0 0 0 0 -1.412971e-21 6.002225e-15
39 26 5.170498e-02 1.651440e-03 0 0 0 0 6.798452e-21 5.881192e-15
39 27 5.170498e-02 2.152358e-03 0 0 0 0 3.652660e-20 5.641543e-15
39 28 5.170498e-02 2.805213e-03 0 0 0 0 1.233249e-19 5.259028e-15
39 29 5.170498e-02 3.656095e-03 0 0 0 0 3.589268e-19 4.792702e-15
39 30 5.170498e-02 4.765066e-03 0 0 0 0 9.776334e-19 4.245829e-15
39 31 5.170498e-02 6.210412e-03 0 0 0 0 2.752413e-18 3.674405e-15
39 32 5.170498e-02 8.094162e-03 0 0 0 0 8.002124e-18 3.115429e-15
39 33 5.170498e-02 1.054929e-02 0 0 0 0 2.300609e-17 2.583916e-15
39 34 5.170498e-02 1.374912e-02 0 0 0 0 6.612267e-17 2.131077e-15
39 35 5.170498e-02 1.791952e-02 0 0 0 0 1.893924e-16 1.730992e-15
39 36 5.170498e-02 2.335489e-02 0 0 0 0 5.393184e-16 1.421161e-15
39 37 5.170498e-02 3.043893e-02 0 0 0 0 1.519553e-15 1.165113e-15
39 38 5.170498e-02 3.967171e-02 0 0 0 0 4.258960e-15 9.704153e-16
39 39 5.170498e-02 5.170498e-02 0 0 0 0 1.162921e-14 8.081301e-16
