# Please cite the following papers in research using this covariance:
# arXiv: 1601.05779, https://arxiv.org/abs/1601.05779
# arXiv: 1911.11947, https://arxiv.org/abs/1911.11947
# arXiv: 2004.04833, https://arxiv.org/abs/2004.04833
########################################################
0 0 3.369410e-04 3.369410e-04 0 0 0 0 7.518901e-11 4.343923e-12
0 1 3.369410e-04 4.391424e-04 0 0 0 0 8.742212e-13 3.810244e-12
0 2 3.369410e-04 5.723437e-04 0 0 0 0 7.656161e-13 3.291980e-12
0 3 3.369410e-04 7.459478e-04 0 0 0 0 6.651763e-13 2.792953e-12
0 4 3.369410e-04 9.722096e-04 0 0 0 0 5.772701e-13 2.326376e-12
0 5 3.369410e-04 1.267102e-03 0 0 0 0 5.029930e-13 1.903427e-12
0 6 3.369410e-04 1.651440e-03 0 0 0 0 4.418486e-13 1.531441e-12
0 7 3.369410e-04 2.152358e-03 0 0 0 0 3.922976e-13 1.216739e-12
0 8 3.369410e-04 2.805213e-03 0 0 0 0 3.522282e-13 9.580953e-13
0 9 3.369410e-04 3.656095e-03 0 0 0 0 3.193812e-13 7.525438e-13
0 10 3.369410e-04 4.765066e-03 0 0 0 0 2.916177e-13 5.936880e-13
0 11 3.369410e-04 6.210412e-03 0 0 0 0 2.670810e-13 4.704523e-13
0 12 3.369410e-04 8.094162e-03 0 0 0 0 2.442660e-13 3.776166e-13
0 13 3.369410e-04 1.054929e-02 0 0 0 0 2.220242e-13 3.021111e-13
0 14 3.369410e-04 1.374912e-02 0 0 0 0 1.995407e-13 2.436783e-13
0 15 3.369410e-04 1.791952e-02 0 0 0 0 1.763191e-13 1.928475e-13
0 16 3.369410e-04 2.335489e-02 0 0 0 0 1.521944e-13 1.512823e-13
0 17 3.369410e-04 3.043893e-02 0 0 0 0 1.273750e-13 1.151548e-13
0 18 3.369410e-04 3.967171e-02 0 0 0 0 1.024836e-13 8.494075e-14
0 19 3.369410e-04 5.170498e-02 0 0 0 0 7.852741e-14 6.034504e-14
1 0 4.391424e-04 3.369410e-04 0 0 0 0 8.742212e-13 3.810244e-12
1 1 4.391424e-04 4.391424e-04 0 0 0 0 4.455662e-11 3.348456e-12
1 2 4.391424e-04 5.723437e-04 0 0 0 0 7.736174e-13 2.898882e-12
1 3 4.391424e-04 7.459478e-04 0 0 0 0 6.716574e-13 2.464699e-12
1 4 4.391424e-04 9.722096e-04 0 0 0 0 5.813851e-13 2.057319e-12
1 5 4.391424e-04 1.267102e-03 0 0 0 0 5.053291e-13 1.686560e-12
1 6 4.391424e-04 1.651440e-03 0 0 0 0 4.430702e-13 1.359157e-12
1 7 4.391424e-04 2.152358e-03 0 0 0 0 3.928886e-13 1.080941e-12
1 8 4.391424e-04 2.805213e-03 0 0 0 0 3.524948e-13 8.513513e-13
1 9 4.391424e-04 3.656095e-03 0 0 0 0 3.194929e-13 6.682690e-13
1 10 4.391424e-04 4.765066e-03 0 0 0 0 2.916598e-13 5.264230e-13
1 11 4.391424e-04 6.210412e-03 0 0 0 0 2.670949e-13 4.164219e-13
1 12 4.391424e-04 8.094162e-03 0 0 0 0 2.442694e-13 3.336184e-13
1 13 4.391424e-04 1.054929e-02 0 0 0 0 2.220243e-13 2.665805e-13
1 14 4.391424e-04 1.374912e-02 0 0 0 0 1.995404e-13 2.148936e-13
1 15 4.391424e-04 1.791952e-02 0 0 0 0 1.763192e-13 1.700854e-13
1 16 4.391424e-04 2.335489e-02 0 0 0 0 1.521949e-13 1.335855e-13
1 17 4.391424e-04 3.043893e-02 0 0 0 0 1.273759e-13 1.018472e-13
1 18 4.391424e-04 3.967171e-02 0 0 0 0 1.024848e-13 7.533017e-14
1 19 4.391424e-04 5.170498e-02 0 0 0 0 7.852854e-14 5.368699e-14
2 0 5.723437e-04 3.369410e-04 0 0 0 0 7.656161e-13 3.291980e-12
2 1 5.723437e-04 4.391424e-04 0 0 0 0 7.736174e-13 2.898882e-12
2 2 5.723437e-04 5.723437e-04 0 0 0 0 2.648849e-11 2.515264e-12
2 3 5.723437e-04 7.459478e-04 0 0 0 0 6.822894e-13 2.143650e-12
2 4 5.723437e-04 9.722096e-04 0 0 0 0 5.886167e-13 1.793658e-12
2 5 5.723437e-04 1.267102e-03 0 0 0 0 5.094598e-13 1.473745e-12
2 6 5.723437e-04 1.651440e-03 0 0 0 0 4.452218e-13 1.189964e-12
2 7 5.723437e-04 2.152358e-03 0 0 0 0 3.939319e-13 9.476067e-13
2 8 5.723437e-04 2.805213e-03 0 0 0 0 3.529716e-13 7.466893e-13
2 9 5.723437e-04 3.656095e-03 0 0 0 0 3.197007e-13 5.858302e-13
2 10 5.723437e-04 4.765066e-03 0 0 0 0 2.917488e-13 4.608067e-13
2 11 5.723437e-04 6.210412e-03 0 0 0 0 2.671350e-13 3.638434e-13
2 12 5.723437e-04 8.094162e-03 0 0 0 0 2.442917e-13 2.908782e-13
2 13 5.723437e-04 1.054929e-02 0 0 0 0 2.220410e-13 2.320902e-13
2 14 5.723437e-04 1.374912e-02 0 0 0 0 1.995561e-13 1.869375e-13
2 15 5.723437e-04 1.791952e-02 0 0 0 0 1.763354e-13 1.479557e-13
2 16 5.723437e-04 2.335489e-02 0 0 0 0 1.522116e-13 1.163392e-13
2 17 5.723437e-04 3.043893e-02 0 0 0 0 1.273929e-13 8.884383e-14
2 18 5.723437e-04 3.967171e-02 0 0 0 0 1.025016e-13 6.590290e-14
2 19 5.723437e-04 5.170498e-02 0 0 0 0 7.854482e-14 4.712649e-14
3 0 7.459478e-04 3.369410e-04 0 0 0 0 6.651763e-13 2.792953e-12
3 1 7.459478e-04 4.391424e-04 0 0 0 0 6.716574e-13 2.464699e-12
3 2 7.459478e-04 5.723437e-04 0 0 0 0 6.822894e-13 2.143650e-12
3 3 7.459478e-04 7.459478e-04 0 0 0 0 1.582154e-11 1.831756e-12
3 4 7.459478e-04 9.722096e-04 0 0 0 0 6.011506e-13 1.536930e-12
3 5 7.459478e-04 1.267102e-03 0 0 0 0 5.168710e-13 1.266206e-12
3 6 7.459478e-04 1.651440e-03 0 0 0 0 4.490382e-13 1.024797e-12
3 7 7.459478e-04 2.152358e-03 0 0 0 0 3.957470e-13 8.174368e-13
3 8 7.459478e-04 2.805213e-03 0 0 0 0 3.537783e-13 6.446427e-13
3 9 7.459478e-04 3.656095e-03 0 0 0 0 3.200351e-13 5.056382e-13
3 10 7.459478e-04 4.765066e-03 0 0 0 0 2.918765e-13 3.971723e-13
3 11 7.459478e-04 6.210412e-03 0 0 0 0 2.671788e-13 3.130003e-13
3 12 7.459478e-04 8.094162e-03 0 0 0 0 2.443049e-13 2.496402e-13
3 13 7.459478e-04 1.054929e-02 0 0 0 0 2.220447e-13 1.988461e-13
3 14 7.459478e-04 1.374912e-02 0 0 0 0 1.995582e-13 1.599821e-13
3 15 7.459478e-04 1.791952e-02 0 0 0 0 1.763385e-13 1.265951e-13
3 16 7.459478e-04 2.335489e-02 0 0 0 0 1.522160e-13 9.964811e-14
3 17 7.459478e-04 3.043893e-02 0 0 0 0 1.273983e-13 7.622132e-14
3 18 7.459478e-04 3.967171e-02 0 0 0 0 1.025078e-13 5.671090e-14
3 19 7.459478e-04 5.170498e-02 0 0 0 0 7.855137e-14 4.069627e-14
4 0 9.722096e-04 3.369410e-04 0 0 0 0 5.772701e-13 2.326376e-12
4 1 9.722096e-04 4.391424e-04 0 0 0 0 5.813851e-13 2.057319e-12
4 2 9.722096e-04 5.723437e-04 0 0 0 0 5.886167e-13 1.793658e-12
4 3 9.722096e-04 7.459478e-04 0 0 0 0 6.011506e-13 1.536930e-12
4 4 9.722096e-04 9.722096e-04 0 0 0 0 9.516023e-12 1.293531e-12
4 5 9.722096e-04 1.267102e-03 0 0 0 0 5.304637e-13 1.069039e-12
4 6 9.722096e-04 1.651440e-03 0 0 0 0 4.560890e-13 8.676860e-13
4 7 9.722096e-04 2.152358e-03 0 0 0 0 3.990282e-13 6.936060e-13
4 8 9.722096e-04 2.805213e-03 0 0 0 0 3.552033e-13 5.476835e-13
4 9 9.722096e-04 3.656095e-03 0 0 0 0 3.206110e-13 4.296085e-13
4 10 9.722096e-04 4.765066e-03 0 0 0 0 2.920874e-13 3.370403e-13
4 11 9.722096e-04 6.210412e-03 0 0 0 0 2.672433e-13 2.651203e-13
4 12 9.722096e-04 8.094162e-03 0 0 0 0 2.443159e-13 2.109122e-13
4 13 9.722096e-04 1.054929e-02 0 0 0 0 2.220398e-13 1.676727e-13
4 14 9.722096e-04 1.374912e-02 0 0 0 0 1.995505e-13 1.347040e-13
4 15 9.722096e-04 1.791952e-02 0 0 0 0 1.763322e-13 1.065428e-13
4 16 9.722096e-04 2.335489e-02 0 0 0 0 1.522120e-13 8.393419e-14
4 17 9.722096e-04 3.043893e-02 0 0 0 0 1.273960e-13 6.429768e-14
4 18 9.722096e-04 3.967171e-02 0 0 0 0 1.025064e-13 4.798317e-14
4 19 9.722096e-04 5.170498e-02 0 0 0 0 7.855031e-14 3.455427e-14
5 0 1.267102e-03 3.369410e-04 0 0 0 0 5.029930e-13 1.903427e-12
5 1 1.267102e-03 4.391424e-04 0 0 0 0 5.053291e-13 1.686560e-12
5 2 1.267102e-03 5.723437e-04 0 0 0 0 5.094598e-13 1.473745e-12
5 3 1.267102e-03 7.459478e-04 0 0 0 0 5.168710e-13 1.266206e-12
5 4 1.267102e-03 9.722096e-04 0 0 0 0 5.304637e-13 1.069039e-12
5 5 1.267102e-03 1.267102e-03 0 0 0 0 5.782062e-12 8.865594e-13
5 6 1.267102e-03 1.651440e-03 0 0 0 0 4.698138e-13 7.220389e-13
5 7 1.267102e-03 2.152358e-03 0 0 0 0 4.052888e-13 5.788626e-13
5 8 1.267102e-03 2.805213e-03 0 0 0 0 3.578367e-13 4.579605e-13
5 9 1.267102e-03 3.656095e-03 0 0 0 0 3.216516e-13 3.593961e-13
5 10 1.267102e-03 4.765066e-03 0 0 0 0 2.924645e-13 2.817219e-13
5 11 1.267102e-03 6.210412e-03 0 0 0 0 2.673599e-13 2.212472e-13
5 12 1.267102e-03 8.094162e-03 0 0 0 0 2.443390e-13 1.755440e-13
5 13 1.267102e-03 1.054929e-02 0 0 0 0 2.220345e-13 1.392665e-13
5 14 1.267102e-03 1.374912e-02 0 0 0 0 1.995407e-13 1.116762e-13
5 15 1.267102e-03 1.791952e-02 0 0 0 0 1.763248e-13 8.825801e-14
5 16 1.267102e-03 2.335489e-02 0 0 0 0 1.522084e-13 6.955958e-14
5 17 1.267102e-03 3.043893e-02 0 0 0 0 1.273953e-13 5.334788e-14
5 18 1.267102e-03 3.967171e-02 0 0 0 0 1.025073e-13 3.992027e-14
5 19 1.267102e-03 5.170498e-02 0 0 0 0 7.855178e-14 2.884157e-14
6 0 1.651440e-03 3.369410e-04 0 0 0 0 4.418486e-13 1.531441e-12
6 1 1.651440e-03 4.391424e-04 0 0 0 0 4.430702e-13 1.359157e-12
6 2 1.651440e-03 5.723437e-04 0 0 0 0 4.452218e-13 1.189964e-12
6 3 1.651440e-03 7.459478e-04 0 0 0 0 4.490382e-13 1.024797e-12
6 4 1.651440e-03 9.722096e-04 0 0 0 0 4.560890e-13 8.676860e-13
6 5 1.651440e-03 1.267102e-03 0 0 0 0 4.698138e-13 7.220389e-13
6 6 1.651440e-03 1.651440e-03 0 0 0 0 3.565340e-12 5.903848e-13
6 7 1.651440e-03 2.152358e-03 0 0 0 0 4.182721e-13 4.751783e-13
6 8 1.651440e-03 2.805213e-03 0 0 0 0 3.630257e-13 3.769961e-13
6 9 1.651440e-03 3.656095e-03 0 0 0 0 3.236109e-13 2.961870e-13
6 10 1.651440e-03 4.765066e-03 0 0 0 0 2.931546e-13 2.321340e-13
6 11 1.651440e-03 6.210412e-03 0 0 0 0 2.675707e-13 1.820693e-13
6 12 1.651440e-03 8.094162e-03 0 0 0 0 2.443817e-13 1.440810e-13
6 13 1.651440e-03 1.054929e-02 0 0 0 0 2.220273e-13 1.140731e-13
6 14 1.651440e-03 1.374912e-02 0 0 0 0 1.995249e-13 9.126941e-14
6 15 1.651440e-03 1.791952e-02 0 0 0 0 1.763131e-13 7.204594e-14
6 16 1.651440e-03 2.335489e-02 0 0 0 0 1.522029e-13 5.677545e-14
6 17 1.651440e-03 3.043893e-02 0 0 0 0 1.273949e-13 4.357114e-14
6 18 1.651440e-03 3.967171e-02 0 0 0 0 1.025098e-13 3.267610e-14
6 19 1.651440e-03 5.170498e-02 0 0 0 0 7.855514e-14 2.367331e-14
7 0 2.152358e-03 3.369410e-04 0 0 0 0 3.922976e-13 1.216739e-12
7 1 2.152358e-03 4.391424e-04 0 0 0 0 3.928886e-13 1.080941e-12
7 2 2.152358e-03 5.723437e-04 0 0 0 0 3.939319e-13 9.476067e-13
7 3 2.152358e-03 7.459478e-04 0 0 0 0 3.957470e-13 8.174368e-13
7 4 2.152358e-03 9.722096e-04 0 0 0 0 3.990282e-13 6.936060e-13
7 5 2.152358e-03 1.267102e-03 0 0 0 0 4.052888e-13 5.788626e-13
7 6 2.152358e-03 1.651440e-03 0 0 0 0 4.182721e-13 4.751783e-13
7 7 2.152358e-03 2.152358e-03 0 0 0 0 2.244532e-12 3.841860e-13
7 8 2.152358e-03 2.805213e-03 0 0 0 0 3.745734e-13 3.060149e-13
7 9 2.152358e-03 3.656095e-03 0 0 0 0 3.276161e-13 2.410441e-13
7 10 2.152358e-03 4.765066e-03 0 0 0 0 2.944866e-13 1.891112e-13
7 11 2.152358e-03 6.210412e-03 0 0 0 0 2.679655e-13 1.481922e-13
7 12 2.152358e-03 8.094162e-03 0 0 0 0 2.444623e-13 1.170058e-13
7 13 2.152358e-03 1.054929e-02 0 0 0 0 2.220161e-13 9.247672e-14
7 14 2.152358e-03 1.374912e-02 0 0 0 0 1.994980e-13 7.379997e-14
7 15 2.152358e-03 1.791952e-02 0 0 0 0 1.762930e-13 5.816991e-14
7 16 2.152358e-03 2.335489e-02 0 0 0 0 1.521933e-13 4.580145e-14
7 17 2.152358e-03 3.043893e-02 0 0 0 0 1.273938e-13 3.514583e-14
7 18 2.152358e-03 3.967171e-02 0 0 0 0 1.025136e-13 2.639184e-14
7 19 2.152358e-03 5.170498e-02 0 0 0 0 7.856042e-14 1.915630e-14
8 0 2.805213e-03 3.369410e-04 0 0 0 0 3.522282e-13 9.580953e-13
8 1 2.805213e-03 4.391424e-04 0 0 0 0 3.524948e-13 8.513513e-13
8 2 2.805213e-03 5.723437e-04 0 0 0 0 3.529716e-13 7.466893e-13
8 3 2.805213e-03 7.459478e-04 0 0 0 0 3.537783e-13 6.446427e-13
8 4 2.805213e-03 9.722096e-04 0 0 0 0 3.552033e-13 5.476835e-13
8 5 2.805213e-03 1.267102e-03 0 0 0 0 3.578367e-13 4.579605e-13
8 6 2.805213e-03 1.651440e-03 0 0 0 0 3.630257e-13 3.769961e-13
8 7 2.805213e-03 2.152358e-03 0 0 0 0 3.745734e-13 3.060149e-13
8 8 2.805213e-03 2.805213e-03 0 0 0 0 1.453227e-12 2.449863e-13
8 9 2.805213e-03 3.656095e-03 0 0 0 0 3.372822e-13 1.939637e-13
8 10 2.805213e-03 4.765066e-03 0 0 0 0 2.973391e-13 1.526144e-13
8 11 2.805213e-03 6.210412e-03 0 0 0 0 2.687608e-13 1.195504e-13
8 12 2.805213e-03 8.094162e-03 0 0 0 0 2.446253e-13 9.425381e-14
8 13 2.805213e-03 1.054929e-02 0 0 0 0 2.220026e-13 7.439488e-14
8 14 2.805213e-03 1.374912e-02 0 0 0 0 1.994533e-13 5.919998e-14
8 15 2.805213e-03 1.791952e-02 0 0 0 0 1.762588e-13 4.658909e-14
8 16 2.805213e-03 2.335489e-02 0 0 0 0 1.521771e-13 3.662365e-14
8 17 2.805213e-03 3.043893e-02 0 0 0 0 1.273919e-13 2.807875e-14
8 18 2.805213e-03 3.967171e-02 0 0 0 0 1.025201e-13 2.108969e-14
8 19 2.805213e-03 5.170498e-02 0 0 0 0 7.856945e-14 1.531873e-14
9 0 3.656095e-03 3.369410e-04 0 0 0 0 3.193812e-13 7.525438e-13
9 1 3.656095e-03 4.391424e-04 0 0 0 0 3.194929e-13 6.682690e-13
9 2 3.656095e-03 5.723437e-04 0 0 0 0 3.197007e-13 5.858302e-13
9 3 3.656095e-03 7.459478e-04 0 0 0 0 3.200351e-13 5.056382e-13
9 4 3.656095e-03 9.722096e-04 0 0 0 0 3.206110e-13 4.296085e-13
9 5 3.656095e-03 1.267102e-03 0 0 0 0 3.216516e-13 3.593961e-13
9 6 3.656095e-03 1.651440e-03 0 0 0 0 3.236109e-13 2.961870e-13
9 7 3.656095e-03 2.152358e-03 0 0 0 0 3.276161e-13 2.410441e-13
9 8 3.656095e-03 2.805213e-03 0 0 0 0 3.372822e-13 1.939637e-13
9 9 3.656095e-03 3.656095e-03 0 0 0 0 9.751395e-13 1.546190e-13
9 10 3.656095e-03 4.765066e-03 0 0 0 0 3.049326e-13 1.222782e-13
9 11 3.656095e-03 6.210412e-03 0 0 0 0 2.705880e-13 9.595440e-14
9 12 3.656095e-03 8.094162e-03 0 0 0 0 2.449922e-13 7.567450e-14
9 13 3.656095e-03 1.054929e-02 0 0 0 0 2.219965e-13 5.965482e-14
9 14 3.656095e-03 1.374912e-02 0 0 0 0 1.993801e-13 4.732785e-14
9 15 3.656095e-03 1.791952e-02 0 0 0 0 1.762012e-13 3.719653e-14
9 16 3.656095e-03 2.335489e-02 0 0 0 0 1.521495e-13 2.917256e-14
9 17 3.656095e-03 3.043893e-02 0 0 0 0 1.273886e-13 2.233115e-14
9 18 3.656095e-03 3.967171e-02 0 0 0 0 1.025311e-13 1.675608e-14
9 19 3.656095e-03 5.170498e-02 0 0 0 0 7.858485e-14 1.216308e-14
10 0 4.765066e-03 3.369410e-04 0 0 0 0 2.916177e-13 5.936880e-13
10 1 4.765066e-03 4.391424e-04 0 0 0 0 2.916598e-13 5.264230e-13
10 2 4.765066e-03 5.723437e-04 0 0 0 0 2.917488e-13 4.608067e-13
10 3 4.765066e-03 7.459478e-04 0 0 0 0 2.918765e-13 3.971723e-13
10 4 4.765066e-03 9.722096e-04 0 0 0 0 2.920874e-13 3.370403e-13
10 5 4.765066e-03 1.267102e-03 0 0 0 0 2.924645e-13 2.817219e-13
10 6 4.765066e-03 1.651440e-03 0 0 0 0 2.931546e-13 2.321340e-13
10 7 4.765066e-03 2.152358e-03 0 0 0 0 2.944866e-13 1.891112e-13
10 8 4.765066e-03 2.805213e-03 0 0 0 0 2.973391e-13 1.526144e-13
10 9 4.765066e-03 3.656095e-03 0 0 0 0 3.049326e-13 1.222782e-13
10 10 4.765066e-03 4.765066e-03 0 0 0 0 6.824436e-13 9.735869e-14
10 11 4.765066e-03 6.210412e-03 0 0 0 0 2.761384e-13 7.691009e-14
10 12 4.765066e-03 8.094162e-03 0 0 0 0 2.459725e-13 6.086341e-14
10 13 4.765066e-03 1.054929e-02 0 0 0 0 2.220455e-13 4.789855e-14
10 14 4.765066e-03 1.374912e-02 0 0 0 0 1.992653e-13 3.789639e-14
10 15 4.765066e-03 1.791952e-02 0 0 0 0 1.761041e-13 2.975446e-14
10 16 4.765066e-03 2.335489e-02 0 0 0 0 1.521022e-13 2.326719e-14
10 17 4.765066e-03 3.043893e-02 0 0 0 0 1.273828e-13 1.777431e-14
10 18 4.765066e-03 3.967171e-02 0 0 0 0 1.025495e-13 1.330740e-14
10 19 4.765066e-03 5.170498e-02 0 0 0 0 7.861094e-14 9.639456e-15
11 0 6.210412e-03 3.369410e-04 0 0 0 0 2.670810e-13 4.704523e-13
11 1 6.210412e-03 4.391424e-04 0 0 0 0 2.670949e-13 4.164219e-13
11 2 6.210412e-03 5.723437e-04 0 0 0 0 2.671350e-13 3.638434e-13
11 3 6.210412e-03 7.459478e-04 0 0 0 0 2.671788e-13 3.130003e-13
11 4 6.210412e-03 9.722096e-04 0 0 0 0 2.672433e-13 2.651203e-13
11 5 6.210412e-03 1.267102e-03 0 0 0 0 2.673599e-13 2.212472e-13
11 6 6.210412e-03 1.651440e-03 0 0 0 0 2.675707e-13 1.820693e-13
11 7 6.210412e-03 2.152358e-03 0 0 0 0 2.679655e-13 1.481922e-13
11 8 6.210412e-03 2.805213e-03 0 0 0 0 2.687608e-13 1.195504e-13
11 9 6.210412e-03 3.656095e-03 0 0 0 0 2.705880e-13 9.595440e-14
11 10 6.210412e-03 4.765066e-03 0 0 0 0 2.761384e-13 7.691009e-14
11 11 6.210412e-03 6.210412e-03 0 0 0 0 4.994757e-13 6.138667e-14
11 12 6.210412e-03 8.094162e-03 0 0 0 0 2.496714e-13 4.889978e-14
11 13 6.210412e-03 1.054929e-02 0 0 0 0 2.223756e-13 3.846898e-14
11 14 6.210412e-03 1.374912e-02 0 0 0 0 1.991045e-13 3.040049e-14
11 15 6.210412e-03 1.791952e-02 0 0 0 0 1.759426e-13 2.384212e-14
11 16 6.210412e-03 2.335489e-02 0 0 0 0 1.520212e-13 1.858019e-14
11 17 6.210412e-03 3.043893e-02 0 0 0 0 1.273721e-13 1.416821e-14
11 18 6.210412e-03 3.967171e-02 0 0 0 0 1.025805e-13 1.057890e-14
11 19 6.210412e-03 5.170498e-02 0 0 0 0 7.865496e-14 7.640874e-15
12 0 8.094162e-03 3.369410e-04 0 0 0 0 2.442660e-13 3.776166e-13
12 1 8.094162e-03 4.391424e-04 0 0 0 0 2.442694e-13 3.336184e-13
12 2 8.094162e-03 5.723437e-04 0 0 0 0 2.442917e-13 2.908782e-13
12 3 8.094162e-03 7.459478e-04 0 0 0 0 2.443049e-13 2.496402e-13
12 4 8.094162e-03 9.722096e-04 0 0 0 0 2.443159e-13 2.109122e-13
12 5 8.094162e-03 1.267102e-03 0 0 0 0 2.443390e-13 1.755440e-13
12 6 8.094162e-03 1.651440e-03 0 0 0 0 2.443817e-13 1.440810e-13
12 7 8.094162e-03 2.152358e-03 0 0 0 0 2.444623e-13 1.170058e-13
12 8 8.094162e-03 2.805213e-03 0 0 0 0 2.446253e-13 9.425381e-14
12 9 8.094162e-03 3.656095e-03 0 0 0 0 2.449922e-13 7.567450e-14
12 10 8.094162e-03 4.765066e-03 0 0 0 0 2.459725e-13 6.086341e-14
12 11 8.094162e-03 6.210412e-03 0 0 0 0 2.496714e-13 4.889978e-14
12 12 8.094162e-03 8.094162e-03 0 0 0 0 3.813735e-13 3.925839e-14
12 13 8.094162e-03 1.054929e-02 0 0 0 0 2.245177e-13 3.107948e-14
12 14 8.094162e-03 1.374912e-02 0 0 0 0 1.989848e-13 2.464056e-14
12 15 8.094162e-03 1.791952e-02 0 0 0 0 1.756826e-13 1.928207e-14
12 16 8.094162e-03 2.335489e-02 0 0 0 0 1.518820e-13 1.496821e-14
12 17 8.094162e-03 3.043893e-02 0 0 0 0 1.273519e-13 1.139924e-14
12 18 8.094162e-03 3.967171e-02 0 0 0 0 1.026319e-13 8.485828e-15
12 19 8.094162e-03 5.170498e-02 0 0 0 0 7.872924e-14 6.108257e-15
13 0 1.054929e-02 3.369410e-04 0 0 0 0 2.220242e-13 3.021111e-13
13 1 1.054929e-02 4.391424e-04 0 0 0 0 2.220243e-13 2.665805e-13
13 2 1.054929e-02 5.723437e-04 0 0 0 0 2.220410e-13 2.320902e-13
13 3 1.054929e-02 7.459478e-04 0 0 0 0 2.220447e-13 1.988461e-13
13 4 1.054929e-02 9.722096e-04 0 0 0 0 2.220398e-13 1.676727e-13
13 5 1.054929e-02 1.267102e-03 0 0 0 0 2.220345e-13 1.392665e-13
13 6 1.054929e-02 1.651440e-03 0 0 0 0 2.220273e-13 1.140731e-13
13 7 1.054929e-02 2.152358e-03 0 0 0 0 2.220161e-13 9.247672e-14
13 8 1.054929e-02 2.805213e-03 0 0 0 0 2.220026e-13 7.439488e-14
13 9 1.054929e-02 3.656095e-03 0 0 0 0 2.219965e-13 5.965482e-14
13 10 1.054929e-02 4.765066e-03 0 0 0 0 2.220455e-13 4.789855e-14
13 11 1.054929e-02 6.210412e-03 0 0 0 0 2.223756e-13 3.846898e-14
13 12 1.054929e-02 8.094162e-03 0 0 0 0 2.245177e-13 3.107948e-14
13 13 1.054929e-02 1.054929e-02 0 0 0 0 3.015098e-13 2.491189e-14
13 14 1.054929e-02 1.374912e-02 0 0 0 0 1.999251e-13 1.990482e-14
13 15 1.054929e-02 1.791952e-02 0 0 0 0 1.753182e-13 1.554415e-14
13 16 1.054929e-02 2.335489e-02 0 0 0 0 1.516430e-13 1.203319e-14
13 17 1.054929e-02 3.043893e-02 0 0 0 0 1.273113e-13 9.156722e-15
13 18 1.054929e-02 3.967171e-02 0 0 0 0 1.027155e-13 6.797249e-15
13 19 1.054929e-02 5.170498e-02 0 0 0 0 7.885372e-14 4.880852e-15
14 0 1.374912e-02 3.369410e-04 0 0 0 0 1.995407e-13 2.436783e-13
14 1 1.374912e-02 4.391424e-04 0 0 0 0 1.995404e-13 2.148936e-13
14 2 1.374912e-02 5.723437e-04 0 0 0 0 1.995561e-13 1.869375e-13
14 3 1.374912e-02 7.459478e-04 0 0 0 0 1.995582e-13 1.599821e-13
14 4 1.374912e-02 9.722096e-04 0 0 0 0 1.995505e-13 1.347040e-13
14 5 1.374912e-02 1.267102e-03 0 0 0 0 1.995407e-13 1.116762e-13
14 6 1.374912e-02 1.651440e-03 0 0 0 0 1.995249e-13 9.126941e-14
14 7 1.374912e-02 2.152358e-03 0 0 0 0 1.994980e-13 7.379997e-14
14 8 1.374912e-02 2.805213e-03 0 0 0 0 1.994533e-13 5.919998e-14
14 9 1.374912e-02 3.656095e-03 0 0 0 0 1.993801e-13 4.732785e-14
14 10 1.374912e-02 4.765066e-03 0 0 0 0 1.992653e-13 3.789639e-14
14 11 1.374912e-02 6.210412e-03 0 0 0 0 1.991045e-13 3.040049e-14
14 12 1.374912e-02 8.094162e-03 0 0 0 0 1.989848e-13 2.464056e-14
14 13 1.374912e-02 1.054929e-02 0 0 0 0 1.999251e-13 1.990482e-14
14 14 1.374912e-02 1.374912e-02 0 0 0 0 2.441162e-13 1.603422e-14
14 15 1.374912e-02 1.791952e-02 0 0 0 0 1.754506e-13 1.257952e-14
14 16 1.374912e-02 2.335489e-02 0 0 0 0 1.512520e-13 9.765281e-15
14 17 1.374912e-02 3.043893e-02 0 0 0 0 1.272255e-13 7.421552e-15
14 18 1.374912e-02 3.967171e-02 0 0 0 0 1.028470e-13 5.490204e-15
14 19 1.374912e-02 5.170498e-02 0 0 0 0 7.906039e-14 3.938963e-15
15 0 1.791952e-02 3.369410e-04 0 0 0 0 1.763191e-13 1.928475e-13
15 1 1.791952e-02 4.391424e-04 0 0 0 0 1.763192e-13 1.700854e-13
15 2 1.791952e-02 5.723437e-04 0 0 0 0 1.763354e-13 1.479557e-13
15 3 1.791952e-02 7.459478e-04 0 0 0 0 1.763385e-13 1.265951e-13
15 4 1.791952e-02 9.722096e-04 0 0 0 0 1.763322e-13 1.065428e-13
15 5 1.791952e-02 1.267102e-03 0 0 0 0 1.763248e-13 8.825801e-14
15 6 1.791952e-02 1.651440e-03 0 0 0 0 1.763131e-13 7.204594e-14
15 7 1.791952e-02 2.152358e-03 0 0 0 0 1.762930e-13 5.816991e-14
15 8 1.791952e-02 2.805213e-03 0 0 0 0 1.762588e-13 4.658909e-14
15 9 1.791952e-02 3.656095e-03 0 0 0 0 1.762012e-13 3.719653e-14
15 10 1.791952e-02 4.765066e-03 0 0 0 0 1.761041e-13 2.975446e-14
15 11 1.791952e-02 6.210412e-03 0 0 0 0 1.759426e-13 2.384212e-14
15 12 1.791952e-02 8.094162e-03 0 0 0 0 1.756826e-13 1.928207e-14
15 13 1.791952e-02 1.054929e-02 0 0 0 0 1.753182e-13 1.554415e-14
15 14 1.791952e-02 1.374912e-02 0 0 0 0 1.754506e-13 1.257952e-14
15 15 1.791952e-02 1.791952e-02 0 0 0 0 1.999641e-13 9.991671e-15
15 16 1.791952e-02 2.335489e-02 0 0 0 0 1.510020e-13 7.828391e-15
15 17 1.791952e-02 3.043893e-02 0 0 0 0 1.270409e-13 5.940805e-15
15 18 1.791952e-02 3.967171e-02 0 0 0 0 1.030394e-13 4.381013e-15
15 19 1.791952e-02 5.170498e-02 0 0 0 0 7.939755e-14 3.146670e-15
16 0 2.335489e-02 3.369410e-04 0 0 0 0 1.521944e-13 1.512823e-13
16 1 2.335489e-02 4.391424e-04 0 0 0 0 1.521949e-13 1.335855e-13
16 2 2.335489e-02 5.723437e-04 0 0 0 0 1.522116e-13 1.163392e-13
16 3 2.335489e-02 7.459478e-04 0 0 0 0 1.522160e-13 9.964811e-14
16 4 2.335489e-02 9.722096e-04 0 0 0 0 1.522120e-13 8.393419e-14
16 5 2.335489e-02 1.267102e-03 0 0 0 0 1.522084e-13 6.955958e-14
16 6 2.335489e-02 1.651440e-03 0 0 0 0 1.522029e-13 5.677545e-14
16 7 2.335489e-02 2.152358e-03 0 0 0 0 1.521933e-13 4.580145e-14
16 8 2.335489e-02 2.805213e-03 0 0 0 0 1.521771e-13 3.662365e-14
16 9 2.335489e-02 3.656095e-03 0 0 0 0 1.521495e-13 2.917256e-14
16 10 2.335489e-02 4.765066e-03 0 0 0 0 1.521022e-13 2.326719e-14
16 11 2.335489e-02 6.210412e-03 0 0 0 0 1.520212e-13 1.858019e-14
16 12 2.335489e-02 8.094162e-03 0 0 0 0 1.518820e-13 1.496821e-14
16 13 2.335489e-02 1.054929e-02 0 0 0 0 1.516430e-13 1.203319e-14
16 14 2.335489e-02 1.374912e-02 0 0 0 0 1.512520e-13 9.765281e-15
16 15 2.335489e-02 1.791952e-02 0 0 0 0 1.510020e-13 7.828391e-15
16 16 2.335489e-02 2.335489e-02 0 0 0 0 1.638353e-13 6.193224e-15
16 17 2.335489e-02 3.043893e-02 0 0 0 0 1.268529e-13 4.718918e-15
16 18 2.335489e-02 3.967171e-02 0 0 0 0 1.032781e-13 3.490834e-15
16 19 2.335489e-02 5.170498e-02 0 0 0 0 7.992951e-14 2.513551e-15
17 0 3.043893e-02 3.369410e-04 0 0 0 0 1.273750e-13 1.151548e-13
17 1 3.043893e-02 4.391424e-04 0 0 0 0 1.273759e-13 1.018472e-13
17 2 3.043893e-02 5.723437e-04 0 0 0 0 1.273929e-13 8.884383e-14
17 3 3.043893e-02 7.459478e-04 0 0 0 0 1.273983e-13 7.622132e-14
17 4 3.043893e-02 9.722096e-04 0 0 0 0 1.273960e-13 6.429768e-14
17 5 3.043893e-02 1.267102e-03 0 0 0 0 1.273953e-13 5.334788e-14
17 6 3.043893e-02 1.651440e-03 0 0 0 0 1.273949e-13 4.357114e-14
17 7 3.043893e-02 2.152358e-03 0 0 0 0 1.273938e-13 3.514583e-14
17 8 3.043893e-02 2.805213e-03 0 0 0 0 1.273919e-13 2.807875e-14
17 9 3.043893e-02 3.656095e-03 0 0 0 0 1.273886e-13 2.233115e-14
17 10 3.043893e-02 4.765066e-03 0 0 0 0 1.273828e-13 1.777431e-14
17 11 3.043893e-02 6.210412e-03 0 0 0 0 1.273721e-13 1.416821e-14
17 12 3.043893e-02 8.094162e-03 0 0 0 0 1.273519e-13 1.139924e-14
17 13 3.043893e-02 1.054929e-02 0 0 0 0 1.273113e-13 9.156722e-15
17 14 3.043893e-02 1.374912e-02 0 0 0 0 1.272255e-13 7.421552e-15
17 15 3.043893e-02 1.791952e-02 0 0 0 0 1.270409e-13 5.940805e-15
17 16 3.043893e-02 2.335489e-02 0 0 0 0 1.268529e-13 4.718918e-15
17 17 3.043893e-02 3.043893e-02 0 0 0 0 1.329981e-13 3.637676e-15
17 18 3.043893e-02 3.967171e-02 0 0 0 0 1.035575e-13 2.723160e-15
17 19 3.043893e-02 5.170498e-02 0 0 0 0 8.071128e-14 1.965898e-15
18 0 3.967171e-02 3.369410e-04 0 0 0 0 1.024836e-13 8.494075e-14
18 1 3.967171e-02 4.391424e-04 0 0 0 0 1.024848e-13 7.533017e-14
18 2 3.967171e-02 5.723437e-04 0 0 0 0 1.025016e-13 6.590290e-14
18 3 3.967171e-02 7.459478e-04 0 0 0 0 1.025078e-13 5.671090e-14
18 4 3.967171e-02 9.722096e-04 0 0 0 0 1.025064e-13 4.798317e-14
18 5 3.967171e-02 1.267102e-03 0 0 0 0 1.025073e-13 3.992027e-14
18 6 3.967171e-02 1.651440e-03 0 0 0 0 1.025098e-13 3.267610e-14
18 7 3.967171e-02 2.152358e-03 0 0 0 0 1.025136e-13 2.639184e-14
18 8 3.967171e-02 2.805213e-03 0 0 0 0 1.025201e-13 2.108969e-14
18 9 3.967171e-02 3.656095e-03 0 0 0 0 1.025311e-13 1.675608e-14
18 10 3.967171e-02 4.765066e-03 0 0 0 0 1.025495e-13 1.330740e-14
18 11 3.967171e-02 6.210412e-03 0 0 0 0 1.025805e-13 1.057890e-14
18 12 3.967171e-02 8.094162e-03 0 0 0 0 1.026319e-13 8.485828e-15
18 13 3.967171e-02 1.054929e-02 0 0 0 0 1.027155e-13 6.797249e-15
18 14 3.967171e-02 1.374912e-02 0 0 0 0 1.028470e-13 5.490204e-15
18 15 3.967171e-02 1.791952e-02 0 0 0 0 1.030394e-13 4.381013e-15
18 16 3.967171e-02 2.335489e-02 0 0 0 0 1.032781e-13 3.490834e-15
18 17 3.967171e-02 3.043893e-02 0 0 0 0 1.035575e-13 2.723160e-15
18 18 3.967171e-02 3.967171e-02 0 0 0 0 1.061663e-13 2.067706e-15
18 19 3.967171e-02 5.170498e-02 0 0 0 0 8.172945e-14 1.502783e-15
19 0 5.170498e-02 3.369410e-04 0 0 0 0 7.852741e-14 6.034504e-14
19 1 5.170498e-02 4.391424e-04 0 0 0 0 7.852854e-14 5.368699e-14
19 2 5.170498e-02 5.723437e-04 0 0 0 0 7.854482e-14 4.712649e-14
19 3 5.170498e-02 7.459478e-04 0 0 0 0 7.855137e-14 4.069627e-14
19 4 5.170498e-02 9.722096e-04 0 0 0 0 7.855031e-14 3.455427e-14
19 5 5.170498e-02 1.267102e-03 0 0 0 0 7.855178e-14 2.884157e-14
19 6 5.170498e-02 1.651440e-03 0 0 0 0 7.855514e-14 2.367331e-14
19 7 5.170498e-02 2.152358e-03 0 0 0 0 7.856042e-14 1.915630e-14
19 8 5.170498e-02 2.805213e-03 0 0 0 0 7.856945e-14 1.531873e-14
19 9 5.170498e-02 3.656095e-03 0 0 0 0 7.858485e-14 1.216308e-14
19 10 5.170498e-02 4.765066e-03 0 0 0 0 7.861094e-14 9.639456e-15
19 11 5.170498e-02 6.210412e-03 0 0 0 0 7.865496e-14 7.640874e-15
19 12 5.170498e-02 8.094162e-03 0 0 0 0 7.872924e-14 6.108257e-15
19 13 5.170498e-02 1.054929e-02 0 0 0 0 7.885372e-14 4.880852e-15
19 14 5.170498e-02 1.374912e-02 0 0 0 0 7.906039e-14 3.938963e-15
19 15 5.170498e-02 1.791952e-02 0 0 0 0 7.939755e-14 3.146670e-15
19 16 5.170498e-02 2.335489e-02 0 0 0 0 7.992951e-14 2.513551e-15
19 17 5.170498e-02 3.043893e-02 0 0 0 0 8.071128e-14 1.965898e-15
19 18 5.170498e-02 3.967171e-02 0 0 0 0 8.172945e-14 1.502783e-15
19 19 5.170498e-02 5.170498e-02 0 0 0 0 8.278078e-14 1.105721e-15
