# Please cite the following papers in research using this covariance:
# arXiv: 1601.05779, https://arxiv.org/abs/1601.05779
# arXiv: 1911.11947, https://arxiv.org/abs/1911.11947
# arXiv: 2004.04833, https://arxiv.org/abs/2004.04833
########################################################
0 20 3.369410e-04 3.369410e-04 0 0 0 0 -1.268724e-14 4.269835e-13
0 21 3.369410e-04 4.391424e-04 0 0 0 0 -2.912240e-14 4.454851e-13
0 22 3.369410e-04 5.723437e-04 0 0 0 0 -3.152974e-15 4.679954e-13
0 23 3.369410e-04 7.459478e-04 0 0 0 0 3.368907e-14 4.857286e-13
0 24 3.369410e-04 9.722096e-04 0 0 0 0 6.178744e-14 4.967841e-13
0 25 3.369410e-04 1.267102e-03 0 0 0 0 7.757052e-14 4.987195e-13
0 26 3.369410e-04 1.651440e-03 0 0 0 0 8.287172e-14 4.889372e-13
0 27 3.369410e-04 2.152358e-03 0 0 0 0 8.072448e-14 4.686666e-13
0 28 3.369410e-04 2.805213e-03 0 0 0 0 7.399617e-14 4.355890e-13
0 29 3.369410e-04 3.656095e-03 0 0 0 0 6.501711e-14 3.945051e-13
0 30 3.369410e-04 4.765066e-03 0 0 0 0 5.549782e-14 3.456701e-13
0 31 3.369410e-04 6.210412e-03 0 0 0 0 4.657325e-14 2.944839e-13
0 32 3.369410e-04 8.094162e-03 0 0 0 0 3.889998e-14 2.444303e-13
0 33 3.369410e-04 1.054929e-02 0 0 0 0 3.277017e-14 1.975628e-13
0 34 3.369410e-04 1.374912e-02 0 0 0 0 2.822447e-14 1.587729e-13
0 35 3.369410e-04 1.791952e-02 0 0 0 0 2.515312e-14 1.252589e-13
0 36 3.369410e-04 2.335489e-02 0 0 0 0 2.337253e-14 1.005141e-13
0 37 3.369410e-04 3.043893e-02 0 0 0 0 2.266382e-14 8.053530e-14
0 38 3.369410e-04 3.967171e-02 0 0 0 0 2.277642e-14 6.596482e-14
0 39 3.369410e-04 5.170498e-02 0 0 0 0 2.339495e-14 5.467037e-14
1 20 4.391424e-04 3.369410e-04 0 0 0 0 -8.199115e-16 3.671306e-13
1 21 4.391424e-04 4.391424e-04 0 0 0 0 -1.302164e-14 3.832979e-13
1 22 4.391424e-04 5.723437e-04 0 0 0 0 -3.076275e-14 4.030348e-13
1 23 4.391424e-04 7.459478e-04 0 0 0 0 -4.201491e-15 4.188219e-13
1 24 4.391424e-04 9.722096e-04 0 0 0 0 3.233251e-14 4.290778e-13
1 25 4.391424e-04 1.267102e-03 0 0 0 0 5.856280e-14 4.316910e-13
1 26 4.391424e-04 1.651440e-03 0 0 0 0 7.175710e-14 4.243925e-13
1 27 4.391424e-04 2.152358e-03 0 0 0 0 7.462860e-14 4.080419e-13
1 28 4.391424e-04 2.805213e-03 0 0 0 0 7.080648e-14 3.805799e-13
1 29 4.391424e-04 3.656095e-03 0 0 0 0 6.340566e-14 3.459436e-13
1 30 4.391424e-04 4.765066e-03 0 0 0 0 5.470299e-14 3.042627e-13
1 31 4.391424e-04 6.210412e-03 0 0 0 0 4.618680e-14 2.601350e-13
1 32 4.391424e-04 8.094162e-03 0 0 0 0 3.871234e-14 2.165568e-13
1 33 4.391424e-04 1.054929e-02 0 0 0 0 3.267790e-14 1.754512e-13
1 34 4.391424e-04 1.374912e-02 0 0 0 0 2.817799e-14 1.411563e-13
1 35 4.391424e-04 1.791952e-02 0 0 0 0 2.512880e-14 1.113677e-13
1 36 4.391424e-04 2.335489e-02 0 0 0 0 2.335917e-14 8.928512e-14
1 37 4.391424e-04 3.043893e-02 0 0 0 0 2.265612e-14 7.138201e-14
1 38 4.391424e-04 3.967171e-02 0 0 0 0 2.277179e-14 5.835156e-14
1 39 4.391424e-04 5.170498e-02 0 0 0 0 2.339205e-14 4.823972e-14
2 20 5.723437e-04 3.369410e-04 0 0 0 0 -1.256717e-16 3.106447e-13
2 21 5.723437e-04 4.391424e-04 0 0 0 0 -5.438054e-16 3.245386e-13
2 22 5.723437e-04 5.723437e-04 0 0 0 0 -1.318442e-14 3.415393e-13
2 23 5.723437e-04 7.459478e-04 0 0 0 0 -3.199059e-14 3.552992e-13
2 24 5.723437e-04 9.722096e-04 0 0 0 0 -5.177850e-15 3.645562e-13
2 25 5.723437e-04 1.267102e-03 0 0 0 0 3.027991e-14 3.675576e-13
2 26 5.723437e-04 1.651440e-03 0 0 0 0 5.409522e-14 3.623573e-13
2 27 5.723437e-04 2.152358e-03 0 0 0 0 6.463143e-14 3.495242e-13
2 28 5.723437e-04 2.805213e-03 0 0 0 0 6.548956e-14 3.272521e-13
2 29 5.723437e-04 3.656095e-03 0 0 0 0 6.069576e-14 2.986630e-13
2 30 5.723437e-04 4.765066e-03 0 0 0 0 5.336082e-14 2.637799e-13
2 31 5.723437e-04 6.210412e-03 0 0 0 0 4.553235e-14 2.264365e-13
2 32 5.723437e-04 8.094162e-03 0 0 0 0 3.839431e-14 1.891505e-13
2 33 5.723437e-04 1.054929e-02 0 0 0 0 3.252141e-14 1.536872e-13
2 34 5.723437e-04 1.374912e-02 0 0 0 0 2.809903e-14 1.238279e-13
2 35 5.723437e-04 1.791952e-02 0 0 0 0 2.508748e-14 9.773397e-14
2 36 5.723437e-04 2.335489e-02 0 0 0 0 2.333648e-14 7.829332e-14
2 37 5.723437e-04 3.043893e-02 0 0 0 0 2.264305e-14 6.245641e-14
2 38 5.723437e-04 3.967171e-02 0 0 0 0 2.276399e-14 5.094746e-14
2 39 5.723437e-04 5.170498e-02 0 0 0 0 2.338732e-14 4.200111e-14
3 20 7.459478e-04 3.369410e-04 0 0 0 0 -7.435335e-17 2.579596e-13
3 21 7.459478e-04 4.391424e-04 0 0 0 0 -3.548912e-18 2.696573e-13
3 22 7.459478e-04 5.723437e-04 0 0 0 0 -2.205034e-16 2.840040e-13
3 23 7.459478e-04 7.459478e-04 0 0 0 0 -1.295936e-14 2.957353e-13
3 24 7.459478e-04 9.722096e-04 0 0 0 0 -3.263784e-14 3.038518e-13
3 25 7.459478e-04 1.267102e-03 0 0 0 0 -5.957273e-15 3.069199e-13
3 26 7.459478e-04 1.651440e-03 0 0 0 0 2.768768e-14 3.033528e-13
3 27 7.459478e-04 2.152358e-03 0 0 0 0 4.869703e-14 2.935726e-13
3 28 7.459478e-04 2.805213e-03 0 0 0 0 5.675316e-14 2.760057e-13
3 29 7.459478e-04 3.656095e-03 0 0 0 0 5.617388e-14 2.530020e-13
3 30 7.459478e-04 4.765066e-03 0 0 0 0 5.110285e-14 2.245006e-13
3 31 7.459478e-04 6.210412e-03 0 0 0 0 4.442685e-14 1.936072e-13
3 32 7.459478e-04 8.094162e-03 0 0 0 0 3.785570e-14 1.623737e-13
3 33 7.459478e-04 1.054929e-02 0 0 0 0 3.225624e-14 1.323886e-13
3 34 7.459478e-04 1.374912e-02 0 0 0 0 2.796504e-14 1.068755e-13
3 35 7.459478e-04 1.791952e-02 0 0 0 0 2.501729e-14 8.442383e-14
3 36 7.459478e-04 2.335489e-02 0 0 0 0 2.329795e-14 6.759300e-14
3 37 7.459478e-04 3.043893e-02 0 0 0 0 2.262087e-14 5.380505e-14
3 38 7.459478e-04 3.967171e-02 0 0 0 0 2.275072e-14 4.379319e-14
3 39 7.459478e-04 5.170498e-02 0 0 0 0 2.337917e-14 3.599135e-14
4 20 9.722096e-04 3.369410e-04 0 0 0 0 -6.028836e-17 2.104213e-13
4 21 9.722096e-04 4.391424e-04 0 0 0 0 3.084208e-17 2.200604e-13
4 22 9.722096e-04 5.723437e-04 0 0 0 0 1.285230e-16 2.319271e-13
4 23 9.722096e-04 7.459478e-04 0 0 0 0 1.849202e-16 2.417367e-13
4 24 9.722096e-04 9.722096e-04 0 0 0 0 -1.237039e-14 2.486594e-13
4 25 9.722096e-04 1.267102e-03 0 0 0 0 -3.250322e-14 2.514922e-13
4 26 9.722096e-04 1.651440e-03 0 0 0 0 -6.417488e-15 2.490384e-13
4 27 9.722096e-04 2.152358e-03 0 0 0 0 2.474097e-14 2.417254e-13
4 28 9.722096e-04 2.805213e-03 0 0 0 0 4.278236e-14 2.282001e-13
4 29 9.722096e-04 3.656095e-03 0 0 0 0 4.873067e-14 2.101487e-13
4 30 9.722096e-04 4.765066e-03 0 0 0 0 4.733204e-14 1.874455e-13
4 31 9.722096e-04 6.210412e-03 0 0 0 0 4.256676e-14 1.624909e-13
4 32 9.722096e-04 8.094162e-03 0 0 0 0 3.694552e-14 1.368997e-13
4 33 9.722096e-04 1.054929e-02 0 0 0 0 3.180728e-14 1.120804e-13
4 34 9.722096e-04 1.374912e-02 0 0 0 0 2.773796e-14 9.070882e-14
4 35 9.722096e-04 1.791952e-02 0 0 0 0 2.489812e-14 7.175392e-14
4 36 9.722096e-04 2.335489e-02 0 0 0 0 2.323256e-14 5.743816e-14
4 37 9.722096e-04 3.043893e-02 0 0 0 0 2.258323e-14 4.563455e-14
4 38 9.722096e-04 3.967171e-02 0 0 0 0 2.272818e-14 3.706162e-14
4 39 9.722096e-04 5.170498e-02 0 0 0 0 2.336532e-14 3.035844e-14
5 20 1.267102e-03 3.369410e-04 0 0 0 0 -6.725391e-17 1.690739e-13
5 21 1.267102e-03 4.391424e-04 0 0 0 0 7.045191e-18 1.768499e-13
5 22 1.267102e-03 5.723437e-04 0 0 0 0 7.568248e-17 1.864626e-13
5 23 1.267102e-03 7.459478e-04 0 0 0 0 2.641653e-16 1.944809e-13
5 24 1.267102e-03 9.722096e-04 0 0 0 0 6.223172e-16 2.002087e-13
5 25 1.267102e-03 1.267102e-03 0 0 0 0 -1.138476e-14 2.026343e-13
5 26 1.267102e-03 1.651440e-03 0 0 0 0 -3.151401e-14 2.008727e-13
5 27 1.267102e-03 2.152358e-03 0 0 0 0 -6.497857e-15 1.953569e-13
5 28 1.267102e-03 2.805213e-03 0 0 0 0 2.165377e-14 1.850068e-13
5 29 1.267102e-03 3.656095e-03 0 0 0 0 3.679040e-14 1.711117e-13
5 30 1.267102e-03 4.765066e-03 0 0 0 0 4.111576e-14 1.534857e-13
5 31 1.267102e-03 6.210412e-03 0 0 0 0 3.945839e-14 1.338098e-13
5 32 1.267102e-03 8.094162e-03 0 0 0 0 3.541418e-14 1.133128e-13
5 33 1.267102e-03 1.054929e-02 0 0 0 0 3.104857e-14 9.322345e-14
5 34 1.267102e-03 1.374912e-02 0 0 0 0 2.735362e-14 7.568602e-14
5 35 1.267102e-03 1.791952e-02 0 0 0 0 2.469607e-14 5.999949e-14
5 36 1.267102e-03 2.335489e-02 0 0 0 0 2.312161e-14 4.804748e-14
5 37 1.267102e-03 3.043893e-02 0 0 0 0 2.251938e-14 3.812064e-14
5 38 1.267102e-03 3.967171e-02 0 0 0 0 2.268993e-14 3.089911e-14
5 39 1.267102e-03 5.170498e-02 0 0 0 0 2.334180e-14 2.522710e-14
6 20 1.651440e-03 3.369410e-04 0 0 0 0 -7.688130e-17 1.342281e-13
6 21 1.651440e-03 4.391424e-04 0 0 0 0 -1.127823e-17 1.403741e-13
6 22 1.651440e-03 5.723437e-04 0 0 0 0 2.608507e-17 1.479916e-13
6 23 1.651440e-03 7.459478e-04 0 0 0 0 1.211641e-16 1.543729e-13
6 24 1.651440e-03 9.722096e-04 0 0 0 0 3.561781e-16 1.589736e-13
6 25 1.651440e-03 1.267102e-03 0 0 0 0 1.051859e-15 1.609854e-13
6 26 1.651440e-03 1.651440e-03 0 0 0 0 -1.007174e-14 1.596745e-13
6 27 1.651440e-03 2.152358e-03 0 0 0 0 -2.970027e-14 1.553403e-13
6 28 1.651440e-03 2.805213e-03 0 0 0 0 -6.201958e-15 1.472520e-13
6 29 1.651440e-03 3.656095e-03 0 0 0 0 1.862606e-14 1.366327e-13
6 30 1.651440e-03 4.765066e-03 0 0 0 0 3.111630e-14 1.232474e-13
6 31 1.651440e-03 6.210412e-03 0 0 0 0 3.432900e-14 1.080849e-13
6 32 1.651440e-03 8.094162e-03 0 0 0 0 3.285459e-14 9.205541e-14
6 33 1.651440e-03 1.054929e-02 0 0 0 0 2.977230e-14 7.617337e-14
6 34 1.651440e-03 1.374912e-02 0 0 0 0 2.670452e-14 6.208031e-14
6 35 1.651440e-03 1.791952e-02 0 0 0 0 2.435418e-14 4.936577e-14
6 36 1.651440e-03 2.335489e-02 0 0 0 0 2.293348e-14 3.957710e-14
6 37 1.651440e-03 3.043893e-02 0 0 0 0 2.241110e-14 3.138134e-14
6 38 1.651440e-03 3.967171e-02 0 0 0 0 2.262505e-14 2.540005e-14
6 39 1.651440e-03 5.170498e-02 0 0 0 0 2.330187e-14 2.067487e-14
7 20 2.152358e-03 3.369410e-04 0 0 0 0 -7.793077e-17 1.060689e-13
7 21 2.152358e-03 4.391424e-04 0 0 0 0 -1.897419e-17 1.108567e-13
7 22 2.152358e-03 5.723437e-04 0 0 0 0 1.694762e-18 1.167957e-13
7 23 2.152358e-03 7.459478e-04 0 0 0 0 4.779324e-17 1.217621e-13
7 24 2.152358e-03 9.722096e-04 0 0 0 0 1.293347e-16 1.253484e-13
7 25 2.152358e-03 1.267102e-03 0 0 0 0 4.154785e-16 1.269348e-13
7 26 2.152358e-03 1.651440e-03 0 0 0 0 1.405439e-15 1.258711e-13
7 27 2.152358e-03 2.152358e-03 0 0 0 0 -8.559290e-15 1.223013e-13
7 28 2.152358e-03 2.805213e-03 0 0 0 0 -2.719632e-14 1.157791e-13
7 29 2.152358e-03 3.656095e-03 0 0 0 0 -5.599955e-15 1.075238e-13
7 30 2.152358e-03 4.765066e-03 0 0 0 0 1.582402e-14 9.733010e-14
7 31 2.152358e-03 6.210412e-03 0 0 0 0 2.606159e-14 8.578020e-14
7 32 2.152358e-03 8.094162e-03 0 0 0 0 2.862922e-14 7.353063e-14
7 33 2.152358e-03 1.054929e-02 0 0 0 0 2.763978e-14 6.124970e-14
7 34 2.152358e-03 1.374912e-02 0 0 0 0 2.561285e-14 5.014007e-14
7 35 2.152358e-03 1.791952e-02 0 0 0 0 2.377725e-14 4.004248e-14
7 36 2.152358e-03 2.335489e-02 0 0 0 0 2.261515e-14 3.216953e-14
7 37 2.152358e-03 3.043893e-02 0 0 0 0 2.222760e-14 2.552259e-14
7 38 2.152358e-03 3.967171e-02 0 0 0 0 2.251505e-14 2.064655e-14
7 39 2.152358e-03 5.170498e-02 0 0 0 0 2.323411e-14 1.676708e-14
8 20 2.805213e-03 3.369410e-04 0 0 0 0 -7.961436e-17 8.383056e-14
8 21 2.805213e-03 4.391424e-04 0 0 0 0 -2.228095e-17 8.753584e-14
8 22 2.805213e-03 5.723437e-04 0 0 0 0 -7.488313e-18 9.212748e-14
8 23 2.805213e-03 7.459478e-04 0 0 0 0 1.972935e-17 9.593278e-14
8 24 2.805213e-03 9.722096e-04 0 0 0 0 4.166612e-17 9.863421e-14
8 25 2.805213e-03 1.267102e-03 0 0 0 0 1.274842e-16 9.976268e-14
8 26 2.805213e-03 1.651440e-03 0 0 0 0 4.332365e-16 9.880345e-14
8 27 2.805213e-03 2.152358e-03 0 0 0 0 1.628538e-15 9.586876e-14
8 28 2.805213e-03 2.805213e-03 0 0 0 0 -6.998857e-15 9.059323e-14
8 29 2.805213e-03 3.656095e-03 0 0 0 0 -2.421906e-14 8.393818e-14
8 30 2.805213e-03 4.765066e-03 0 0 0 0 -4.799950e-15 7.584862e-14
8 31 2.805213e-03 6.210412e-03 0 0 0 0 1.336688e-14 6.698555e-14
8 32 2.805213e-03 8.094162e-03 0 0 0 0 2.181308e-14 5.781363e-14
8 33 2.805213e-03 1.054929e-02 0 0 0 0 2.412093e-14 4.850054e-14
8 34 2.805213e-03 1.374912e-02 0 0 0 0 2.379044e-14 3.990939e-14
8 35 2.805213e-03 1.791952e-02 0 0 0 0 2.280744e-14 3.206044e-14
8 36 2.805213e-03 2.335489e-02 0 0 0 0 2.207828e-14 2.583630e-14
8 37 2.805213e-03 3.043893e-02 0 0 0 0 2.191716e-14 2.054043e-14
8 38 2.805213e-03 3.967171e-02 0 0 0 0 2.232871e-14 1.662552e-14
8 39 2.805213e-03 5.170498e-02 0 0 0 0 2.311922e-14 1.348495e-14
9 20 3.656095e-03 3.369410e-04 0 0 0 0 -8.023056e-17 6.667583e-14
9 21 3.656095e-03 4.391424e-04 0 0 0 0 -2.333136e-17 6.955406e-14
9 22 3.656095e-03 5.723437e-04 0 0 0 0 -1.060967e-17 7.310844e-14
9 23 3.656095e-03 7.459478e-04 0 0 0 0 1.023971e-17 7.600619e-14
9 24 3.656095e-03 9.722096e-04 0 0 0 0 1.283374e-17 7.799307e-14
9 25 3.656095e-03 1.267102e-03 0 0 0 0 3.563724e-17 7.872052e-14
9 26 3.656095e-03 1.651440e-03 0 0 0 0 1.165397e-16 7.781340e-14
9 27 3.656095e-03 2.152358e-03 0 0 0 0 4.089108e-16 7.540719e-14
9 28 3.656095e-03 2.805213e-03 0 0 0 0 1.700734e-15 7.112271e-14
9 29 3.656095e-03 3.656095e-03 0 0 0 0 -5.533205e-15 6.557483e-14
9 30 3.656095e-03 4.765066e-03 0 0 0 0 -2.102394e-14 5.885677e-14
9 31 3.656095e-03 6.210412e-03 0 0 0 0 -3.916877e-15 5.185891e-14
9 32 3.656095e-03 8.094162e-03 0 0 0 0 1.132444e-14 4.494177e-14
9 33 3.656095e-03 1.054929e-02 0 0 0 0 1.844790e-14 3.791115e-14
9 34 3.656095e-03 1.374912e-02 0 0 0 0 2.078720e-14 3.139524e-14
9 35 3.656095e-03 1.791952e-02 0 0 0 0 2.119051e-14 2.541655e-14
9 36 3.656095e-03 2.335489e-02 0 0 0 0 2.117666e-14 2.056402e-14
9 37 3.656095e-03 3.043893e-02 0 0 0 0 2.139369e-14 1.641286e-14
9 38 3.656095e-03 3.967171e-02 0 0 0 0 2.201358e-14 1.330906e-14
9 39 3.656095e-03 5.170498e-02 0 0 0 0 2.292464e-14 1.079715e-14
10 20 4.765066e-03 3.369410e-04 0 0 0 0 -8.018755e-17 5.363951e-14
10 21 4.765066e-03 4.391424e-04 0 0 0 0 -2.368586e-17 5.590344e-14
10 22 4.765066e-03 5.723437e-04 0 0 0 0 -1.154367e-17 5.868625e-14
10 23 4.765066e-03 7.459478e-04 0 0 0 0 7.357791e-18 6.091252e-14
10 24 4.765066e-03 9.722096e-04 0 0 0 0 4.248787e-18 6.237632e-14
10 25 4.765066e-03 1.267102e-03 0 0 0 0 8.994099e-18 6.281174e-14
10 26 4.765066e-03 1.651440e-03 0 0 0 0 2.997389e-17 6.192200e-14
10 27 4.765066e-03 2.152358e-03 0 0 0 0 9.751848e-17 5.983926e-14
10 28 4.765066e-03 2.805213e-03 0 0 0 0 3.549377e-16 5.625092e-14
10 29 4.765066e-03 3.656095e-03 0 0 0 0 1.631905e-15 5.163795e-14
10 30 4.765066e-03 4.765066e-03 0 0 0 0 -4.268973e-15 4.608582e-14
10 31 4.765066e-03 6.210412e-03 0 0 0 0 -1.785767e-14 4.035843e-14
10 32 4.765066e-03 8.094162e-03 0 0 0 0 -3.048119e-15 3.480630e-14
10 33 4.765066e-03 1.054929e-02 0 0 0 0 9.721652e-15 2.936170e-14
10 34 4.765066e-03 1.374912e-02 0 0 0 0 1.595592e-14 2.450874e-14
10 35 4.765066e-03 1.791952e-02 0 0 0 0 1.853135e-14 2.002273e-14
10 36 4.765066e-03 2.335489e-02 0 0 0 0 1.967547e-14 1.627886e-14
10 37 4.765066e-03 3.043893e-02 0 0 0 0 2.051551e-14 1.307346e-14
10 38 4.765066e-03 3.967171e-02 0 0 0 0 2.148229e-14 1.063381e-14
10 39 4.765066e-03 5.170498e-02 0 0 0 0 2.259568e-14 8.642949e-15
11 20 6.210412e-03 3.369410e-04 0 0 0 0 -8.004016e-17 4.334297e-14
11 21 6.210412e-03 4.391424e-04 0 0 0 0 -2.366631e-17 4.514619e-14
11 22 6.210412e-03 5.723437e-04 0 0 0 0 -1.192569e-17 4.735412e-14
11 23 6.210412e-03 7.459478e-04 0 0 0 0 6.570173e-18 4.909385e-14
11 24 6.210412e-03 9.722096e-04 0 0 0 0 1.877886e-18 5.019394e-14
11 25 6.210412e-03 1.267102e-03 0 0 0 0 1.772834e-18 5.044015e-14
11 26 6.210412e-03 1.651440e-03 0 0 0 0 7.454726e-18 4.958908e-14
11 27 6.210412e-03 2.152358e-03 0 0 0 0 2.282510e-17 4.776699e-14
11 28 6.210412e-03 2.805213e-03 0 0 0 0 7.569991e-17 4.476089e-14
11 29 6.210412e-03 3.656095e-03 0 0 0 0 2.857207e-16 4.101947e-14
11 30 6.210412e-03 4.765066e-03 0 0 0 0 1.455296e-15 3.653798e-14
11 31 6.210412e-03 6.210412e-03 0 0 0 0 -3.264924e-15 3.175456e-14
11 32 6.210412e-03 8.094162e-03 0 0 0 0 -1.492288e-14 2.702859e-14
11 33 6.210412e-03 1.054929e-02 0 0 0 0 -2.260619e-15 2.264602e-14
11 34 6.210412e-03 1.374912e-02 0 0 0 0 8.548426e-15 1.902002e-14
11 35 6.210412e-03 1.791952e-02 0 0 0 0 1.426854e-14 1.565643e-14
11 36 6.210412e-03 2.335489e-02 0 0 0 0 1.721288e-14 1.280624e-14
11 37 6.210412e-03 3.043893e-02 0 0 0 0 1.905538e-14 1.037295e-14
11 38 6.210412e-03 3.967171e-02 0 0 0 0 2.059176e-14 8.470238e-15
11 39 6.210412e-03 5.170498e-02 0 0 0 0 2.204125e-14 6.907697e-15
12 20 8.094162e-03 3.369410e-04 0 0 0 0 -7.999495e-17 3.542876e-14
12 21 8.094162e-03 4.391424e-04 0 0 0 0 -2.354281e-17 3.689277e-14
12 22 8.094162e-03 5.723437e-04 0 0 0 0 -1.188056e-17 3.867983e-14
12 23 8.094162e-03 7.459478e-04 0 0 0 0 6.379254e-18 4.007281e-14
12 24 8.094162e-03 9.722096e-04 0 0 0 0 1.152283e-18 4.092786e-14
12 25 8.094162e-03 1.267102e-03 0 0 0 0 -2.023686e-20 4.106952e-14
12 26 8.094162e-03 1.651440e-03 0 0 0 0 1.815407e-18 4.029933e-14
12 27 8.094162e-03 2.152358e-03 0 0 0 0 5.148962e-18 3.873263e-14
12 28 8.094162e-03 2.805213e-03 0 0 0 0 1.606620e-17 3.620017e-14
12 29 8.094162e-03 3.656095e-03 0 0 0 0 5.448008e-17 3.308056e-14
12 30 8.094162e-03 4.765066e-03 0 0 0 0 2.136409e-16 2.935778e-14
12 31 8.094162e-03 6.210412e-03 0 0 0 0 1.214026e-15 2.536109e-14
12 32 8.094162e-03 8.094162e-03 0 0 0 0 -2.534301e-15 2.139587e-14
12 33 8.094162e-03 1.054929e-02 0 0 0 0 -1.235932e-14 1.776785e-14
12 34 8.094162e-03 1.374912e-02 0 0 0 0 -1.589612e-15 1.484740e-14
12 35 8.094162e-03 1.791952e-02 0 0 0 0 7.770571e-15 1.221415e-14
12 36 8.094162e-03 2.335489e-02 0 0 0 0 1.328216e-14 1.007028e-14
12 37 8.094162e-03 3.043893e-02 0 0 0 0 1.666629e-14 8.243586e-15
12 38 8.094162e-03 3.967171e-02 0 0 0 0 1.911295e-14 6.764634e-15
12 39 8.094162e-03 5.170498e-02 0 0 0 0 2.111243e-14 5.547240e-15
13 20 1.054929e-02 3.369410e-04 0 0 0 0 -7.997890e-17 2.864615e-14
13 21 1.054929e-02 4.391424e-04 0 0 0 0 -2.349323e-17 2.982798e-14
13 22 1.054929e-02 5.723437e-04 0 0 0 0 -1.198813e-17 3.126978e-14
13 23 1.054929e-02 7.459478e-04 0 0 0 0 6.389868e-18 3.239046e-14
13 24 1.054929e-02 9.722096e-04 0 0 0 0 1.122613e-18 3.307234e-14
13 25 1.054929e-02 1.267102e-03 0 0 0 0 -5.743302e-19 3.317160e-14
13 26 1.054929e-02 1.651440e-03 0 0 0 0 5.387320e-19 3.252442e-14
13 27 1.054929e-02 2.152358e-03 0 0 0 0 1.101530e-18 3.122064e-14
13 28 1.054929e-02 2.805213e-03 0 0 0 0 3.234919e-18 2.911886e-14
13 29 1.054929e-02 3.656095e-03 0 0 0 0 1.033166e-17 2.653179e-14
13 30 1.054929e-02 4.765066e-03 0 0 0 0 3.586703e-17 2.347572e-14
13 31 1.054929e-02 6.210412e-03 0 0 0 0 1.473248e-16 2.027138e-14
13 32 1.054929e-02 8.094162e-03 0 0 0 0 9.490371e-16 1.712646e-14
13 33 1.054929e-02 1.054929e-02 0 0 0 0 -2.056733e-15 1.413842e-14
13 34 1.054929e-02 1.374912e-02 0 0 0 0 -1.024172e-14 1.161992e-14
13 35 1.054929e-02 1.791952e-02 0 0 0 0 -1.046083e-15 9.456809e-15
13 36 1.054929e-02 2.335489e-02 0 0 0 0 7.335473e-15 7.853602e-15
13 37 1.054929e-02 3.043893e-02 0 0 0 0 1.286995e-14 6.488869e-15
13 38 1.054929e-02 3.967171e-02 0 0 0 0 1.669874e-14 5.354973e-15
13 39 1.054929e-02 5.170498e-02 0 0 0 0 1.957170e-14 4.423888e-15
14 20 1.374912e-02 3.369410e-04 0 0 0 0 -7.983632e-17 2.315750e-14
14 21 1.374912e-02 4.391424e-04 0 0 0 0 -2.327214e-17 2.412117e-14
14 22 1.374912e-02 5.723437e-04 0 0 0 0 -1.209716e-17 2.529832e-14
14 23 1.374912e-02 7.459478e-04 0 0 0 0 6.248402e-18 2.621861e-14
14 24 1.374912e-02 9.722096e-04 0 0 0 0 1.032852e-18 2.678610e-14
14 25 1.374912e-02 1.267102e-03 0 0 0 0 -5.846087e-19 2.688071e-14
14 26 1.374912e-02 1.651440e-03 0 0 0 0 2.325118e-19 2.636779e-14
14 27 1.374912e-02 2.152358e-03 0 0 0 0 2.174453e-19 2.531549e-14
14 28 1.374912e-02 2.805213e-03 0 0 0 0 5.636937e-19 2.360767e-14
14 29 1.374912e-02 3.656095e-03 0 0 0 0 1.736919e-18 2.150020e-14
14 30 1.374912e-02 4.765066e-03 0 0 0 0 5.693997e-18 1.901114e-14
14 31 1.374912e-02 6.210412e-03 0 0 0 0 2.064094e-17 1.641096e-14
14 32 1.374912e-02 8.094162e-03 0 0 0 0 9.115330e-17 1.385535e-14
14 33 1.374912e-02 1.054929e-02 0 0 0 0 6.915664e-16 1.138370e-14
14 34 1.374912e-02 1.374912e-02 0 0 0 0 -1.793783e-15 9.253798e-15
14 35 1.374912e-02 1.791952e-02 0 0 0 0 -8.592059e-15 7.448069e-15
14 36 1.374912e-02 2.335489e-02 0 0 0 0 -6.303726e-16 6.164484e-15
14 37 1.374912e-02 3.043893e-02 0 0 0 0 7.172865e-15 5.093286e-15
14 38 1.374912e-02 3.967171e-02 0 0 0 0 1.287785e-14 4.230916e-15
14 39 1.374912e-02 5.170498e-02 0 0 0 0 1.706095e-14 3.529389e-15
15 20 1.791952e-02 3.369410e-04 0 0 0 0 -7.963836e-17 1.825734e-14
15 21 1.791952e-02 4.391424e-04 0 0 0 0 -2.289083e-17 1.902377e-14
15 22 1.791952e-02 5.723437e-04 0 0 0 0 -1.211701e-17 1.996206e-14
15 23 1.791952e-02 7.459478e-04 0 0 0 0 6.265155e-18 2.070177e-14
15 24 1.791952e-02 9.722096e-04 0 0 0 0 9.762295e-19 2.116746e-14
15 25 1.791952e-02 1.267102e-03 0 0 0 0 -7.026368e-19 2.126237e-14
15 26 1.791952e-02 1.651440e-03 0 0 0 0 1.530253e-19 2.087964e-14
15 27 1.791952e-02 2.152358e-03 0 0 0 0 1.254463e-19 2.006862e-14
15 28 1.791952e-02 2.805213e-03 0 0 0 0 7.474677e-21 1.873407e-14
15 29 1.791952e-02 3.656095e-03 0 0 0 0 1.804539e-19 1.707163e-14
15 30 1.791952e-02 4.765066e-03 0 0 0 0 5.476082e-19 1.509170e-14
15 31 1.791952e-02 6.210412e-03 0 0 0 0 2.017909e-18 1.301106e-14
15 32 1.791952e-02 8.094162e-03 0 0 0 0 8.480828e-18 1.096534e-14
15 33 1.791952e-02 1.054929e-02 0 0 0 0 4.541769e-17 9.015266e-15
15 34 1.791952e-02 1.374912e-02 0 0 0 0 4.592071e-16 7.357833e-15
15 35 1.791952e-02 1.791952e-02 0 0 0 0 -1.704191e-15 5.905779e-15
15 36 1.791952e-02 2.335489e-02 0 0 0 0 -7.398040e-15 4.809964e-15
15 37 1.791952e-02 3.043893e-02 0 0 0 0 -3.460143e-16 3.924185e-15
15 38 1.791952e-02 3.967171e-02 0 0 0 0 7.186605e-15 3.279170e-15
15 39 1.791952e-02 5.170498e-02 0 0 0 0 1.310071e-14 2.761928e-15
16 20 2.335489e-02 3.369410e-04 0 0 0 0 -7.926097e-17 1.410235e-14
16 21 2.335489e-02 4.391424e-04 0 0 0 0 -2.230932e-17 1.470493e-14
16 22 2.335489e-02 5.723437e-04 0 0 0 0 -1.219239e-17 1.544587e-14
16 23 2.335489e-02 7.459478e-04 0 0 0 0 6.293930e-18 1.603996e-14
16 24 2.335489e-02 9.722096e-04 0 0 0 0 1.041706e-18 1.642958e-14
16 25 2.335489e-02 1.267102e-03 0 0 0 0 -6.429520e-19 1.653730e-14
16 26 2.335489e-02 1.651440e-03 0 0 0 0 1.046723e-19 1.628000e-14
16 27 2.335489e-02 2.152358e-03 0 0 0 0 1.465286e-20 1.568980e-14
16 28 2.335489e-02 2.805213e-03 0 0 0 0 1.394766e-20 1.468971e-14
16 29 2.335489e-02 3.656095e-03 0 0 0 0 -7.868751e-20 1.342395e-14
16 30 2.335489e-02 4.765066e-03 0 0 0 0 -1.699118e-19 1.189684e-14
16 31 2.335489e-02 6.210412e-03 0 0 0 0 -4.707173e-19 1.027673e-14
16 32 2.335489e-02 8.094162e-03 0 0 0 0 -1.107128e-18 8.672937e-15
16 33 2.335489e-02 1.054929e-02 0 0 0 0 -1.674276e-18 7.146040e-15
16 34 2.335489e-02 1.374912e-02 0 0 0 0 7.802000e-18 5.847244e-15
16 35 2.335489e-02 1.791952e-02 0 0 0 0 2.574289e-16 4.680074e-15
16 36 2.335489e-02 2.335489e-02 0 0 0 0 -1.753047e-15 3.763085e-15
16 37 2.335489e-02 3.043893e-02 0 0 0 0 -6.632294e-15 3.028158e-15
16 38 2.335489e-02 3.967171e-02 0 0 0 0 -2.150658e-16 2.526041e-15
16 39 2.335489e-02 5.170498e-02 0 0 0 0 7.240297e-15 2.131256e-15
17 20 3.043893e-02 3.369410e-04 0 0 0 0 -7.862962e-17 1.052918e-14
17 21 3.043893e-02 4.391424e-04 0 0 0 0 -2.142762e-17 1.098757e-14
17 22 3.043893e-02 5.723437e-04 0 0 0 0 -1.230537e-17 1.155377e-14
17 23 3.043893e-02 7.459478e-04 0 0 0 0 6.307641e-18 1.201569e-14
17 24 3.043893e-02 9.722096e-04 0 0 0 0 1.060519e-18 1.233094e-14
17 25 3.043893e-02 1.267102e-03 0 0 0 0 -6.094980e-19 1.243979e-14
17 26 3.043893e-02 1.651440e-03 0 0 0 0 1.878488e-19 1.228043e-14
17 27 3.043893e-02 2.152358e-03 0 0 0 0 5.315466e-20 1.187265e-14
17 28 3.043893e-02 2.805213e-03 0 0 0 0 -4.158002e-20 1.115598e-14
17 29 3.043893e-02 3.656095e-03 0 0 0 0 -5.731507e-20 1.023104e-14
17 30 3.043893e-02 4.765066e-03 0 0 0 0 -1.489091e-19 9.098102e-15
17 31 3.043893e-02 6.210412e-03 0 0 0 0 -4.738940e-19 7.882428e-15
17 32 3.043893e-02 8.094162e-03 0 0 0 0 -1.347071e-18 6.664490e-15
17 33 3.043893e-02 1.054929e-02 0 0 0 0 -3.836305e-18 5.493506e-15
17 34 3.043893e-02 1.374912e-02 0 0 0 0 -1.055757e-17 4.489825e-15
17 35 3.043893e-02 1.791952e-02 0 0 0 0 -2.456524e-17 3.592693e-15
17 36 3.043893e-02 2.335489e-02 0 0 0 0 8.310393e-17 2.897038e-15
17 37 3.043893e-02 3.043893e-02 0 0 0 0 -1.916987e-15 2.326396e-15
17 38 3.043893e-02 3.967171e-02 0 0 0 0 -6.268002e-15 1.916067e-15
17 39 3.043893e-02 5.170498e-02 0 0 0 0 -2.770764e-16 1.597373e-15
18 20 3.967171e-02 3.369410e-04 0 0 0 0 -7.763665e-17 7.529357e-15
18 21 3.967171e-02 4.391424e-04 0 0 0 0 -2.010786e-17 7.864921e-15
18 22 3.967171e-02 5.723437e-04 0 0 0 0 -1.246012e-17 8.282065e-15
18 23 3.967171e-02 7.459478e-04 0 0 0 0 6.300768e-18 8.630234e-15
18 24 3.967171e-02 9.722096e-04 0 0 0 0 1.048877e-18 8.880130e-15
18 25 3.967171e-02 1.267102e-03 0 0 0 0 -6.291142e-19 8.987695e-15
18 26 3.967171e-02 1.651440e-03 0 0 0 0 1.788215e-19 8.908940e-15
18 27 3.967171e-02 2.152358e-03 0 0 0 0 7.852442e-20 8.653451e-15
18 28 3.967171e-02 2.805213e-03 0 0 0 0 1.993271e-20 8.175337e-15
18 29 3.967171e-02 3.656095e-03 0 0 0 0 -2.387735e-20 7.539348e-15
18 30 3.967171e-02 4.765066e-03 0 0 0 0 -1.201184e-19 6.742647e-15
18 31 3.967171e-02 6.210412e-03 0 0 0 0 -2.467058e-19 5.873536e-15
18 32 3.967171e-02 8.094162e-03 0 0 0 0 -7.764154e-19 4.988140e-15
18 33 3.967171e-02 1.054929e-02 0 0 0 0 -2.237685e-18 4.124914e-15
18 34 3.967171e-02 1.374912e-02 0 0 0 0 -6.545655e-18 3.375723e-15
18 35 3.967171e-02 1.791952e-02 0 0 0 0 -1.912734e-17 2.706386e-15
18 36 3.967171e-02 2.335489e-02 0 0 0 0 -5.453589e-17 2.190644e-15
18 37 3.967171e-02 3.043893e-02 0 0 0 0 -7.019018e-17 1.755705e-15
18 38 3.967171e-02 3.967171e-02 0 0 0 0 -2.175611e-15 1.425971e-15
18 39 3.967171e-02 5.170498e-02 0 0 0 0 -6.251905e-15 1.169788e-15
19 20 5.170498e-02 3.369410e-04 0 0 0 0 -7.635807e-17 5.157405e-15
19 21 5.170498e-02 4.391424e-04 0 0 0 0 -1.812068e-17 5.393113e-15
19 22 5.170498e-02 5.723437e-04 0 0 0 0 -1.261935e-17 5.688287e-15
19 23 5.170498e-02 7.459478e-04 0 0 0 0 6.289434e-18 5.940805e-15
19 24 5.170498e-02 9.722096e-04 0 0 0 0 1.042879e-18 6.131676e-15
19 25 5.170498e-02 1.267102e-03 0 0 0 0 -6.489648e-19 6.229901e-15
19 26 5.170498e-02 1.651440e-03 0 0 0 0 1.520433e-19 6.205124e-15
19 27 5.170498e-02 2.152358e-03 0 0 0 0 4.786150e-20 6.059505e-15
19 28 5.170498e-02 2.805213e-03 0 0 0 0 -4.579773e-21 5.759867e-15
19 29 5.170498e-02 3.656095e-03 0 0 0 0 1.017336e-20 5.345494e-15
19 30 5.170498e-02 4.765066e-03 0 0 0 0 -2.692988e-20 4.811906e-15
19 31 5.170498e-02 6.210412e-03 0 0 0 0 -1.459840e-19 4.218199e-15
19 32 5.170498e-02 8.094162e-03 0 0 0 0 -3.508432e-19 3.602132e-15
19 33 5.170498e-02 1.054929e-02 0 0 0 0 -1.036447e-18 2.992961e-15
19 34 5.170498e-02 1.374912e-02 0 0 0 0 -2.977139e-18 2.456051e-15
19 35 5.170498e-02 1.791952e-02 0 0 0 0 -8.631452e-18 1.969833e-15
19 36 5.170498e-02 2.335489e-02 0 0 0 0 -2.527544e-17 1.590252e-15
19 37 5.170498e-02 3.043893e-02 0 0 0 0 -7.525237e-17 1.269227e-15
19 38 5.170498e-02 3.967171e-02 0 0 0 0 -1.831795e-16 1.029197e-15
19 39 5.170498e-02 5.170498e-02 0 0 0 0 -2.453514e-15 8.408262e-16
