0.000000000000000000e+00 2.725956214328307137e-03
2.500000000000000139e-02 1.499275917880569034e-02
5.000000000000000278e-02 5.724508050089444078e-02
7.500000000000001110e-02 5.928954766164069856e-02
1.000000000000000056e-01 4.838572280432746481e-02
1.250000000000000000e-01 1.138086719482067216e-01
1.500000000000000222e-01 1.076752704659681703e-01
1.750000000000000167e-01 1.594684385382059977e-01
2.000000000000000111e-01 2.610103075219354918e-01
2.250000000000000056e-01 2.732771104864128997e-01
2.500000000000000000e-01 2.296618110571596871e-01
2.750000000000000222e-01 3.536928188090975866e-01
3.000000000000000444e-01 2.630547746826820132e-01
3.250000000000000111e-01 3.175738989692474812e-01
3.500000000000000333e-01 4.109378993099929156e-01
3.750000000000000000e-01 2.807734900758154239e-01
4.000000000000000222e-01 5.172501916687959334e-01
4.250000000000000444e-01 8.982025726211785299e-01
4.500000000000000111e-01 1.114234602606694713e+00
4.750000000000000333e-01 1.318681318681320436e+00
5.000000000000000000e-01 1.777323451742054861e+00
5.250000000000000222e-01 1.698952210580116029e+00
5.500000000000000444e-01 1.862509583439814209e+00
5.750000000000000666e-01 1.683959451401310314e+00
6.000000000000000888e-01 2.304795979214592450e+00
6.250000000000000000e-01 2.433597410341594269e+00
6.500000000000000222e-01 2.033563335888915358e+00
6.750000000000000444e-01 1.907487860976231353e+00
7.000000000000000666e-01 1.994036970781155160e+00
7.250000000000000888e-01 1.664196268847437654e+00
7.500000000000000000e-01 1.938154868387424790e+00
7.750000000000000222e-01 1.435897435897434571e+00
8.000000000000000444e-01 1.402504472271912883e+00
8.250000000000000666e-01 1.208280092001021266e+00
8.500000000000000888e-01 9.949740182298357771e-01
8.750000000000000000e-01 1.217139449697588249e+00
9.000000000000000222e-01 9.329585143538623448e-01
9.250000000000000444e-01 5.267910384189449235e-01
9.500000000000000666e-01 5.288355055796911675e-01
9.750000000000000888e-01 5.826731408126778478e-01
1.000000000000000000e+00 3.318851690944696342e-01
1.025000000000000133e+00 3.373370815231291897e-01
1.050000000000000044e+00 2.862254025044732586e-01
1.074999999999999956e+00 2.705511542720830387e-01
1.100000000000000089e+00 2.310247891643248674e-01
1.125000000000000000e+00 1.683277962347720924e-01
1.150000000000000133e+00 2.037652270210416894e-01
1.175000000000000044e+00 1.867280006814880655e-01
1.200000000000000178e+00 1.615129056989527967e-01
1.225000000000000089e+00 1.301644092341771308e-01
1.250000000000000000e+00 1.219865405911911005e-01
1.275000000000000133e+00 1.376607888235800159e-01
1.300000000000000044e+00 6.746741630462524397e-02
1.325000000000000178e+00 6.951188346537208462e-02
1.350000000000000089e+00 5.451912428656634224e-02
1.375000000000000000e+00 5.520061334014792626e-02
1.400000000000000133e+00 3.952636510776059292e-02
1.425000000000000044e+00 2.112616066104426940e-02
1.450000000000000178e+00 2.998551835761148823e-02
1.475000000000000089e+00 1.703722633955197935e-02
1.500000000000000000e+00 9.540846750149024891e-03
1.525000000000000133e+00 7.496379589402872058e-03
1.550000000000000044e+00 8.859357696566951684e-03
1.575000000000000178e+00 0.000000000000000000e+00
1.600000000000000089e+00 2.725956214328317112e-03
1.625000000000000000e+00 3.407445267910366466e-03
1.650000000000000133e+00 3.407445267910396390e-03
1.675000000000000044e+00 3.407445267910366466e-03
1.700000000000000178e+00 3.407445267910396390e-03
1.725000000000000089e+00 6.814890535820792780e-04
1.750000000000000000e+00 4.088934321492439239e-03
1.775000000000000133e+00 1.362978107164158556e-03
1.800000000000000044e+00 2.725956214328292826e-03
1.825000000000000178e+00 2.725956214328317112e-03
1.850000000000000089e+00 1.362978107164158556e-03
1.875000000000000000e+00 0.000000000000000000e+00
1.900000000000000133e+00 2.044467160746237834e-03
1.925000000000000044e+00 2.725956214328292826e-03
1.950000000000000178e+00 2.725956214328317112e-03
1.975000000000000089e+00 2.725956214328317112e-03
2.000000000000000000e+00 4.088934321492475668e-03
2.024999999999999911e+00 6.814890535820671350e-03
2.050000000000000266e+00 6.814890535820792780e-04
2.075000000000000178e+00 2.044467160746237834e-03
2.100000000000000089e+00 1.362978107164158556e-03
2.125000000000000000e+00 6.133401482238713502e-03
2.149999999999999911e+00 2.725956214328268540e-03
2.175000000000000266e+00 6.814890535820792780e-04
2.200000000000000178e+00 2.044467160746237834e-03
2.225000000000000089e+00 2.725956214328317112e-03
2.250000000000000000e+00 1.362978107164158556e-03
2.274999999999999911e+00 5.451912428656537080e-03
2.300000000000000266e+00 6.814890535820792780e-04
2.325000000000000178e+00 2.044467160746237834e-03
2.350000000000000089e+00 4.770423375074554946e-03
2.375000000000000000e+00 0.000000000000000000e+00
2.400000000000000355e+00 2.725956214328317112e-03
2.425000000000000266e+00 2.044467160746237834e-03
2.450000000000000178e+00 6.814890535820792780e-04
2.475000000000000089e+00 0.000000000000000000e+00
2.500000000000000000e+00 6.814890535820671350e-04
2.525000000000000355e+00 0.000000000000000000e+00
2.550000000000000266e+00 6.814890535820792780e-04
2.575000000000000178e+00 2.044467160746237834e-03
2.600000000000000089e+00 3.407445267910396390e-03
2.625000000000000000e+00 2.725956214328268540e-03
2.650000000000000355e+00 6.814890535820792780e-04
2.675000000000000266e+00 2.044467160746237834e-03
2.700000000000000178e+00 2.725956214328317112e-03
2.725000000000000089e+00 0.000000000000000000e+00
2.750000000000000000e+00 2.725956214328268540e-03
2.775000000000000355e+00 1.362978107164158556e-03
2.800000000000000266e+00 1.362978107164158556e-03
2.825000000000000178e+00 0.000000000000000000e+00
2.850000000000000089e+00 6.814890535820792780e-04
2.875000000000000000e+00 6.814890535820671350e-04
2.900000000000000355e+00 0.000000000000000000e+00
2.925000000000000266e+00 1.362978107164158556e-03
2.950000000000000178e+00 1.362978107164158556e-03
2.975000000000000089e+00 6.814890535820792780e-04
3.000000000000000000e+00 0.000000000000000000e+00
3.025000000000000355e+00 1.362978107164158556e-03
3.050000000000000266e+00 6.814890535820792780e-04
3.075000000000000178e+00 1.362978107164158556e-03
3.100000000000000089e+00 0.000000000000000000e+00
3.125000000000000000e+00 0.000000000000000000e+00
3.150000000000000355e+00 0.000000000000000000e+00
3.175000000000000266e+00 6.814890535820792780e-04
3.200000000000000178e+00 6.814890535820792780e-04
3.225000000000000089e+00 0.000000000000000000e+00
3.250000000000000000e+00 6.814890535820671350e-04
3.275000000000000355e+00 0.000000000000000000e+00
3.300000000000000266e+00 6.814890535820792780e-04
3.325000000000000178e+00 6.814890535820792780e-04
3.350000000000000089e+00 0.000000000000000000e+00
3.375000000000000000e+00 0.000000000000000000e+00
3.400000000000000355e+00 0.000000000000000000e+00
3.425000000000000266e+00 0.000000000000000000e+00
3.450000000000000178e+00 0.000000000000000000e+00
3.475000000000000089e+00 0.000000000000000000e+00
3.500000000000000000e+00 0.000000000000000000e+00
3.525000000000000355e+00 0.000000000000000000e+00
3.550000000000000266e+00 0.000000000000000000e+00
3.575000000000000178e+00 0.000000000000000000e+00
3.600000000000000089e+00 0.000000000000000000e+00
3.625000000000000000e+00 0.000000000000000000e+00
3.650000000000000355e+00 0.000000000000000000e+00
3.675000000000000266e+00 0.000000000000000000e+00
3.700000000000000178e+00 0.000000000000000000e+00
3.725000000000000089e+00 0.000000000000000000e+00
3.750000000000000000e+00 0.000000000000000000e+00
3.775000000000000355e+00 0.000000000000000000e+00
3.800000000000000266e+00 0.000000000000000000e+00
3.825000000000000178e+00 0.000000000000000000e+00
3.850000000000000089e+00 0.000000000000000000e+00
3.875000000000000000e+00 0.000000000000000000e+00
3.900000000000000355e+00 0.000000000000000000e+00
3.925000000000000266e+00 0.000000000000000000e+00
3.950000000000000178e+00 0.000000000000000000e+00
3.975000000000000089e+00 0.000000000000000000e+00
4.000000000000000000e+00 0.000000000000000000e+00
4.025000000000000355e+00 0.000000000000000000e+00
4.049999999999999822e+00 0.000000000000000000e+00
4.075000000000000178e+00 6.814890535820671350e-04
4.100000000000000533e+00 0.000000000000000000e+00
4.125000000000000000e+00 0.000000000000000000e+00
4.150000000000000355e+00 0.000000000000000000e+00
4.174999999999999822e+00 0.000000000000000000e+00
4.200000000000000178e+00 0.000000000000000000e+00
4.225000000000000533e+00 0.000000000000000000e+00
4.250000000000000000e+00 0.000000000000000000e+00
4.275000000000000355e+00 0.000000000000000000e+00
4.299999999999999822e+00 0.000000000000000000e+00
4.325000000000000178e+00 0.000000000000000000e+00
4.350000000000000533e+00 0.000000000000000000e+00
4.375000000000000000e+00 0.000000000000000000e+00
4.400000000000000355e+00 0.000000000000000000e+00
4.424999999999999822e+00 0.000000000000000000e+00
4.450000000000000178e+00 0.000000000000000000e+00
4.475000000000000533e+00 0.000000000000000000e+00
4.500000000000000000e+00 0.000000000000000000e+00
4.525000000000000355e+00 6.814890535820913127e-04
4.549999999999999822e+00 0.000000000000000000e+00
4.575000000000000178e+00 0.000000000000000000e+00
4.600000000000000533e+00 0.000000000000000000e+00
4.625000000000000000e+00 0.000000000000000000e+00
4.650000000000000355e+00 0.000000000000000000e+00
4.674999999999999822e+00 0.000000000000000000e+00
4.700000000000000178e+00 0.000000000000000000e+00
4.725000000000000533e+00 0.000000000000000000e+00
4.750000000000000000e+00 0.000000000000000000e+00
4.775000000000000355e+00 0.000000000000000000e+00
4.800000000000000711e+00 0.000000000000000000e+00
4.825000000000000178e+00 0.000000000000000000e+00
4.850000000000000533e+00 0.000000000000000000e+00
4.875000000000000000e+00 0.000000000000000000e+00
4.900000000000000355e+00 0.000000000000000000e+00
4.925000000000000711e+00 0.000000000000000000e+00
4.950000000000000178e+00 0.000000000000000000e+00
4.975000000000000533e+00 0.000000000000000000e+00
