0.000000000000000000e+00 2.725956214328307137e-03
2.500000000000000139e-02 1.499275917880569034e-02
5.000000000000000278e-02 7.087486157253596042e-02
7.500000000000001110e-02 4.838572280432746481e-02
1.000000000000000056e-01 4.974870091149161816e-02
1.250000000000000000e-01 1.376607888235794053e-01
1.500000000000000222e-01 1.219865405911917805e-01
1.750000000000000167e-01 2.323877672714882714e-01
2.000000000000000111e-01 2.187579861998467379e-01
2.250000000000000056e-01 2.916773149331289283e-01
2.500000000000000000e-01 3.128034755941730416e-01
2.750000000000000222e-01 2.978107164153673270e-01
3.000000000000000444e-01 3.434704830053671443e-01
3.250000000000000111e-01 3.482409063804409732e-01
3.500000000000000333e-01 3.775449356844710613e-01
3.750000000000000000e-01 3.673225998807391202e-01
4.000000000000000222e-01 8.716244995314755828e-01
4.250000000000000444e-01 1.062441434534459050e+00
4.500000000000000111e-01 1.289377289377288127e+00
4.750000000000000333e-01 1.775960473634894621e+00
5.000000000000000000e-01 1.801857057671009565e+00
5.250000000000000222e-01 1.958599539994887007e+00
5.500000000000000444e-01 1.730300707044891695e+00
5.750000000000000666e-01 2.372263395519207396e+00
6.000000000000000888e-01 2.522872476360857430e+00
6.250000000000000000e-01 2.088763949229063943e+00
6.500000000000000222e-01 1.968821875798618226e+00
6.750000000000000444e-01 2.061504387085780543e+00
7.000000000000000666e-01 1.813442371581905022e+00
7.250000000000000888e-01 1.880228298832956613e+00
7.500000000000000000e-01 1.437260414004598807e+00
7.750000000000000222e-01 1.469971888576538488e+00
8.000000000000000444e-01 1.171479683107589098e+00
8.250000000000000666e-01 1.099923332481471006e+00
8.500000000000000888e-01 1.146946077178639278e+00
8.750000000000000000e-01 8.552687622455057426e-01
9.000000000000000222e-01 4.872646733111845041e-01
9.250000000000000444e-01 5.942584547235705283e-01
9.500000000000000666e-01 4.266121475423797493e-01
9.750000000000000888e-01 3.823153590595464446e-01
1.000000000000000000e+00 2.984922054689480575e-01
1.025000000000000133e+00 2.678251980577571745e-01
1.050000000000000044e+00 2.528324388789514043e-01
1.074999999999999956e+00 2.051282051282040386e-01
1.100000000000000089e+00 2.003577817531312921e-01
1.125000000000000000e+00 1.976318255388012368e-01
1.150000000000000133e+00 1.710537524491018979e-01
1.175000000000000044e+00 1.362978107164146413e-01
1.200000000000000178e+00 1.247124968055205174e-01
1.225000000000000089e+00 1.410682340914904132e-01
1.250000000000000000e+00 7.087486157253561347e-02
1.275000000000000133e+00 7.087486157253623797e-02
1.300000000000000044e+00 5.451912428656586346e-02
1.325000000000000178e+00 5.724508050089465588e-02
1.350000000000000089e+00 3.680040889343227928e-02
1.375000000000000000e+00 1.976318255388012299e-02
1.400000000000000133e+00 3.134849646477564505e-02
1.425000000000000044e+00 1.362978107164146586e-02
1.450000000000000178e+00 7.496379589402872058e-03
1.475000000000000089e+00 1.022233580373119004e-02
1.500000000000000000e+00 4.088934321492439239e-03
1.525000000000000133e+00 1.362978107164158556e-03
1.550000000000000044e+00 4.088934321492439239e-03
1.575000000000000178e+00 2.725956214328317112e-03
1.600000000000000089e+00 2.725956214328317112e-03
1.625000000000000000e+00 3.407445267910366466e-03
1.650000000000000133e+00 2.725956214328317112e-03
1.675000000000000044e+00 2.725956214328292826e-03
1.700000000000000178e+00 2.044467160746237834e-03
1.725000000000000089e+00 3.407445267910396390e-03
1.750000000000000000e+00 2.725956214328292826e-03
1.775000000000000133e+00 1.362978107164158556e-03
1.800000000000000044e+00 0.000000000000000000e+00
1.825000000000000178e+00 2.044467160746237834e-03
1.850000000000000089e+00 2.725956214328317112e-03
1.875000000000000000e+00 2.725956214328292826e-03
1.900000000000000133e+00 2.725956214328317112e-03
1.925000000000000044e+00 4.770423375074512445e-03
1.950000000000000178e+00 6.133401482238713502e-03
1.975000000000000089e+00 1.362978107164158556e-03
2.000000000000000000e+00 2.044467160746237834e-03
2.024999999999999911e+00 4.770423375074469945e-03
2.050000000000000266e+00 2.725956214328317112e-03
2.075000000000000178e+00 2.725956214328317112e-03
2.100000000000000089e+00 6.814890535820792780e-04
2.125000000000000000e+00 2.044467160746237834e-03
2.149999999999999911e+00 3.407445267910335675e-03
2.175000000000000266e+00 3.407445267910396390e-03
2.200000000000000178e+00 2.725956214328317112e-03
2.225000000000000089e+00 6.814890535820792780e-04
2.250000000000000000e+00 5.451912428656634224e-03
2.274999999999999911e+00 6.814890535820671350e-04
2.300000000000000266e+00 2.725956214328317112e-03
2.325000000000000178e+00 2.044467160746237834e-03
2.350000000000000089e+00 6.814890535820792780e-04
2.375000000000000000e+00 0.000000000000000000e+00
2.400000000000000355e+00 6.814890535820792780e-04
2.425000000000000266e+00 0.000000000000000000e+00
2.450000000000000178e+00 6.814890535820792780e-04
2.475000000000000089e+00 3.407445267910396390e-03
2.500000000000000000e+00 2.044467160746201405e-03
2.525000000000000355e+00 3.407445267910396390e-03
2.550000000000000266e+00 0.000000000000000000e+00
2.575000000000000178e+00 2.725956214328317112e-03
2.600000000000000089e+00 2.044467160746237834e-03
2.625000000000000000e+00 0.000000000000000000e+00
2.650000000000000355e+00 3.407445267910396390e-03
2.675000000000000266e+00 1.362978107164158556e-03
2.700000000000000178e+00 6.814890535820792780e-04
2.725000000000000089e+00 6.814890535820792780e-04
2.750000000000000000e+00 6.814890535820671350e-04
2.775000000000000355e+00 0.000000000000000000e+00
2.800000000000000266e+00 6.814890535820792780e-04
2.825000000000000178e+00 1.362978107164158556e-03
2.850000000000000089e+00 1.362978107164158556e-03
2.875000000000000000e+00 0.000000000000000000e+00
2.900000000000000355e+00 1.362978107164158556e-03
2.925000000000000266e+00 6.814890535820792780e-04
2.950000000000000178e+00 1.362978107164158556e-03
2.975000000000000089e+00 0.000000000000000000e+00
3.000000000000000000e+00 0.000000000000000000e+00
3.025000000000000355e+00 0.000000000000000000e+00
3.050000000000000266e+00 6.814890535820792780e-04
3.075000000000000178e+00 6.814890535820792780e-04
3.100000000000000089e+00 0.000000000000000000e+00
3.125000000000000000e+00 6.814890535820671350e-04
3.150000000000000355e+00 6.814890535820792780e-04
3.175000000000000266e+00 6.814890535820792780e-04
3.200000000000000178e+00 0.000000000000000000e+00
3.225000000000000089e+00 0.000000000000000000e+00
3.250000000000000000e+00 0.000000000000000000e+00
3.275000000000000355e+00 0.000000000000000000e+00
3.300000000000000266e+00 0.000000000000000000e+00
3.325000000000000178e+00 0.000000000000000000e+00
3.350000000000000089e+00 0.000000000000000000e+00
3.375000000000000000e+00 0.000000000000000000e+00
3.400000000000000355e+00 0.000000000000000000e+00
3.425000000000000266e+00 0.000000000000000000e+00
3.450000000000000178e+00 0.000000000000000000e+00
3.475000000000000089e+00 0.000000000000000000e+00
3.500000000000000000e+00 0.000000000000000000e+00
3.525000000000000355e+00 0.000000000000000000e+00
3.550000000000000266e+00 0.000000000000000000e+00
3.575000000000000178e+00 0.000000000000000000e+00
3.600000000000000089e+00 0.000000000000000000e+00
3.625000000000000000e+00 0.000000000000000000e+00
3.650000000000000355e+00 0.000000000000000000e+00
3.675000000000000266e+00 0.000000000000000000e+00
3.700000000000000178e+00 0.000000000000000000e+00
3.725000000000000089e+00 0.000000000000000000e+00
3.750000000000000000e+00 0.000000000000000000e+00
3.775000000000000355e+00 0.000000000000000000e+00
3.800000000000000266e+00 0.000000000000000000e+00
3.825000000000000178e+00 0.000000000000000000e+00
3.850000000000000089e+00 0.000000000000000000e+00
3.875000000000000000e+00 0.000000000000000000e+00
3.900000000000000355e+00 6.814890535820792780e-04
3.925000000000000266e+00 0.000000000000000000e+00
3.950000000000000178e+00 0.000000000000000000e+00
3.975000000000000089e+00 0.000000000000000000e+00
4.000000000000000000e+00 0.000000000000000000e+00
4.025000000000000355e+00 0.000000000000000000e+00
4.049999999999999822e+00 0.000000000000000000e+00
4.075000000000000178e+00 0.000000000000000000e+00
4.100000000000000533e+00 0.000000000000000000e+00
4.125000000000000000e+00 0.000000000000000000e+00
4.150000000000000355e+00 0.000000000000000000e+00
4.174999999999999822e+00 0.000000000000000000e+00
4.200000000000000178e+00 0.000000000000000000e+00
4.225000000000000533e+00 0.000000000000000000e+00
4.250000000000000000e+00 0.000000000000000000e+00
4.275000000000000355e+00 0.000000000000000000e+00
4.299999999999999822e+00 0.000000000000000000e+00
4.325000000000000178e+00 0.000000000000000000e+00
4.350000000000000533e+00 6.814890535820913127e-04
4.375000000000000000e+00 0.000000000000000000e+00
4.400000000000000355e+00 0.000000000000000000e+00
4.424999999999999822e+00 0.000000000000000000e+00
4.450000000000000178e+00 0.000000000000000000e+00
4.475000000000000533e+00 0.000000000000000000e+00
4.500000000000000000e+00 0.000000000000000000e+00
4.525000000000000355e+00 0.000000000000000000e+00
4.549999999999999822e+00 0.000000000000000000e+00
4.575000000000000178e+00 0.000000000000000000e+00
4.600000000000000533e+00 0.000000000000000000e+00
4.625000000000000000e+00 0.000000000000000000e+00
4.650000000000000355e+00 0.000000000000000000e+00
4.674999999999999822e+00 0.000000000000000000e+00
4.700000000000000178e+00 0.000000000000000000e+00
4.725000000000000533e+00 0.000000000000000000e+00
4.750000000000000000e+00 0.000000000000000000e+00
4.775000000000000355e+00 0.000000000000000000e+00
4.800000000000000711e+00 0.000000000000000000e+00
4.825000000000000178e+00 0.000000000000000000e+00
4.850000000000000533e+00 0.000000000000000000e+00
4.875000000000000000e+00 0.000000000000000000e+00
4.900000000000000355e+00 0.000000000000000000e+00
4.925000000000000711e+00 0.000000000000000000e+00
4.950000000000000178e+00 0.000000000000000000e+00
4.975000000000000533e+00 0.000000000000000000e+00
