0.000000000000000000e+00 2.725956214328307137e-03
2.500000000000000139e-02 1.431127012522361366e-02
5.000000000000000278e-02 4.361529942925290032e-02
7.500000000000001110e-02 6.746741630462561867e-02
1.000000000000000056e-01 4.838572280432746481e-02
1.250000000000000000e-01 7.973421926910291557e-02
1.500000000000000222e-01 1.192605843768634738e-01
1.750000000000000167e-01 1.253939858591021639e-01
2.000000000000000111e-01 2.773660448079053320e-01
2.250000000000000056e-01 2.139875628247721873e-01
2.500000000000000000e-01 2.439730811823832834e-01
2.750000000000000222e-01 2.971292273617852642e-01
3.000000000000000444e-01 2.787290229150697907e-01
3.250000000000000111e-01 3.202998551835757879e-01
3.500000000000000333e-01 3.352926143623822242e-01
3.750000000000000000e-01 3.284777238265607080e-01
4.000000000000000222e-01 3.271147457193965824e-01
4.250000000000000444e-01 6.358292869920785240e-01
4.500000000000000111e-01 9.063804412641613961e-01
4.750000000000000333e-01 1.101967799642219692e+00
5.000000000000000000e-01 1.297555158020273103e+00
5.250000000000000222e-01 1.867961495868470934e+00
5.500000000000000444e-01 1.662833290740266090e+00
5.750000000000000666e-01 1.703041144901608517e+00
6.000000000000000888e-01 1.705085612062362088e+00
6.250000000000000000e-01 2.222335803731150694e+00
6.500000000000000222e-01 2.352500212965327187e+00
6.750000000000000444e-01 1.978362722548767216e+00
7.000000000000000666e-01 1.842746400885933999e+00
7.250000000000000888e-01 1.934747423119523191e+00
7.500000000000000000e-01 1.585825027685491273e+00
7.750000000000000222e-01 1.874094897350709665e+00
8.000000000000000444e-01 1.490416560184000705e+00
8.250000000000000666e-01 1.288014311270123891e+00
8.500000000000000888e-01 1.256665814805354220e+00
8.750000000000000000e-01 9.970184853905775801e-01
9.000000000000000222e-01 1.097197376267142754e+00
9.250000000000000444e-01 1.016100178890875672e+00
9.500000000000000666e-01 7.373711559758064915e-01
9.750000000000000888e-01 4.354715052389486751e-01
1.000000000000000000e+00 5.431467757049123213e-01
1.025000000000000133e+00 4.157083226850683544e-01
1.050000000000000044e+00 3.550557969162632665e-01
1.074999999999999956e+00 3.018996507368584270e-01
1.100000000000000089e+00 2.426101030752202126e-01
1.125000000000000000e+00 2.501064826646208772e-01
1.150000000000000133e+00 2.255728767356682263e-01
1.175000000000000044e+00 1.431127012522353525e-01
1.200000000000000178e+00 2.187579861998474318e-01
1.225000000000000089e+00 1.683277962347735635e-01
1.250000000000000000e+00 1.431127012522353525e-01
1.275000000000000133e+00 1.240310077519384130e-01
1.300000000000000044e+00 1.219865405911911005e-01
1.325000000000000178e+00 1.328903654485054375e-01
1.350000000000000089e+00 6.405997103671544346e-02
1.375000000000000000e+00 6.951188346537146012e-02
1.400000000000000133e+00 5.520061334014841892e-02
1.425000000000000044e+00 4.361529942925268521e-02
1.450000000000000178e+00 4.770423375074554773e-02
1.475000000000000089e+00 2.180764971462653690e-02
1.500000000000000000e+00 2.794105119686500147e-02
1.525000000000000133e+00 1.908169350029821978e-02
1.550000000000000044e+00 1.226680296447731772e-02
1.575000000000000178e+00 7.496379589402872058e-03
1.600000000000000089e+00 7.496379589402872058e-03
1.625000000000000000e+00 2.725956214328292826e-03
1.650000000000000133e+00 1.362978107164158556e-03
1.675000000000000044e+00 3.407445267910366466e-03
1.700000000000000178e+00 2.725956214328317112e-03
1.725000000000000089e+00 3.407445267910396390e-03
1.750000000000000000e+00 2.725956214328292826e-03
1.775000000000000133e+00 2.725956214328317112e-03
1.800000000000000044e+00 1.362978107164146413e-03
1.825000000000000178e+00 3.407445267910396390e-03
1.850000000000000089e+00 2.044467160746237834e-03
1.875000000000000000e+00 2.044467160746219619e-03
1.900000000000000133e+00 2.725956214328317112e-03
1.925000000000000044e+00 1.362978107164146413e-03
1.950000000000000178e+00 0.000000000000000000e+00
1.975000000000000089e+00 2.044467160746237834e-03
2.000000000000000000e+00 2.725956214328317112e-03
2.024999999999999911e+00 2.725956214328268540e-03
2.050000000000000266e+00 2.725956214328317112e-03
2.075000000000000178e+00 4.088934321492475668e-03
2.100000000000000089e+00 6.814890535820792780e-03
2.125000000000000000e+00 6.814890535820792780e-04
2.149999999999999911e+00 1.362978107164134270e-03
2.175000000000000266e+00 1.362978107164158556e-03
2.200000000000000178e+00 6.814890535820792780e-03
2.225000000000000089e+00 1.362978107164158556e-03
2.250000000000000000e+00 2.044467160746237834e-03
2.274999999999999911e+00 1.362978107164134270e-03
2.300000000000000266e+00 1.362978107164158556e-03
2.325000000000000178e+00 2.725956214328317112e-03
2.350000000000000089e+00 3.407445267910396390e-03
2.375000000000000000e+00 3.407445267910335675e-03
2.400000000000000355e+00 6.814890535820792780e-04
2.425000000000000266e+00 4.088934321492475668e-03
2.450000000000000178e+00 2.044467160746237834e-03
2.475000000000000089e+00 0.000000000000000000e+00
2.500000000000000000e+00 3.407445267910335675e-03
2.525000000000000355e+00 1.362978107164158556e-03
2.550000000000000266e+00 6.814890535820792780e-04
2.575000000000000178e+00 0.000000000000000000e+00
2.600000000000000089e+00 6.814890535820792780e-04
2.625000000000000000e+00 0.000000000000000000e+00
2.650000000000000355e+00 6.814890535820792780e-04
2.675000000000000266e+00 2.044467160746237834e-03
2.700000000000000178e+00 3.407445267910396390e-03
2.725000000000000089e+00 2.725956214328317112e-03
2.750000000000000000e+00 6.814890535820671350e-04
2.775000000000000355e+00 2.044467160746237834e-03
2.800000000000000266e+00 2.725956214328317112e-03
2.825000000000000178e+00 0.000000000000000000e+00
2.850000000000000089e+00 1.362978107164158556e-03
2.875000000000000000e+00 2.725956214328268540e-03
2.900000000000000355e+00 1.362978107164158556e-03
2.925000000000000266e+00 0.000000000000000000e+00
2.950000000000000178e+00 6.814890535820792780e-04
2.975000000000000089e+00 6.814890535820792780e-04
3.000000000000000000e+00 0.000000000000000000e+00
3.025000000000000355e+00 0.000000000000000000e+00
3.050000000000000266e+00 2.044467160746237834e-03
3.075000000000000178e+00 1.362978107164158556e-03
3.100000000000000089e+00 0.000000000000000000e+00
3.125000000000000000e+00 1.362978107164134270e-03
3.150000000000000355e+00 0.000000000000000000e+00
3.175000000000000266e+00 6.814890535820792780e-04
3.200000000000000178e+00 1.362978107164158556e-03
3.225000000000000089e+00 0.000000000000000000e+00
3.250000000000000000e+00 0.000000000000000000e+00
3.275000000000000355e+00 0.000000000000000000e+00
3.300000000000000266e+00 6.814890535820792780e-04
3.325000000000000178e+00 6.814890535820792780e-04
3.350000000000000089e+00 0.000000000000000000e+00
3.375000000000000000e+00 6.814890535820671350e-04
3.400000000000000355e+00 0.000000000000000000e+00
3.425000000000000266e+00 6.814890535820792780e-04
3.450000000000000178e+00 6.814890535820792780e-04
3.475000000000000089e+00 0.000000000000000000e+00
3.500000000000000000e+00 0.000000000000000000e+00
3.525000000000000355e+00 0.000000000000000000e+00
3.550000000000000266e+00 0.000000000000000000e+00
3.575000000000000178e+00 0.000000000000000000e+00
3.600000000000000089e+00 0.000000000000000000e+00
3.625000000000000000e+00 0.000000000000000000e+00
3.650000000000000355e+00 0.000000000000000000e+00
3.675000000000000266e+00 0.000000000000000000e+00
3.700000000000000178e+00 0.000000000000000000e+00
3.725000000000000089e+00 0.000000000000000000e+00
3.750000000000000000e+00 0.000000000000000000e+00
3.775000000000000355e+00 0.000000000000000000e+00
3.800000000000000266e+00 0.000000000000000000e+00
3.825000000000000178e+00 0.000000000000000000e+00
3.850000000000000089e+00 0.000000000000000000e+00
3.875000000000000000e+00 0.000000000000000000e+00
3.900000000000000355e+00 0.000000000000000000e+00
3.925000000000000266e+00 0.000000000000000000e+00
3.950000000000000178e+00 0.000000000000000000e+00
3.975000000000000089e+00 0.000000000000000000e+00
4.000000000000000000e+00 0.000000000000000000e+00
4.025000000000000355e+00 0.000000000000000000e+00
4.049999999999999822e+00 0.000000000000000000e+00
4.075000000000000178e+00 0.000000000000000000e+00
4.100000000000000533e+00 0.000000000000000000e+00
4.125000000000000000e+00 0.000000000000000000e+00
4.150000000000000355e+00 0.000000000000000000e+00
4.174999999999999822e+00 0.000000000000000000e+00
4.200000000000000178e+00 0.000000000000000000e+00
4.225000000000000533e+00 6.814890535820913127e-04
4.250000000000000000e+00 0.000000000000000000e+00
4.275000000000000355e+00 0.000000000000000000e+00
4.299999999999999822e+00 0.000000000000000000e+00
4.325000000000000178e+00 0.000000000000000000e+00
4.350000000000000533e+00 0.000000000000000000e+00
4.375000000000000000e+00 0.000000000000000000e+00
4.400000000000000355e+00 0.000000000000000000e+00
4.424999999999999822e+00 0.000000000000000000e+00
4.450000000000000178e+00 0.000000000000000000e+00
4.475000000000000533e+00 0.000000000000000000e+00
4.500000000000000000e+00 0.000000000000000000e+00
4.525000000000000355e+00 0.000000000000000000e+00
4.549999999999999822e+00 0.000000000000000000e+00
4.575000000000000178e+00 0.000000000000000000e+00
4.600000000000000533e+00 0.000000000000000000e+00
4.625000000000000000e+00 0.000000000000000000e+00
4.650000000000000355e+00 0.000000000000000000e+00
4.674999999999999822e+00 0.000000000000000000e+00
4.700000000000000178e+00 6.814890535820671350e-04
4.725000000000000533e+00 0.000000000000000000e+00
4.750000000000000000e+00 0.000000000000000000e+00
4.775000000000000355e+00 0.000000000000000000e+00
4.800000000000000711e+00 0.000000000000000000e+00
4.825000000000000178e+00 0.000000000000000000e+00
4.850000000000000533e+00 0.000000000000000000e+00
4.875000000000000000e+00 0.000000000000000000e+00
4.900000000000000355e+00 0.000000000000000000e+00
4.925000000000000711e+00 0.000000000000000000e+00
4.950000000000000178e+00 0.000000000000000000e+00
4.975000000000000533e+00 0.000000000000000000e+00
