# Please cite the following papers in research using this covariance:
# arXiv: 1601.05779, https://arxiv.org/abs/1601.05779
# arXiv: 1911.11947, https://arxiv.org/abs/1911.11947
# arXiv: 2004.04833, https://arxiv.org/abs/2004.04833
########################################################
0 0 3.369410e-04 3.369410e-04 0 0 0 0 3.281645e-11 1.761957e-12
0 1 3.369410e-04 4.391424e-04 0 0 0 0 3.538762e-13 1.553447e-12
0 2 3.369410e-04 5.723437e-04 0 0 0 0 3.099223e-13 1.349570e-12
0 3 3.369410e-04 7.459478e-04 0 0 0 0 2.690688e-13 1.151711e-12
0 4 3.369410e-04 9.722096e-04 0 0 0 0 2.331427e-13 9.650408e-13
0 5 3.369410e-04 1.267102e-03 0 0 0 0 2.026677e-13 7.940571e-13
0 6 3.369410e-04 1.651440e-03 0 0 0 0 1.775162e-13 6.420394e-13
0 7 3.369410e-04 2.152358e-03 0 0 0 0 1.571192e-13 5.119087e-13
0 8 3.369410e-04 2.805213e-03 0 0 0 0 1.406524e-13 4.037860e-13
0 9 3.369410e-04 3.656095e-03 0 0 0 0 1.272119e-13 3.170254e-13
0 10 3.369410e-04 4.765066e-03 0 0 0 0 1.159293e-13 2.494342e-13
0 11 3.369410e-04 6.210412e-03 0 0 0 0 1.060432e-13 1.969438e-13
0 12 3.369410e-04 8.094162e-03 0 0 0 0 9.693281e-14 1.574294e-13
0 13 3.369410e-04 1.054929e-02 0 0 0 0 8.812147e-14 1.256481e-13
0 14 3.369410e-04 1.374912e-02 0 0 0 0 7.926858e-14 1.012939e-13
0 15 3.369410e-04 1.791952e-02 0 0 0 0 7.016182e-14 8.032641e-14
0 16 3.369410e-04 2.335489e-02 0 0 0 0 6.071862e-14 6.334051e-14
0 17 3.369410e-04 3.043893e-02 0 0 0 0 5.100026e-14 4.854652e-14
0 18 3.369410e-04 3.967171e-02 0 0 0 0 4.122830e-14 3.619278e-14
0 19 3.369410e-04 5.170498e-02 0 0 0 0 3.177799e-14 2.604509e-14
1 0 4.391424e-04 3.369410e-04 0 0 0 0 3.538762e-13 1.553447e-12
1 1 4.391424e-04 4.391424e-04 0 0 0 0 1.943747e-11 1.372157e-12
1 2 4.391424e-04 5.723437e-04 0 0 0 0 3.129958e-13 1.194456e-12
1 3 4.391424e-04 7.459478e-04 0 0 0 0 2.716244e-13 1.021493e-12
1 4 4.391424e-04 9.722096e-04 0 0 0 0 2.347912e-13 8.577450e-13
1 5 4.391424e-04 1.267102e-03 0 0 0 0 2.036158e-13 7.071679e-13
1 6 4.391424e-04 1.651440e-03 0 0 0 0 1.780178e-13 5.727551e-13
1 7 4.391424e-04 2.152358e-03 0 0 0 0 1.573645e-13 4.571868e-13
1 8 4.391424e-04 2.805213e-03 0 0 0 0 1.407644e-13 3.607701e-13
1 9 4.391424e-04 3.656095e-03 0 0 0 0 1.272597e-13 2.831297e-13
1 10 4.391424e-04 4.765066e-03 0 0 0 0 1.159478e-13 2.224798e-13
1 11 4.391424e-04 6.210412e-03 0 0 0 0 1.060498e-13 1.753732e-13
1 12 4.391424e-04 8.094162e-03 0 0 0 0 9.693480e-14 1.399200e-13
1 13 4.391424e-04 1.054929e-02 0 0 0 0 8.812199e-14 1.115211e-13
1 14 4.391424e-04 1.374912e-02 0 0 0 0 7.926886e-14 8.983433e-14
1 15 4.391424e-04 1.791952e-02 0 0 0 0 7.016218e-14 7.123352e-14
1 16 4.391424e-04 2.335489e-02 0 0 0 0 6.071914e-14 5.622543e-14
1 17 4.391424e-04 3.043893e-02 0 0 0 0 5.100092e-14 4.315421e-14
1 18 4.391424e-04 3.967171e-02 0 0 0 0 4.122907e-14 3.225420e-14
1 19 4.391424e-04 5.170498e-02 0 0 0 0 3.177876e-14 2.327937e-14
2 0 5.723437e-04 3.369410e-04 0 0 0 0 3.099223e-13 1.349570e-12
2 1 5.723437e-04 4.391424e-04 0 0 0 0 3.129958e-13 1.194456e-12
2 2 5.723437e-04 5.723437e-04 0 0 0 0 1.154703e-11 1.042051e-12
2 3 5.723437e-04 7.459478e-04 0 0 0 0 2.757830e-13 8.932628e-13
2 4 5.723437e-04 9.722096e-04 0 0 0 0 2.376776e-13 7.518788e-13
2 5 5.723437e-04 1.267102e-03 0 0 0 0 2.052884e-13 6.213091e-13
2 6 5.723437e-04 1.651440e-03 0 0 0 0 1.788996e-13 5.042293e-13
2 7 5.723437e-04 2.152358e-03 0 0 0 0 1.577967e-13 4.030615e-13
2 8 5.723437e-04 2.805213e-03 0 0 0 0 1.409639e-13 3.182702e-13
2 9 5.723437e-04 3.656095e-03 0 0 0 0 1.273475e-13 2.497111e-13
2 10 5.723437e-04 4.765066e-03 0 0 0 0 1.159858e-13 1.959766e-13
2 11 5.723437e-04 6.210412e-03 0 0 0 0 1.060670e-13 1.542178e-13
2 12 5.723437e-04 8.094162e-03 0 0 0 0 9.694436e-14 1.227822e-13
2 13 5.723437e-04 1.054929e-02 0 0 0 0 8.812900e-14 9.770702e-14
2 14 5.723437e-04 1.374912e-02 0 0 0 0 7.927537e-14 7.862582e-14
2 15 5.723437e-04 1.791952e-02 0 0 0 0 7.016881e-14 6.233196e-14
2 16 5.723437e-04 2.335489e-02 0 0 0 0 6.072594e-14 4.924465e-14
2 17 5.723437e-04 3.043893e-02 0 0 0 0 5.100781e-14 3.785092e-14
2 18 5.723437e-04 3.967171e-02 0 0 0 0 4.123590e-14 2.836677e-14
2 19 5.723437e-04 5.170498e-02 0 0 0 0 3.178537e-14 2.053826e-14
3 0 7.459478e-04 3.369410e-04 0 0 0 0 2.690688e-13 1.151711e-12
3 1 7.459478e-04 4.391424e-04 0 0 0 0 2.716244e-13 1.021493e-12
3 2 7.459478e-04 5.723437e-04 0 0 0 0 2.757830e-13 8.932628e-13
3 3 7.459478e-04 7.459478e-04 0 0 0 0 6.889539e-12 7.677186e-13
3 4 7.459478e-04 9.722096e-04 0 0 0 0 2.426436e-13 6.479879e-13
3 5 7.459478e-04 1.267102e-03 0 0 0 0 2.082785e-13 5.369110e-13
3 6 7.459478e-04 1.651440e-03 0 0 0 0 1.804607e-13 4.367881e-13
3 7 7.459478e-04 2.152358e-03 0 0 0 0 1.585480e-13 3.497757e-13
3 8 7.459478e-04 2.805213e-03 0 0 0 0 1.413017e-13 2.764707e-13
3 9 7.459478e-04 3.656095e-03 0 0 0 0 1.274894e-13 2.169115e-13
3 10 7.459478e-04 4.765066e-03 0 0 0 0 1.160410e-13 1.700402e-13
3 11 7.459478e-04 6.210412e-03 0 0 0 0 1.060866e-13 1.335763e-13
3 12 7.459478e-04 8.094162e-03 0 0 0 0 9.695069e-14 1.061023e-13
3 13 7.459478e-04 1.054929e-02 0 0 0 0 8.813110e-14 8.428018e-14
3 14 7.459478e-04 1.374912e-02 0 0 0 0 7.927657e-14 6.773097e-14
3 15 7.459478e-04 1.791952e-02 0 0 0 0 7.017030e-14 5.367144e-14
3 16 7.459478e-04 2.335489e-02 0 0 0 0 6.072788e-14 4.243619e-14
3 17 7.459478e-04 3.043893e-02 0 0 0 0 5.101014e-14 3.266448e-14
3 18 7.459478e-04 3.967171e-02 0 0 0 0 4.123851e-14 2.454918e-14
3 19 7.459478e-04 5.170498e-02 0 0 0 0 3.178814e-14 1.783330e-14
4 0 9.722096e-04 3.369410e-04 0 0 0 0 2.331427e-13 9.650408e-13
4 1 9.722096e-04 4.391424e-04 0 0 0 0 2.347912e-13 8.577450e-13
4 2 9.722096e-04 5.723437e-04 0 0 0 0 2.376776e-13 7.518788e-13
4 3 9.722096e-04 7.459478e-04 0 0 0 0 2.426436e-13 6.479879e-13
4 4 9.722096e-04 9.722096e-04 0 0 0 0 4.137066e-12 5.486070e-13
4 5 9.722096e-04 1.267102e-03 0 0 0 0 2.137207e-13 4.559983e-13
4 6 9.722096e-04 1.651440e-03 0 0 0 0 1.833333e-13 3.720351e-13
4 7 9.722096e-04 2.152358e-03 0 0 0 0 1.599031e-13 2.985952e-13
4 8 9.722096e-04 2.805213e-03 0 0 0 0 1.418974e-13 2.363579e-13
4 9 9.722096e-04 3.656095e-03 0 0 0 0 1.277334e-13 1.854947e-13
4 10 9.722096e-04 4.765066e-03 0 0 0 0 1.161321e-13 1.452750e-13
4 11 9.722096e-04 6.210412e-03 0 0 0 0 1.061156e-13 1.139350e-13
4 12 9.722096e-04 8.094162e-03 0 0 0 0 9.695657e-14 9.027881e-14
4 13 9.722096e-04 1.054929e-02 0 0 0 0 8.812978e-14 7.156730e-14
4 14 9.722096e-04 1.374912e-02 0 0 0 0 7.927373e-14 5.741852e-14
4 15 9.722096e-04 1.791952e-02 0 0 0 0 7.016787e-14 4.546661e-14
4 16 9.722096e-04 2.335489e-02 0 0 0 0 6.072622e-14 3.596884e-14
4 17 9.722096e-04 3.043893e-02 0 0 0 0 5.100910e-14 2.772304e-14
4 18 9.722096e-04 3.967171e-02 0 0 0 0 4.123786e-14 2.089459e-14
4 19 9.722096e-04 5.170498e-02 0 0 0 0 3.178763e-14 1.522931e-14
5 0 1.267102e-03 3.369410e-04 0 0 0 0 2.026677e-13 7.940571e-13
5 1 1.267102e-03 4.391424e-04 0 0 0 0 2.036158e-13 7.071679e-13
5 2 1.267102e-03 5.723437e-04 0 0 0 0 2.052884e-13 6.213091e-13
5 3 1.267102e-03 7.459478e-04 0 0 0 0 2.082785e-13 5.369110e-13
5 4 1.267102e-03 9.722096e-04 0 0 0 0 2.137207e-13 4.559983e-13
5 5 1.267102e-03 1.267102e-03 0 0 0 0 2.507709e-12 3.803277e-13
5 6 1.267102e-03 1.651440e-03 0 0 0 0 1.888795e-13 3.113616e-13
5 7 1.267102e-03 2.152358e-03 0 0 0 0 1.624778e-13 2.506414e-13
5 8 1.267102e-03 2.805213e-03 0 0 0 0 1.429957e-13 1.988086e-13
5 9 1.267102e-03 3.656095e-03 0 0 0 0 1.281735e-13 1.561350e-13
5 10 1.267102e-03 4.765066e-03 0 0 0 0 1.162948e-13 1.222139e-13
5 11 1.267102e-03 6.210412e-03 0 0 0 0 1.061679e-13 9.571703e-14
5 12 1.267102e-03 8.094162e-03 0 0 0 0 9.696845e-14 7.565536e-14
5 13 1.267102e-03 1.054929e-02 0 0 0 0 8.812889e-14 5.984961e-14
5 14 1.267102e-03 1.374912e-02 0 0 0 0 7.927034e-14 4.792014e-14
5 15 1.267102e-03 1.791952e-02 0 0 0 0 7.016508e-14 3.790412e-14
5 16 1.267102e-03 2.335489e-02 0 0 0 0 6.072479e-14 2.999095e-14
5 17 1.267102e-03 3.043893e-02 0 0 0 0 5.100874e-14 2.314018e-14
5 18 1.267102e-03 3.967171e-02 0 0 0 0 4.123813e-14 1.748662e-14
5 19 1.267102e-03 5.170498e-02 0 0 0 0 3.178815e-14 1.278551e-14
6 0 1.651440e-03 3.369410e-04 0 0 0 0 1.775162e-13 6.420394e-13
6 1 1.651440e-03 4.391424e-04 0 0 0 0 1.780178e-13 5.727551e-13
6 2 1.651440e-03 5.723437e-04 0 0 0 0 1.788996e-13 5.042293e-13
6 3 1.651440e-03 7.459478e-04 0 0 0 0 1.804607e-13 4.367881e-13
6 4 1.651440e-03 9.722096e-04 0 0 0 0 1.833333e-13 3.720351e-13
6 5 1.651440e-03 1.267102e-03 0 0 0 0 1.888795e-13 3.113616e-13
6 6 1.651440e-03 1.651440e-03 0 0 0 0 1.540920e-12 2.559057e-13
6 7 1.651440e-03 2.152358e-03 0 0 0 0 1.677696e-13 2.068061e-13
6 8 1.651440e-03 2.805213e-03 0 0 0 0 1.451498e-13 1.645152e-13
6 9 1.651440e-03 3.656095e-03 0 0 0 0 1.289999e-13 1.293736e-13
6 10 1.651440e-03 4.765066e-03 0 0 0 0 1.165916e-13 1.012764e-13
6 11 1.651440e-03 6.210412e-03 0 0 0 0 1.062620e-13 7.923876e-14
6 12 1.651440e-03 8.094162e-03 0 0 0 0 9.699007e-14 6.248078e-14
6 13 1.651440e-03 1.054929e-02 0 0 0 0 8.812807e-14 4.932794e-14
6 14 1.651440e-03 1.374912e-02 0 0 0 0 7.926497e-14 3.940202e-14
6 15 1.651440e-03 1.791952e-02 0 0 0 0 7.016074e-14 3.112157e-14
6 16 1.651440e-03 2.335489e-02 0 0 0 0 6.072266e-14 2.461601e-14
6 17 1.651440e-03 3.043893e-02 0 0 0 0 5.100849e-14 1.900552e-14
6 18 1.651440e-03 3.967171e-02 0 0 0 0 4.123899e-14 1.439427e-14
6 19 1.651440e-03 5.170498e-02 0 0 0 0 3.178940e-14 1.055339e-14
7 0 2.152358e-03 3.369410e-04 0 0 0 0 1.571192e-13 5.119087e-13
7 1 2.152358e-03 4.391424e-04 0 0 0 0 1.573645e-13 4.571868e-13
7 2 2.152358e-03 5.723437e-04 0 0 0 0 1.577967e-13 4.030615e-13
7 3 2.152358e-03 7.459478e-04 0 0 0 0 1.585480e-13 3.497757e-13
7 4 2.152358e-03 9.722096e-04 0 0 0 0 1.599031e-13 2.985952e-13
7 5 2.152358e-03 1.267102e-03 0 0 0 0 1.624778e-13 2.506414e-13
7 6 2.152358e-03 1.651440e-03 0 0 0 0 1.677696e-13 2.068061e-13
7 7 2.152358e-03 2.152358e-03 0 0 0 0 9.653161e-13 1.678727e-13
7 8 2.152358e-03 2.805213e-03 0 0 0 0 1.498957e-13 1.340742e-13
7 9 2.152358e-03 3.656095e-03 0 0 0 0 1.306798e-13 1.057225e-13
7 10 2.152358e-03 4.765066e-03 0 0 0 0 1.171620e-13 8.286617e-14
7 11 2.152358e-03 6.210412e-03 0 0 0 0 1.064372e-13 6.479525e-14
7 12 2.152358e-03 8.094162e-03 0 0 0 0 9.703017e-14 5.098641e-14
7 13 2.152358e-03 1.054929e-02 0 0 0 0 8.812721e-14 4.018274e-14
7 14 2.152358e-03 1.374912e-02 0 0 0 0 7.925577e-14 3.201113e-14
7 15 2.152358e-03 1.791952e-02 0 0 0 0 7.015329e-14 2.524217e-14
7 16 2.152358e-03 2.335489e-02 0 0 0 0 6.071885e-14 1.994636e-14
7 17 2.152358e-03 3.043893e-02 0 0 0 0 5.100788e-14 1.540014e-14
7 18 2.152358e-03 3.967171e-02 0 0 0 0 4.124027e-14 1.168053e-14
7 19 2.152358e-03 5.170498e-02 0 0 0 0 3.179134e-14 8.580760e-15
8 0 2.805213e-03 3.369410e-04 0 0 0 0 1.406524e-13 4.037860e-13
8 1 2.805213e-03 4.391424e-04 0 0 0 0 1.407644e-13 3.607701e-13
8 2 2.805213e-03 5.723437e-04 0 0 0 0 1.409639e-13 3.182702e-13
8 3 2.805213e-03 7.459478e-04 0 0 0 0 1.413017e-13 2.764707e-13
8 4 2.805213e-03 9.722096e-04 0 0 0 0 1.418974e-13 2.363579e-13
8 5 2.805213e-03 1.267102e-03 0 0 0 0 1.429957e-13 1.988086e-13
8 6 2.805213e-03 1.651440e-03 0 0 0 0 1.451498e-13 1.645152e-13
8 7 2.805213e-03 2.152358e-03 0 0 0 0 1.498957e-13 1.340742e-13
8 8 2.805213e-03 2.805213e-03 0 0 0 0 6.208748e-13 1.076200e-13
8 9 2.805213e-03 3.656095e-03 0 0 0 0 1.346865e-13 8.529903e-14
8 10 2.805213e-03 4.765066e-03 0 0 0 0 1.183743e-13 6.706243e-14
8 11 2.805213e-03 6.210412e-03 0 0 0 0 1.067870e-13 5.243358e-14
8 12 2.805213e-03 8.094162e-03 0 0 0 0 9.710943e-14 4.120210e-14
8 13 2.805213e-03 1.054929e-02 0 0 0 0 8.812805e-14 3.242252e-14
8 14 2.805213e-03 1.374912e-02 0 0 0 0 7.924062e-14 2.575217e-14
8 15 2.805213e-03 1.791952e-02 0 0 0 0 7.014059e-14 2.027521e-14
8 16 2.805213e-03 2.335489e-02 0 0 0 0 6.071249e-14 1.599595e-14
8 17 2.805213e-03 3.043893e-02 0 0 0 0 5.100682e-14 1.233988e-14
8 18 2.805213e-03 3.967171e-02 0 0 0 0 4.124248e-14 9.362887e-15
8 19 2.805213e-03 5.170498e-02 0 0 0 0 3.179467e-14 6.885118e-15
9 0 3.656095e-03 3.369410e-04 0 0 0 0 1.272119e-13 3.170254e-13
9 1 3.656095e-03 4.391424e-04 0 0 0 0 1.272597e-13 2.831297e-13
9 2 3.656095e-03 5.723437e-04 0 0 0 0 1.273475e-13 2.497111e-13
9 3 3.656095e-03 7.459478e-04 0 0 0 0 1.274894e-13 2.169115e-13
9 4 3.656095e-03 9.722096e-04 0 0 0 0 1.277334e-13 1.854947e-13
9 5 3.656095e-03 1.267102e-03 0 0 0 0 1.281735e-13 1.561350e-13
9 6 3.656095e-03 1.651440e-03 0 0 0 0 1.289999e-13 1.293736e-13
9 7 3.656095e-03 2.152358e-03 0 0 0 0 1.306798e-13 1.057225e-13
9 8 3.656095e-03 2.805213e-03 0 0 0 0 1.346865e-13 8.529903e-14
9 9 3.656095e-03 3.656095e-03 0 0 0 0 4.131554e-13 6.806644e-14
9 10 3.656095e-03 4.765066e-03 0 0 0 0 1.215522e-13 5.378867e-14
9 11 3.656095e-03 6.210412e-03 0 0 0 0 1.075795e-13 4.213248e-14
9 12 3.656095e-03 8.094162e-03 0 0 0 0 9.728208e-14 3.311451e-14
9 13 3.656095e-03 1.054929e-02 0 0 0 0 8.813677e-14 2.601949e-14
9 14 3.656095e-03 1.374912e-02 0 0 0 0 7.921612e-14 2.060216e-14
9 15 3.656095e-03 1.791952e-02 0 0 0 0 7.011926e-14 1.620123e-14
9 16 3.656095e-03 2.335489e-02 0 0 0 0 6.070160e-14 1.275387e-14
9 17 3.656095e-03 3.043893e-02 0 0 0 0 5.100502e-14 9.823119e-15
9 18 3.656095e-03 3.967171e-02 0 0 0 0 4.124621e-14 7.446912e-15
9 19 3.656095e-03 5.170498e-02 0 0 0 0 3.180034e-14 5.475039e-15
10 0 4.765066e-03 3.369410e-04 0 0 0 0 1.159293e-13 2.494342e-13
10 1 4.765066e-03 4.391424e-04 0 0 0 0 1.159478e-13 2.224798e-13
10 2 4.765066e-03 5.723437e-04 0 0 0 0 1.159858e-13 1.959766e-13
10 3 4.765066e-03 7.459478e-04 0 0 0 0 1.160410e-13 1.700402e-13
10 4 4.765066e-03 9.722096e-04 0 0 0 0 1.161321e-13 1.452750e-13
10 5 4.765066e-03 1.267102e-03 0 0 0 0 1.162948e-13 1.222139e-13
10 6 4.765066e-03 1.651440e-03 0 0 0 0 1.165916e-13 1.012764e-13
10 7 4.765066e-03 2.152358e-03 0 0 0 0 1.171620e-13 8.286617e-14
10 8 4.765066e-03 2.805213e-03 0 0 0 0 1.183743e-13 6.706243e-14
10 9 4.765066e-03 3.656095e-03 0 0 0 0 1.215522e-13 5.378867e-14
10 10 4.765066e-03 4.765066e-03 0 0 0 0 2.863564e-13 4.278572e-14
10 11 4.765066e-03 6.210412e-03 0 0 0 0 1.099310e-13 3.372618e-14
10 12 4.765066e-03 8.094162e-03 0 0 0 0 9.772536e-14 2.659393e-14
10 13 4.765066e-03 1.054929e-02 0 0 0 0 8.817700e-14 2.086317e-14
10 14 4.765066e-03 1.374912e-02 0 0 0 0 7.917867e-14 1.647385e-14
10 15 4.765066e-03 1.791952e-02 0 0 0 0 7.008345e-14 1.294178e-14
10 16 4.765066e-03 2.335489e-02 0 0 0 0 6.068306e-14 1.015877e-14
10 17 4.765066e-03 3.043893e-02 0 0 0 0 5.100189e-14 7.808944e-15
10 18 4.765066e-03 3.967171e-02 0 0 0 0 4.125245e-14 5.908326e-15
10 19 4.765066e-03 5.170498e-02 0 0 0 0 3.180996e-14 4.336672e-15
11 0 6.210412e-03 3.369410e-04 0 0 0 0 1.060432e-13 1.969438e-13
11 1 6.210412e-03 4.391424e-04 0 0 0 0 1.060498e-13 1.753732e-13
11 2 6.210412e-03 5.723437e-04 0 0 0 0 1.060670e-13 1.542178e-13
11 3 6.210412e-03 7.459478e-04 0 0 0 0 1.060866e-13 1.335763e-13
11 4 6.210412e-03 9.722096e-04 0 0 0 0 1.061156e-13 1.139350e-13
11 5 6.210412e-03 1.267102e-03 0 0 0 0 1.061679e-13 9.571703e-14
11 6 6.210412e-03 1.651440e-03 0 0 0 0 1.062620e-13 7.923876e-14
11 7 6.210412e-03 2.152358e-03 0 0 0 0 1.064372e-13 6.479525e-14
11 8 6.210412e-03 2.805213e-03 0 0 0 0 1.067870e-13 5.243358e-14
11 9 6.210412e-03 3.656095e-03 0 0 0 0 1.075795e-13 4.213248e-14
11 10 6.210412e-03 4.765066e-03 0 0 0 0 1.099310e-13 3.372618e-14
11 11 6.210412e-03 6.210412e-03 0 0 0 0 2.074584e-13 2.684528e-14
11 12 6.210412e-03 8.094162e-03 0 0 0 0 9.932135e-14 2.130522e-14
11 13 6.210412e-03 1.054929e-02 0 0 0 0 8.835033e-14 1.671452e-14
11 14 6.210412e-03 1.374912e-02 0 0 0 0 7.913012e-14 1.318371e-14
11 15 6.210412e-03 1.791952e-02 0 0 0 0 7.002431e-14 1.034334e-14
11 16 6.210412e-03 2.335489e-02 0 0 0 0 6.065136e-14 8.090983e-15
11 17 6.210412e-03 3.043893e-02 0 0 0 0 5.099626e-14 6.209217e-15
11 18 6.210412e-03 3.967171e-02 0 0 0 0 4.126295e-14 4.686482e-15
11 19 6.210412e-03 5.170498e-02 0 0 0 0 3.182617e-14 3.430744e-15
12 0 8.094162e-03 3.369410e-04 0 0 0 0 9.693281e-14 1.574294e-13
12 1 8.094162e-03 4.391424e-04 0 0 0 0 9.693480e-14 1.399200e-13
12 2 8.094162e-03 5.723437e-04 0 0 0 0 9.694436e-14 1.227822e-13
12 3 8.094162e-03 7.459478e-04 0 0 0 0 9.695069e-14 1.061023e-13
12 4 8.094162e-03 9.722096e-04 0 0 0 0 9.695657e-14 9.027881e-14
12 5 8.094162e-03 1.267102e-03 0 0 0 0 9.696845e-14 7.565536e-14
12 6 8.094162e-03 1.651440e-03 0 0 0 0 9.699007e-14 6.248078e-14
12 7 8.094162e-03 2.152358e-03 0 0 0 0 9.703017e-14 5.098641e-14
12 8 8.094162e-03 2.805213e-03 0 0 0 0 9.710943e-14 4.120210e-14
12 9 8.094162e-03 3.656095e-03 0 0 0 0 9.728208e-14 3.311451e-14
12 10 8.094162e-03 4.765066e-03 0 0 0 0 9.772536e-14 2.659393e-14
12 11 8.094162e-03 6.210412e-03 0 0 0 0 9.932135e-14 2.130522e-14
12 12 8.094162e-03 8.094162e-03 0 0 0 0 1.568908e-13 1.703937e-14
12 13 8.094162e-03 1.054929e-02 0 0 0 0 8.930605e-14 1.345278e-14
12 14 8.094162e-03 1.374912e-02 0 0 0 0 7.911408e-14 1.064595e-14
12 15 8.094162e-03 1.791952e-02 0 0 0 0 6.993067e-14 8.334301e-15
12 16 8.094162e-03 2.335489e-02 0 0 0 0 6.059719e-14 6.494572e-15
12 17 8.094162e-03 3.043893e-02 0 0 0 0 5.098596e-14 4.978339e-15
12 18 8.094162e-03 3.967171e-02 0 0 0 0 4.128031e-14 3.746632e-15
12 19 8.094162e-03 5.170498e-02 0 0 0 0 3.185353e-14 2.733352e-15
13 0 1.054929e-02 3.369410e-04 0 0 0 0 8.812147e-14 1.256481e-13
13 1 1.054929e-02 4.391424e-04 0 0 0 0 8.812199e-14 1.115211e-13
13 2 1.054929e-02 5.723437e-04 0 0 0 0 8.812900e-14 9.770702e-14
13 3 1.054929e-02 7.459478e-04 0 0 0 0 8.813110e-14 8.428018e-14
13 4 1.054929e-02 9.722096e-04 0 0 0 0 8.812978e-14 7.156730e-14
13 5 1.054929e-02 1.267102e-03 0 0 0 0 8.812889e-14 5.984961e-14
13 6 1.054929e-02 1.651440e-03 0 0 0 0 8.812807e-14 4.932794e-14
13 7 1.054929e-02 2.152358e-03 0 0 0 0 8.812721e-14 4.018274e-14
13 8 1.054929e-02 2.805213e-03 0 0 0 0 8.812805e-14 3.242252e-14
13 9 1.054929e-02 3.656095e-03 0 0 0 0 8.813677e-14 2.601949e-14
13 10 1.054929e-02 4.765066e-03 0 0 0 0 8.817700e-14 2.086317e-14
13 11 1.054929e-02 6.210412e-03 0 0 0 0 8.835033e-14 1.671452e-14
13 12 1.054929e-02 8.094162e-03 0 0 0 0 8.930605e-14 1.345278e-14
13 13 1.054929e-02 1.054929e-02 0 0 0 0 1.230408e-13 1.075107e-14
13 14 1.054929e-02 1.374912e-02 0 0 0 0 7.957017e-14 8.574884e-15
13 15 1.054929e-02 1.791952e-02 0 0 0 0 6.980668e-14 6.700959e-15
13 16 1.054929e-02 2.335489e-02 0 0 0 0 6.050527e-14 5.208118e-15
13 17 1.054929e-02 3.043893e-02 0 0 0 0 5.096631e-14 3.989495e-15
13 18 1.054929e-02 3.967171e-02 0 0 0 0 4.130849e-14 2.993883e-15
13 19 1.054929e-02 5.170498e-02 0 0 0 0 3.189937e-14 2.178119e-15
14 0 1.374912e-02 3.369410e-04 0 0 0 0 7.926858e-14 1.012939e-13
14 1 1.374912e-02 4.391424e-04 0 0 0 0 7.926886e-14 8.983433e-14
14 2 1.374912e-02 5.723437e-04 0 0 0 0 7.927537e-14 7.862582e-14
14 3 1.374912e-02 7.459478e-04 0 0 0 0 7.927657e-14 6.773097e-14
14 4 1.374912e-02 9.722096e-04 0 0 0 0 7.927373e-14 5.741852e-14
14 5 1.374912e-02 1.267102e-03 0 0 0 0 7.927034e-14 4.792014e-14
14 6 1.374912e-02 1.651440e-03 0 0 0 0 7.926497e-14 3.940202e-14
14 7 1.374912e-02 2.152358e-03 0 0 0 0 7.925577e-14 3.201113e-14
14 8 1.374912e-02 2.805213e-03 0 0 0 0 7.924062e-14 2.575217e-14
14 9 1.374912e-02 3.656095e-03 0 0 0 0 7.921612e-14 2.060216e-14
14 10 1.374912e-02 4.765066e-03 0 0 0 0 7.917867e-14 1.647385e-14
14 11 1.374912e-02 6.210412e-03 0 0 0 0 7.913012e-14 1.318371e-14
14 12 1.374912e-02 8.094162e-03 0 0 0 0 7.911408e-14 1.064595e-14
14 13 1.374912e-02 1.054929e-02 0 0 0 0 7.957017e-14 8.574884e-15
14 14 1.374912e-02 1.374912e-02 0 0 0 0 9.902741e-14 6.896309e-15
14 15 1.374912e-02 1.791952e-02 0 0 0 0 6.991911e-14 5.415025e-15
14 16 1.374912e-02 2.335489e-02 0 0 0 0 6.035878e-14 4.220486e-15
14 17 1.374912e-02 3.043893e-02 0 0 0 0 5.092721e-14 3.228797e-15
14 18 1.374912e-02 3.967171e-02 0 0 0 0 4.135253e-14 2.414231e-15
14 19 1.374912e-02 5.170498e-02 0 0 0 0 3.197542e-14 1.754134e-15
15 0 1.791952e-02 3.369410e-04 0 0 0 0 7.016182e-14 8.032641e-14
15 1 1.791952e-02 4.391424e-04 0 0 0 0 7.016218e-14 7.123352e-14
15 2 1.791952e-02 5.723437e-04 0 0 0 0 7.016881e-14 6.233196e-14
15 3 1.791952e-02 7.459478e-04 0 0 0 0 7.017030e-14 5.367144e-14
15 4 1.791952e-02 9.722096e-04 0 0 0 0 7.016787e-14 4.546661e-14
15 5 1.791952e-02 1.267102e-03 0 0 0 0 7.016508e-14 3.790412e-14
15 6 1.791952e-02 1.651440e-03 0 0 0 0 7.016074e-14 3.112157e-14
15 7 1.791952e-02 2.152358e-03 0 0 0 0 7.015329e-14 2.524217e-14
15 8 1.791952e-02 2.805213e-03 0 0 0 0 7.014059e-14 2.027521e-14
15 9 1.791952e-02 3.656095e-03 0 0 0 0 7.011926e-14 1.620123e-14
15 10 1.791952e-02 4.765066e-03 0 0 0 0 7.008345e-14 1.294178e-14
15 11 1.791952e-02 6.210412e-03 0 0 0 0 7.002431e-14 1.034334e-14
15 12 1.791952e-02 8.094162e-03 0 0 0 0 6.993067e-14 8.334301e-15
15 13 1.791952e-02 1.054929e-02 0 0 0 0 6.980668e-14 6.700959e-15
15 14 1.791952e-02 1.374912e-02 0 0 0 0 6.991911e-14 5.415025e-15
15 15 1.791952e-02 1.791952e-02 0 0 0 0 8.081242e-14 4.304876e-15
15 16 1.791952e-02 2.335489e-02 0 0 0 0 6.029512e-14 3.386045e-15
15 17 1.791952e-02 3.043893e-02 0 0 0 0 5.084899e-14 2.585921e-15
15 18 1.791952e-02 3.967171e-02 0 0 0 0 4.141619e-14 1.926802e-15
15 19 1.791952e-02 5.170498e-02 0 0 0 0 3.209929e-14 1.401111e-15
16 0 2.335489e-02 3.369410e-04 0 0 0 0 6.071862e-14 6.334051e-14
16 1 2.335489e-02 4.391424e-04 0 0 0 0 6.071914e-14 5.622543e-14
16 2 2.335489e-02 5.723437e-04 0 0 0 0 6.072594e-14 4.924465e-14
16 3 2.335489e-02 7.459478e-04 0 0 0 0 6.072788e-14 4.243619e-14
16 4 2.335489e-02 9.722096e-04 0 0 0 0 6.072622e-14 3.596884e-14
16 5 2.335489e-02 1.267102e-03 0 0 0 0 6.072479e-14 2.999095e-14
16 6 2.335489e-02 1.651440e-03 0 0 0 0 6.072266e-14 2.461601e-14
16 7 2.335489e-02 2.152358e-03 0 0 0 0 6.071885e-14 1.994636e-14
16 8 2.335489e-02 2.805213e-03 0 0 0 0 6.071249e-14 1.599595e-14
16 9 2.335489e-02 3.656095e-03 0 0 0 0 6.070160e-14 1.275387e-14
16 10 2.335489e-02 4.765066e-03 0 0 0 0 6.068306e-14 1.015877e-14
16 11 2.335489e-02 6.210412e-03 0 0 0 0 6.065136e-14 8.090983e-15
16 12 2.335489e-02 8.094162e-03 0 0 0 0 6.059719e-14 6.494572e-15
16 13 2.335489e-02 1.054929e-02 0 0 0 0 6.050527e-14 5.208118e-15
16 14 2.335489e-02 1.374912e-02 0 0 0 0 6.035878e-14 4.220486e-15
16 15 2.335489e-02 1.791952e-02 0 0 0 0 6.029512e-14 3.386045e-15
16 16 2.335489e-02 2.335489e-02 0 0 0 0 6.609321e-14 2.688600e-15
16 17 2.335489e-02 3.043893e-02 0 0 0 0 5.078430e-14 2.060709e-15
16 18 2.335489e-02 3.967171e-02 0 0 0 0 4.149304e-14 1.539391e-15
16 19 2.335489e-02 5.170498e-02 0 0 0 0 3.229418e-14 1.121712e-15
17 0 3.043893e-02 3.369410e-04 0 0 0 0 5.100026e-14 4.854652e-14
17 1 3.043893e-02 4.391424e-04 0 0 0 0 5.100092e-14 4.315421e-14
17 2 3.043893e-02 5.723437e-04 0 0 0 0 5.100781e-14 3.785092e-14
17 3 3.043893e-02 7.459478e-04 0 0 0 0 5.101014e-14 3.266448e-14
17 4 3.043893e-02 9.722096e-04 0 0 0 0 5.100910e-14 2.772304e-14
17 5 3.043893e-02 1.267102e-03 0 0 0 0 5.100874e-14 2.314018e-14
17 6 3.043893e-02 1.651440e-03 0 0 0 0 5.100849e-14 1.900552e-14
17 7 3.043893e-02 2.152358e-03 0 0 0 0 5.100788e-14 1.540014e-14
17 8 3.043893e-02 2.805213e-03 0 0 0 0 5.100682e-14 1.233988e-14
17 9 3.043893e-02 3.656095e-03 0 0 0 0 5.100502e-14 9.823119e-15
17 10 3.043893e-02 4.765066e-03 0 0 0 0 5.100189e-14 7.808944e-15
17 11 3.043893e-02 6.210412e-03 0 0 0 0 5.099626e-14 6.209217e-15
17 12 3.043893e-02 8.094162e-03 0 0 0 0 5.098596e-14 4.978339e-15
17 13 3.043893e-02 1.054929e-02 0 0 0 0 5.096631e-14 3.989495e-15
17 14 3.043893e-02 1.374912e-02 0 0 0 0 5.092721e-14 3.228797e-15
17 15 3.043893e-02 1.791952e-02 0 0 0 0 5.084899e-14 2.585921e-15
17 16 3.043893e-02 2.335489e-02 0 0 0 0 5.078430e-14 2.060709e-15
17 17 3.043893e-02 3.043893e-02 0 0 0 0 5.364162e-14 1.597043e-15
17 18 3.043893e-02 3.967171e-02 0 0 0 0 4.159056e-14 1.206361e-15
17 19 3.043893e-02 5.170498e-02 0 0 0 0 3.257922e-14 8.808979e-16
18 0 3.967171e-02 3.369410e-04 0 0 0 0 4.122830e-14 3.619278e-14
18 1 3.967171e-02 4.391424e-04 0 0 0 0 4.122907e-14 3.225420e-14
18 2 3.967171e-02 5.723437e-04 0 0 0 0 4.123590e-14 2.836677e-14
18 3 3.967171e-02 7.459478e-04 0 0 0 0 4.123851e-14 2.454918e-14
18 4 3.967171e-02 9.722096e-04 0 0 0 0 4.123786e-14 2.089459e-14
18 5 3.967171e-02 1.267102e-03 0 0 0 0 4.123813e-14 1.748662e-14
18 6 3.967171e-02 1.651440e-03 0 0 0 0 4.123899e-14 1.439427e-14
18 7 3.967171e-02 2.152358e-03 0 0 0 0 4.124027e-14 1.168053e-14
18 8 3.967171e-02 2.805213e-03 0 0 0 0 4.124248e-14 9.362887e-15
18 9 3.967171e-02 3.656095e-03 0 0 0 0 4.124621e-14 7.446912e-15
18 10 3.967171e-02 4.765066e-03 0 0 0 0 4.125245e-14 5.908326e-15
18 11 3.967171e-02 6.210412e-03 0 0 0 0 4.126295e-14 4.686482e-15
18 12 3.967171e-02 8.094162e-03 0 0 0 0 4.128031e-14 3.746632e-15
18 13 3.967171e-02 1.054929e-02 0 0 0 0 4.130849e-14 2.993883e-15
18 14 3.967171e-02 1.374912e-02 0 0 0 0 4.135253e-14 2.414231e-15
18 15 3.967171e-02 1.791952e-02 0 0 0 0 4.141619e-14 1.926802e-15
18 16 3.967171e-02 2.335489e-02 0 0 0 0 4.149304e-14 1.539391e-15
18 17 3.967171e-02 3.043893e-02 0 0 0 0 4.159056e-14 1.206361e-15
18 18 3.967171e-02 3.967171e-02 0 0 0 0 4.286442e-14 9.234480e-16
18 19 3.967171e-02 5.170498e-02 0 0 0 0 3.295294e-14 6.784894e-16
19 0 5.170498e-02 3.369410e-04 0 0 0 0 3.177799e-14 2.604509e-14
19 1 5.170498e-02 4.391424e-04 0 0 0 0 3.177876e-14 2.327937e-14
19 2 5.170498e-02 5.723437e-04 0 0 0 0 3.178537e-14 2.053826e-14
19 3 5.170498e-02 7.459478e-04 0 0 0 0 3.178814e-14 1.783330e-14
19 4 5.170498e-02 9.722096e-04 0 0 0 0 3.178763e-14 1.522931e-14
19 5 5.170498e-02 1.267102e-03 0 0 0 0 3.178815e-14 1.278551e-14
19 6 5.170498e-02 1.651440e-03 0 0 0 0 3.178940e-14 1.055339e-14
19 7 5.170498e-02 2.152358e-03 0 0 0 0 3.179134e-14 8.580760e-15
19 8 5.170498e-02 2.805213e-03 0 0 0 0 3.179467e-14 6.885118e-15
19 9 5.170498e-02 3.656095e-03 0 0 0 0 3.180034e-14 5.475039e-15
19 10 5.170498e-02 4.765066e-03 0 0 0 0 3.180996e-14 4.336672e-15
19 11 5.170498e-02 6.210412e-03 0 0 0 0 3.182617e-14 3.430744e-15
19 12 5.170498e-02 8.094162e-03 0 0 0 0 3.185353e-14 2.733352e-15
19 13 5.170498e-02 1.054929e-02 0 0 0 0 3.189937e-14 2.178119e-15
19 14 5.170498e-02 1.374912e-02 0 0 0 0 3.197542e-14 1.754134e-15
19 15 5.170498e-02 1.791952e-02 0 0 0 0 3.209929e-14 1.401111e-15
19 16 5.170498e-02 2.335489e-02 0 0 0 0 3.229418e-14 1.121712e-15
19 17 5.170498e-02 3.043893e-02 0 0 0 0 3.257922e-14 8.808979e-16
19 18 5.170498e-02 3.967171e-02 0 0 0 0 3.295294e-14 6.784894e-16
19 19 5.170498e-02 5.170498e-02 0 0 0 0 3.349314e-14 5.043220e-16
# Please cite the following papers in research using this covariance:
# arXiv: 1601.05779, https://arxiv.org/abs/1601.05779
# arXiv: 1911.11947, https://arxiv.org/abs/1911.11947
# arXiv: 2004.04833, https://arxiv.org/abs/2004.04833
########################################################
20 20 3.369410e-04 3.369410e-04 0 0 0 0 3.244136e-11 1.894669e-14
20 21 3.369410e-04 4.391424e-04 0 0 0 0 8.714624e-15 1.961655e-14
20 22 3.369410e-04 5.723437e-04 0 0 0 0 3.223035e-15 2.040344e-14
20 23 3.369410e-04 7.459478e-04 0 0 0 0 1.110229e-15 2.091104e-14
20 24 3.369410e-04 9.722096e-04 0 0 0 0 3.716835e-16 2.104952e-14
20 25 3.369410e-04 1.267102e-03 0 0 0 0 1.196616e-16 2.074266e-14
20 26 3.369410e-04 1.651440e-03 0 0 0 0 3.606535e-17 1.988581e-14
20 27 3.369410e-04 2.152358e-03 0 0 0 0 1.100255e-17 1.859958e-14
20 28 3.369410e-04 2.805213e-03 0 0 0 0 3.087505e-18 1.681116e-14
20 29 3.369410e-04 3.656095e-03 0 0 0 0 7.676057e-19 1.479346e-14
20 30 3.369410e-04 4.765066e-03 0 0 0 0 1.958942e-19 1.258841e-14
20 31 3.369410e-04 6.210412e-03 0 0 0 0 8.379530e-20 1.043909e-14
20 32 3.369410e-04 8.094162e-03 0 0 0 0 3.979643e-20 8.488402e-15
20 33 3.369410e-04 1.054929e-02 0 0 0 0 -1.576031e-21 6.758435e-15
20 34 3.369410e-04 1.374912e-02 0 0 0 0 -2.701766e-21 5.407634e-15
20 35 3.369410e-04 1.791952e-02 0 0 0 0 -7.245815e-21 4.287796e-15
20 36 3.369410e-04 2.335489e-02 0 0 0 0 -2.324752e-22 3.479000e-15
20 37 3.369410e-04 3.043893e-02 0 0 0 0 4.257351e-22 2.846801e-15
20 38 3.369410e-04 3.967171e-02 0 0 0 0 -1.617265e-20 2.373578e-15
20 39 3.369410e-04 5.170498e-02 0 0 0 0 -8.508643e-20 2.008023e-15
21 20 4.391424e-04 3.369410e-04 0 0 0 0 8.714624e-15 1.961655e-14
21 21 4.391424e-04 4.391424e-04 0 0 0 0 1.910536e-11 2.033292e-14
21 22 4.391424e-04 5.723437e-04 0 0 0 0 9.000689e-15 2.117329e-14
21 23 4.391424e-04 7.459478e-04 0 0 0 0 3.212944e-15 2.172218e-14
21 24 4.391424e-04 9.722096e-04 0 0 0 0 1.077902e-15 2.188961e-14
21 25 4.391424e-04 1.267102e-03 0 0 0 0 3.451475e-16 2.159623e-14
21 26 4.391424e-04 1.651440e-03 0 0 0 0 1.057106e-16 2.073194e-14
21 27 4.391424e-04 2.152358e-03 0 0 0 0 3.125686e-17 1.941923e-14
21 28 4.391424e-04 2.805213e-03 0 0 0 0 8.891298e-18 1.757931e-14
21 29 4.391424e-04 3.656095e-03 0 0 0 0 2.470457e-18 1.549044e-14
21 30 4.391424e-04 4.765066e-03 0 0 0 0 6.577152e-19 1.319551e-14
21 31 4.391424e-04 6.210412e-03 0 0 0 0 1.882216e-19 1.095032e-14
21 32 4.391424e-04 8.094162e-03 0 0 0 0 8.503581e-20 8.905328e-15
21 33 4.391424e-04 1.054929e-02 0 0 0 0 1.419764e-20 7.088346e-15
21 34 4.391424e-04 1.374912e-02 0 0 0 0 -4.129495e-21 5.668062e-15
21 35 4.391424e-04 1.791952e-02 0 0 0 0 -7.422565e-21 4.489496e-15
21 36 4.391424e-04 2.335489e-02 0 0 0 0 -1.368971e-20 3.639367e-15
21 37 4.391424e-04 3.043893e-02 0 0 0 0 -2.644787e-20 2.974676e-15
21 38 4.391424e-04 3.967171e-02 0 0 0 0 -4.930600e-20 2.478306e-15
21 39 4.391424e-04 5.170498e-02 0 0 0 0 -7.989662e-20 2.095396e-15
22 20 5.723437e-04 3.369410e-04 0 0 0 0 3.223035e-15 2.040344e-14
22 21 5.723437e-04 4.391424e-04 0 0 0 0 9.000689e-15 2.117329e-14
22 22 5.723437e-04 5.723437e-04 0 0 0 0 1.125453e-11 2.207926e-14
22 23 5.723437e-04 7.459478e-04 0 0 0 0 9.123027e-15 2.268604e-14
22 24 5.723437e-04 9.722096e-04 0 0 0 0 3.133324e-15 2.289793e-14
22 25 5.723437e-04 1.267102e-03 0 0 0 0 1.006734e-15 2.262468e-14
22 26 5.723437e-04 1.651440e-03 0 0 0 0 3.086280e-16 2.175361e-14
22 27 5.723437e-04 2.152358e-03 0 0 0 0 9.075896e-17 2.041321e-14
22 28 5.723437e-04 2.805213e-03 0 0 0 0 2.580630e-17 1.851634e-14
22 29 5.723437e-04 3.656095e-03 0 0 0 0 7.167989e-18 1.634608e-14
22 30 5.723437e-04 4.765066e-03 0 0 0 0 1.986091e-18 1.394618e-14
22 31 5.723437e-04 6.210412e-03 0 0 0 0 5.219057e-19 1.158663e-14
22 32 5.723437e-04 8.094162e-03 0 0 0 0 1.872631e-19 9.426796e-15
22 33 5.723437e-04 1.054929e-02 0 0 0 0 5.657918e-20 7.502359e-15
22 34 5.723437e-04 1.374912e-02 0 0 0 0 -4.641398e-21 5.994803e-15
22 35 5.723437e-04 1.791952e-02 0 0 0 0 3.264919e-23 4.741945e-15
22 36 5.723437e-04 2.335489e-02 0 0 0 0 2.196654e-21 3.839394e-15
22 37 5.723437e-04 3.043893e-02 0 0 0 0 7.846827e-21 3.133276e-15
22 38 5.723437e-04 3.967171e-02 0 0 0 0 1.436921e-20 2.607703e-15
22 39 5.723437e-04 5.170498e-02 0 0 0 0 2.617124e-20 2.202940e-15
23 20 7.459478e-04 3.369410e-04 0 0 0 0 1.110229e-15 2.091104e-14
23 21 7.459478e-04 4.391424e-04 0 0 0 0 3.212944e-15 2.172218e-14
23 22 7.459478e-04 5.723437e-04 0 0 0 0 9.123027e-15 2.268604e-14
23 23 7.459478e-04 7.459478e-04 0 0 0 0 6.632728e-12 2.335944e-14
23 24 7.459478e-04 9.722096e-04 0 0 0 0 9.039120e-15 2.363359e-14
23 25 7.459478e-04 1.267102e-03 0 0 0 0 2.960938e-15 2.339731e-14
23 26 7.459478e-04 1.651440e-03 0 0 0 0 9.075377e-16 2.254071e-14
23 27 7.459478e-04 2.152358e-03 0 0 0 0 2.659950e-16 2.119814e-14
23 28 7.459478e-04 2.805213e-03 0 0 0 0 7.533132e-17 1.927462e-14
23 29 7.459478e-04 3.656095e-03 0 0 0 0 2.080065e-17 1.705523e-14
23 30 7.459478e-04 4.765066e-03 0 0 0 0 5.663549e-18 1.458312e-14
23 31 7.459478e-04 6.210412e-03 0 0 0 0 1.554599e-18 1.213676e-14
23 32 7.459478e-04 8.094162e-03 0 0 0 0 4.406486e-19 9.882865e-15
23 33 7.459478e-04 1.054929e-02 0 0 0 0 1.618360e-19 7.866588e-15
23 34 7.459478e-04 1.374912e-02 0 0 0 0 2.189405e-20 6.281221e-15
23 35 7.459478e-04 1.791952e-02 0 0 0 0 4.356636e-22 4.960736e-15
23 36 7.459478e-04 2.335489e-02 0 0 0 0 3.912611e-21 4.010391e-15
23 37 7.459478e-04 3.043893e-02 0 0 0 0 6.552996e-21 3.266024e-15
23 38 7.459478e-04 3.967171e-02 0 0 0 0 1.996019e-21 2.714396e-15
23 39 7.459478e-04 5.170498e-02 0 0 0 0 -1.999513e-21 2.290365e-15
24 20 9.722096e-04 3.369410e-04 0 0 0 0 3.716835e-16 2.104952e-14
24 21 9.722096e-04 4.391424e-04 0 0 0 0 1.077902e-15 2.188961e-14
24 22 9.722096e-04 5.723437e-04 0 0 0 0 3.133324e-15 2.289793e-14
24 23 9.722096e-04 7.459478e-04 0 0 0 0 9.039120e-15 2.363359e-14
24 24 9.722096e-04 9.722096e-04 0 0 0 0 3.911676e-12 2.398050e-14
24 25 9.722096e-04 1.267102e-03 0 0 0 0 8.728580e-15 2.381072e-14
24 26 9.722096e-04 1.651440e-03 0 0 0 0 2.703806e-15 2.301008e-14
24 27 9.722096e-04 2.152358e-03 0 0 0 0 7.880535e-16 2.169973e-14
24 28 9.722096e-04 2.805213e-03 0 0 0 0 2.214885e-16 1.978382e-14
24 29 9.722096e-04 3.656095e-03 0 0 0 0 6.079267e-17 1.755604e-14
24 30 9.722096e-04 4.765066e-03 0 0 0 0 1.651380e-17 1.505568e-14
24 31 9.722096e-04 6.210412e-03 0 0 0 0 4.516762e-18 1.255998e-14
24 32 9.722096e-04 8.094162e-03 0 0 0 0 1.232996e-18 1.024174e-14
24 33 9.722096e-04 1.054929e-02 0 0 0 0 3.859595e-19 8.156849e-15
24 34 9.722096e-04 1.374912e-02 0 0 0 0 1.129027e-19 6.508498e-15
24 35 9.722096e-04 1.791952e-02 0 0 0 0 1.152139e-20 5.131108e-15
24 36 9.722096e-04 2.335489e-02 0 0 0 0 1.293702e-20 4.140066e-15
24 37 9.722096e-04 3.043893e-02 0 0 0 0 1.250830e-20 3.362443e-15
24 38 9.722096e-04 3.967171e-02 0 0 0 0 3.923985e-21 2.789413e-15
24 39 9.722096e-04 5.170498e-02 0 0 0 0 -1.781656e-21 2.349815e-15
25 20 1.267102e-03 3.369410e-04 0 0 0 0 1.196616e-16 2.074266e-14
25 21 1.267102e-03 4.391424e-04 0 0 0 0 3.451475e-16 2.159623e-14
25 22 1.267102e-03 5.723437e-04 0 0 0 0 1.006734e-15 2.262468e-14
25 23 1.267102e-03 7.459478e-04 0 0 0 0 2.960938e-15 2.339731e-14
25 24 1.267102e-03 9.722096e-04 0 0 0 0 8.728580e-15 2.381072e-14
25 25 1.267102e-03 1.267102e-03 0 0 0 0 2.309421e-12 2.374158e-14
25 26 1.267102e-03 1.651440e-03 0 0 0 0 8.187011e-15 2.305304e-14
25 27 1.267102e-03 2.152358e-03 0 0 0 0 2.382463e-15 2.181716e-14
25 28 1.267102e-03 2.805213e-03 0 0 0 0 6.609837e-16 1.994841e-14
25 29 1.267102e-03 3.656095e-03 0 0 0 0 1.793791e-16 1.775975e-14
25 30 1.267102e-03 4.765066e-03 0 0 0 0 4.829084e-17 1.528326e-14
25 31 1.267102e-03 6.210412e-03 0 0 0 0 1.310458e-17 1.278676e-14
25 32 1.267102e-03 8.094162e-03 0 0 0 0 3.672253e-18 1.044757e-14
25 33 1.267102e-03 1.054929e-02 0 0 0 0 1.036283e-18 8.329897e-15
25 34 1.267102e-03 1.374912e-02 0 0 0 0 3.399939e-19 6.643624e-15
25 35 1.267102e-03 1.791952e-02 0 0 0 0 7.969171e-20 5.228458e-15
25 36 1.267102e-03 2.335489e-02 0 0 0 0 3.215842e-20 4.208945e-15
25 37 1.267102e-03 3.043893e-02 0 0 0 0 2.440081e-20 3.407062e-15
25 38 1.267102e-03 3.967171e-02 0 0 0 0 9.694386e-21 2.820109e-15
25 39 1.267102e-03 5.170498e-02 0 0 0 0 -7.126382e-22 2.370633e-15
26 20 1.651440e-03 3.369410e-04 0 0 0 0 3.606535e-17 1.988581e-14
26 21 1.651440e-03 4.391424e-04 0 0 0 0 1.057106e-16 2.073194e-14
26 22 1.651440e-03 5.723437e-04 0 0 0 0 3.086280e-16 2.175361e-14
26 23 1.651440e-03 7.459478e-04 0 0 0 0 9.075377e-16 2.254071e-14
26 24 1.651440e-03 9.722096e-04 0 0 0 0 2.703806e-15 2.301008e-14
26 25 1.651440e-03 1.267102e-03 0 0 0 0 8.187011e-15 2.305304e-14
26 26 1.651440e-03 1.651440e-03 0 0 0 0 1.365640e-12 2.251515e-14
26 27 1.651440e-03 2.152358e-03 0 0 0 0 7.445008e-15 2.141590e-14
26 28 1.651440e-03 2.805213e-03 0 0 0 0 2.028194e-15 1.967279e-14
26 29 1.651440e-03 3.656095e-03 0 0 0 0 5.385937e-16 1.758837e-14
26 30 1.651440e-03 4.765066e-03 0 0 0 0 1.427606e-16 1.519074e-14
26 31 1.651440e-03 6.210412e-03 0 0 0 0 3.834407e-17 1.275201e-14
26 32 1.651440e-03 8.094162e-03 0 0 0 0 1.060346e-17 1.044925e-14
26 33 1.651440e-03 1.054929e-02 0 0 0 0 3.088310e-18 8.345585e-15
26 34 1.651440e-03 1.374912e-02 0 0 0 0 9.480236e-19 6.655647e-15
26 35 1.651440e-03 1.791952e-02 0 0 0 0 3.062507e-19 5.229211e-15
26 36 1.651440e-03 2.335489e-02 0 0 0 0 8.360687e-20 4.197951e-15
26 37 1.651440e-03 3.043893e-02 0 0 0 0 4.970584e-20 3.384285e-15
26 38 1.651440e-03 3.967171e-02 0 0 0 0 2.292887e-20 2.793414e-15
26 39 1.651440e-03 5.170498e-02 0 0 0 0 2.460169e-21 2.341601e-15
27 20 2.152358e-03 3.369410e-04 0 0 0 0 1.100255e-17 1.859958e-14
27 21 2.152358e-03 4.391424e-04 0 0 0 0 3.125686e-17 1.941923e-14
27 22 2.152358e-03 5.723437e-04 0 0 0 0 9.075896e-17 2.041321e-14
27 23 2.152358e-03 7.459478e-04 0 0 0 0 2.659950e-16 2.119814e-14
27 24 2.152358e-03 9.722096e-04 0 0 0 0 7.880535e-16 2.169973e-14
27 25 2.152358e-03 1.267102e-03 0 0 0 0 2.382463e-15 2.181716e-14
27 26 2.152358e-03 1.651440e-03 0 0 0 0 7.445008e-15 2.141590e-14
27 27 2.152358e-03 2.152358e-03 0 0 0 0 8.093764e-13 2.051257e-14
27 28 2.152358e-03 2.805213e-03 0 0 0 0 6.563155e-15 1.899596e-14
27 29 2.152358e-03 3.656095e-03 0 0 0 0 1.675088e-15 1.707914e-14
27 30 2.152358e-03 4.765066e-03 0 0 0 0 4.304921e-16 1.479654e-14
27 31 2.152358e-03 6.210412e-03 0 0 0 0 1.133649e-16 1.246348e-14
27 32 2.152358e-03 8.094162e-03 0 0 0 0 3.100089e-17 1.024904e-14
27 33 2.152358e-03 1.054929e-02 0 0 0 0 8.924800e-18 8.202939e-15
27 34 2.152358e-03 1.374912e-02 0 0 0 0 2.730677e-18 6.545285e-15
27 35 2.152358e-03 1.791952e-02 0 0 0 0 9.165122e-19 5.136011e-15
27 36 2.152358e-03 2.335489e-02 0 0 0 0 2.961833e-19 4.110921e-15
27 37 2.152358e-03 3.043893e-02 0 0 0 0 1.116987e-19 3.299157e-15
27 38 2.152358e-03 3.967171e-02 0 0 0 0 5.334959e-20 2.714318e-15
27 39 2.152358e-03 5.170498e-02 0 0 0 0 1.409073e-20 2.267466e-15
28 20 2.805213e-03 3.369410e-04 0 0 0 0 3.087505e-18 1.681116e-14
28 21 2.805213e-03 4.391424e-04 0 0 0 0 8.891298e-18 1.757931e-14
28 22 2.805213e-03 5.723437e-04 0 0 0 0 2.580630e-17 1.851634e-14
28 23 2.805213e-03 7.459478e-04 0 0 0 0 7.533132e-17 1.927462e-14
28 24 2.805213e-03 9.722096e-04 0 0 0 0 2.214885e-16 1.978382e-14
28 25 2.805213e-03 1.267102e-03 0 0 0 0 6.609837e-16 1.994841e-14
28 26 2.805213e-03 1.651440e-03 0 0 0 0 2.028194e-15 1.967279e-14
28 27 2.805213e-03 2.152358e-03 0 0 0 0 6.563155e-15 1.899596e-14
28 28 2.805213e-03 2.805213e-03 0 0 0 0 4.811761e-13 1.777476e-14
28 29 2.805213e-03 3.656095e-03 0 0 0 0 5.619732e-15 1.610641e-14
28 30 2.805213e-03 4.765066e-03 0 0 0 0 1.352606e-15 1.402510e-14
28 31 2.805213e-03 6.210412e-03 0 0 0 0 3.421875e-16 1.186975e-14
28 32 2.805213e-03 8.094162e-03 0 0 0 0 9.146545e-17 9.795457e-15
28 33 2.805213e-03 1.054929e-02 0 0 0 0 2.602606e-17 7.857344e-15
28 34 2.805213e-03 1.374912e-02 0 0 0 0 7.934176e-18 6.277337e-15
28 35 2.805213e-03 1.791952e-02 0 0 0 0 2.568568e-18 4.920812e-15
28 36 2.805213e-03 2.335489e-02 0 0 0 0 9.088220e-19 3.926953e-15
28 37 2.805213e-03 3.043893e-02 0 0 0 0 3.131941e-19 3.136048e-15
28 38 2.805213e-03 3.967171e-02 0 0 0 0 1.336169e-19 2.569883e-15
28 39 2.805213e-03 5.170498e-02 0 0 0 0 4.811076e-20 2.137299e-15
29 20 3.656095e-03 3.369410e-04 0 0 0 0 7.676057e-19 1.479346e-14
29 21 3.656095e-03 4.391424e-04 0 0 0 0 2.470457e-18 1.549044e-14
29 22 3.656095e-03 5.723437e-04 0 0 0 0 7.167989e-18 1.634608e-14
29 23 3.656095e-03 7.459478e-04 0 0 0 0 2.080065e-17 1.705523e-14
29 24 3.656095e-03 9.722096e-04 0 0 0 0 6.079267e-17 1.755604e-14
29 25 3.656095e-03 1.267102e-03 0 0 0 0 1.793791e-16 1.775975e-14
29 26 3.656095e-03 1.651440e-03 0 0 0 0 5.385937e-16 1.758837e-14
29 27 3.656095e-03 2.152358e-03 0 0 0 0 1.675088e-15 1.707914e-14
29 28 3.656095e-03 2.805213e-03 0 0 0 0 5.619732e-15 1.610641e-14
29 29 3.656095e-03 3.656095e-03 0 0 0 0 2.872291e-13 1.474122e-14
29 30 3.656095e-03 4.765066e-03 0 0 0 0 4.693849e-15 1.298432e-14
29 31 3.656095e-03 6.210412e-03 0 0 0 0 1.080342e-15 1.107711e-14
29 32 3.656095e-03 8.094162e-03 0 0 0 0 2.752895e-16 9.159728e-15
29 33 3.656095e-03 1.054929e-02 0 0 0 0 7.646701e-17 7.359244e-15
29 34 3.656095e-03 1.374912e-02 0 0 0 0 2.303806e-17 5.889178e-15
29 35 3.656095e-03 1.791952e-02 0 0 0 0 7.474982e-18 4.611089e-15
29 36 3.656095e-03 2.335489e-02 0 0 0 0 2.563385e-18 3.671878e-15
29 37 3.656095e-03 3.043893e-02 0 0 0 0 9.267837e-19 2.919248e-15
29 38 3.656095e-03 3.967171e-02 0 0 0 0 3.461291e-19 2.381285e-15
29 39 3.656095e-03 5.170498e-02 0 0 0 0 1.401540e-19 1.969941e-15
30 20 4.765066e-03 3.369410e-04 0 0 0 0 1.958942e-19 1.258841e-14
30 21 4.765066e-03 4.391424e-04 0 0 0 0 6.577152e-19 1.319551e-14
30 22 4.765066e-03 5.723437e-04 0 0 0 0 1.986091e-18 1.394618e-14
30 23 4.765066e-03 7.459478e-04 0 0 0 0 5.663549e-18 1.458312e-14
30 24 4.765066e-03 9.722096e-04 0 0 0 0 1.651380e-17 1.505568e-14
30 25 4.765066e-03 1.267102e-03 0 0 0 0 4.829084e-17 1.528326e-14
30 26 4.765066e-03 1.651440e-03 0 0 0 0 1.427606e-16 1.519074e-14
30 27 4.765066e-03 2.152358e-03 0 0 0 0 4.304921e-16 1.479654e-14
30 28 4.765066e-03 2.805213e-03 0 0 0 0 1.352606e-15 1.402510e-14
30 29 4.765066e-03 3.656095e-03 0 0 0 0 4.693849e-15 1.298432e-14
30 30 4.765066e-03 4.765066e-03 0 0 0 0 1.723648e-13 1.162943e-14
30 31 4.765066e-03 6.210412e-03 0 0 0 0 3.850946e-15 1.003726e-14
30 32 4.765066e-03 8.094162e-03 0 0 0 0 8.669192e-16 8.325460e-15
30 33 4.765066e-03 1.054929e-02 0 0 0 0 2.285509e-16 6.706813e-15
30 34 4.765066e-03 1.374912e-02 0 0 0 0 6.730579e-17 5.374323e-15
30 35 4.765066e-03 1.791952e-02 0 0 0 0 2.161964e-17 4.200902e-15
30 36 4.765066e-03 2.335489e-02 0 0 0 0 7.423397e-18 3.341652e-15
30 37 4.765066e-03 3.043893e-02 0 0 0 0 2.675885e-18 2.645949e-15
30 38 4.765066e-03 3.967171e-02 0 0 0 0 9.809074e-19 2.147381e-15
30 39 4.765066e-03 5.170498e-02 0 0 0 0 3.803859e-19 1.765417e-15
31 20 6.210412e-03 3.369410e-04 0 0 0 0 8.379530e-20 1.043909e-14
31 21 6.210412e-03 4.391424e-04 0 0 0 0 1.882216e-19 1.095032e-14
31 22 6.210412e-03 5.723437e-04 0 0 0 0 5.219057e-19 1.158663e-14
31 23 6.210412e-03 7.459478e-04 0 0 0 0 1.554599e-18 1.213676e-14
31 24 6.210412e-03 9.722096e-04 0 0 0 0 4.516762e-18 1.255998e-14
31 25 6.210412e-03 1.267102e-03 0 0 0 0 1.310458e-17 1.278676e-14
31 26 6.210412e-03 1.651440e-03 0 0 0 0 3.834407e-17 1.275201e-14
31 27 6.210412e-03 2.152358e-03 0 0 0 0 1.133649e-16 1.246348e-14
31 28 6.210412e-03 2.805213e-03 0 0 0 0 3.421875e-16 1.186975e-14
31 29 6.210412e-03 3.656095e-03 0 0 0 0 1.080342e-15 1.107711e-14
31 30 6.210412e-03 4.765066e-03 0 0 0 0 3.850946e-15 1.003726e-14
31 31 6.210412e-03 6.210412e-03 0 0 0 0 1.041438e-13 8.771864e-15
31 32 6.210412e-03 8.094162e-03 0 0 0 0 3.134476e-15 7.361723e-15
31 33 6.210412e-03 1.054929e-02 0 0 0 0 7.119330e-16 5.980210e-15
31 34 6.210412e-03 1.374912e-02 0 0 0 0 1.991504e-16 4.789216e-15
31 35 6.210412e-03 1.791952e-02 0 0 0 0 6.279521e-17 3.734883e-15
31 36 6.210412e-03 2.335489e-02 0 0 0 0 2.141984e-17 2.969714e-15
31 37 6.210412e-03 3.043893e-02 0 0 0 0 7.699418e-18 2.341372e-15
31 38 6.210412e-03 3.967171e-02 0 0 0 0 2.867076e-18 1.891396e-15
31 39 6.210412e-03 5.170498e-02 0 0 0 0 1.069321e-18 1.545377e-15
32 20 8.094162e-03 3.369410e-04 0 0 0 0 3.979643e-20 8.488402e-15
32 21 8.094162e-03 4.391424e-04 0 0 0 0 8.503581e-20 8.905328e-15
32 22 8.094162e-03 5.723437e-04 0 0 0 0 1.872631e-19 9.426796e-15
32 23 8.094162e-03 7.459478e-04 0 0 0 0 4.406486e-19 9.882865e-15
32 24 8.094162e-03 9.722096e-04 0 0 0 0 1.232996e-18 1.024174e-14
32 25 8.094162e-03 1.267102e-03 0 0 0 0 3.672253e-18 1.044757e-14
32 26 8.094162e-03 1.651440e-03 0 0 0 0 1.060346e-17 1.044925e-14
32 27 8.094162e-03 2.152358e-03 0 0 0 0 3.100089e-17 1.024904e-14
32 28 8.094162e-03 2.805213e-03 0 0 0 0 9.146545e-17 9.795457e-15
32 29 8.094162e-03 3.656095e-03 0 0 0 0 2.752895e-16 9.159728e-15
32 30 8.094162e-03 4.765066e-03 0 0 0 0 8.669192e-16 8.325460e-15
32 31 8.094162e-03 6.210412e-03 0 0 0 0 3.134476e-15 7.361723e-15
32 32 8.094162e-03 8.094162e-03 0 0 0 0 6.349127e-14 6.310299e-15
32 33 8.094162e-03 1.054929e-02 0 0 0 0 2.564521e-15 5.204758e-15
32 34 8.094162e-03 1.374912e-02 0 0 0 0 6.092335e-16 4.165727e-15
32 35 8.094162e-03 1.791952e-02 0 0 0 0 1.837621e-16 3.245390e-15
32 36 8.094162e-03 2.335489e-02 0 0 0 0 6.188969e-17 2.579615e-15
32 37 8.094162e-03 3.043893e-02 0 0 0 0 2.218155e-17 2.023901e-15
32 38 8.094162e-03 3.967171e-02 0 0 0 0 8.229386e-18 1.629271e-15
32 39 8.094162e-03 5.170498e-02 0 0 0 0 3.110821e-18 1.323869e-15
33 20 1.054929e-02 3.369410e-04 0 0 0 0 -1.576031e-21 6.758435e-15
33 21 1.054929e-02 4.391424e-04 0 0 0 0 1.419764e-20 7.088346e-15
33 22 1.054929e-02 5.723437e-04 0 0 0 0 5.657918e-20 7.502359e-15
33 23 1.054929e-02 7.459478e-04 0 0 0 0 1.618360e-19 7.866588e-15
33 24 1.054929e-02 9.722096e-04 0 0 0 0 3.859595e-19 8.156849e-15
33 25 1.054929e-02 1.267102e-03 0 0 0 0 1.036283e-18 8.329897e-15
33 26 1.054929e-02 1.651440e-03 0 0 0 0 3.088310e-18 8.345585e-15
33 27 1.054929e-02 2.152358e-03 0 0 0 0 8.924800e-18 8.202939e-15
33 28 1.054929e-02 2.805213e-03 0 0 0 0 2.602606e-17 7.857344e-15
33 29 1.054929e-02 3.656095e-03 0 0 0 0 7.646701e-17 7.359244e-15
33 30 1.054929e-02 4.765066e-03 0 0 0 0 2.285509e-16 6.706813e-15
33 31 1.054929e-02 6.210412e-03 0 0 0 0 7.119330e-16 5.980210e-15
33 32 1.054929e-02 8.094162e-03 0 0 0 0 2.564521e-15 5.204758e-15
33 33 1.054929e-02 1.054929e-02 0 0 0 0 3.918382e-14 4.357219e-15
33 34 1.054929e-02 1.374912e-02 0 0 0 0 2.141733e-15 3.520231e-15
33 35 1.054929e-02 1.791952e-02 0 0 0 0 5.500901e-16 2.762151e-15
33 36 1.054929e-02 2.335489e-02 0 0 0 0 1.793126e-16 2.190563e-15
33 37 1.054929e-02 3.043893e-02 0 0 0 0 6.382177e-17 1.708371e-15
33 38 1.054929e-02 3.967171e-02 0 0 0 0 2.367490e-17 1.371549e-15
33 39 1.054929e-02 5.170498e-02 0 0 0 0 8.941995e-18 1.108354e-15
34 20 1.374912e-02 3.369410e-04 0 0 0 0 -2.701766e-21 5.407634e-15
34 21 1.374912e-02 4.391424e-04 0 0 0 0 -4.129495e-21 5.668062e-15
34 22 1.374912e-02 5.723437e-04 0 0 0 0 -4.641398e-21 5.994803e-15
34 23 1.374912e-02 7.459478e-04 0 0 0 0 2.189405e-20 6.281221e-15
34 24 1.374912e-02 9.722096e-04 0 0 0 0 1.129027e-19 6.508498e-15
34 25 1.374912e-02 1.267102e-03 0 0 0 0 3.399939e-19 6.643624e-15
34 26 1.374912e-02 1.651440e-03 0 0 0 0 9.480236e-19 6.655647e-15
34 27 1.374912e-02 2.152358e-03 0 0 0 0 2.730677e-18 6.545285e-15
34 28 1.374912e-02 2.805213e-03 0 0 0 0 7.934176e-18 6.277337e-15
34 29 1.374912e-02 3.656095e-03 0 0 0 0 2.303806e-17 5.889178e-15
34 30 1.374912e-02 4.765066e-03 0 0 0 0 6.730579e-17 5.374323e-15
34 31 1.374912e-02 6.210412e-03 0 0 0 0 1.991504e-16 4.789216e-15
34 32 1.374912e-02 8.094162e-03 0 0 0 0 6.092335e-16 4.165727e-15
34 33 1.374912e-02 1.054929e-02 0 0 0 0 2.141733e-15 3.520231e-15
34 34 1.374912e-02 1.374912e-02 0 0 0 0 2.460816e-14 2.912366e-15
34 35 1.374912e-02 1.791952e-02 0 0 0 0 1.853755e-15 2.329395e-15
34 36 1.374912e-02 2.335489e-02 0 0 0 0 5.256354e-16 1.840664e-15
34 37 1.374912e-02 3.043893e-02 0 0 0 0 1.834434e-16 1.427968e-15
34 38 1.374912e-02 3.967171e-02 0 0 0 0 6.792465e-17 1.144593e-15
34 39 1.374912e-02 5.170498e-02 0 0 0 0 2.569938e-17 9.202441e-16
35 20 1.791952e-02 3.369410e-04 0 0 0 0 -7.245815e-21 4.287796e-15
35 21 1.791952e-02 4.391424e-04 0 0 0 0 -7.422565e-21 4.489496e-15
35 22 1.791952e-02 5.723437e-04 0 0 0 0 3.264919e-23 4.741945e-15
35 23 1.791952e-02 7.459478e-04 0 0 0 0 4.356636e-22 4.960736e-15
35 24 1.791952e-02 9.722096e-04 0 0 0 0 1.152139e-20 5.131108e-15
35 25 1.791952e-02 1.267102e-03 0 0 0 0 7.969171e-20 5.228458e-15
35 26 1.791952e-02 1.651440e-03 0 0 0 0 3.062507e-19 5.229211e-15
35 27 1.791952e-02 2.152358e-03 0 0 0 0 9.165122e-19 5.136011e-15
35 28 1.791952e-02 2.805213e-03 0 0 0 0 2.568568e-18 4.920812e-15
35 29 1.791952e-02 3.656095e-03 0 0 0 0 7.474982e-18 4.611089e-15
35 30 1.791952e-02 4.765066e-03 0 0 0 0 2.161964e-17 4.200902e-15
35 31 1.791952e-02 6.210412e-03 0 0 0 0 6.279521e-17 3.734883e-15
35 32 1.791952e-02 8.094162e-03 0 0 0 0 1.837621e-16 3.245390e-15
35 33 1.791952e-02 1.054929e-02 0 0 0 0 5.500901e-16 2.762151e-15
35 34 1.791952e-02 1.374912e-02 0 0 0 0 1.853755e-15 2.329395e-15
35 35 1.791952e-02 1.791952e-02 0 0 0 0 1.585816e-14 1.898245e-15
35 36 1.791952e-02 2.335489e-02 0 0 0 0 1.681838e-15 1.508140e-15
35 37 1.791952e-02 3.043893e-02 0 0 0 0 5.284536e-16 1.174518e-15
35 38 1.791952e-02 3.967171e-02 0 0 0 0 1.941536e-16 9.394651e-16
35 39 1.791952e-02 5.170498e-02 0 0 0 0 7.362650e-17 7.503712e-16
36 20 2.335489e-02 3.369410e-04 0 0 0 0 -2.324752e-22 3.479000e-15
36 21 2.335489e-02 4.391424e-04 0 0 0 0 -1.368971e-20 3.639367e-15
36 22 2.335489e-02 5.723437e-04 0 0 0 0 2.196654e-21 3.839394e-15
36 23 2.335489e-02 7.459478e-04 0 0 0 0 3.912611e-21 4.010391e-15
36 24 2.335489e-02 9.722096e-04 0 0 0 0 1.293702e-20 4.140066e-15
36 25 2.335489e-02 1.267102e-03 0 0 0 0 3.215842e-20 4.208945e-15
36 26 2.335489e-02 1.651440e-03 0 0 0 0 8.360687e-20 4.197951e-15
36 27 2.335489e-02 2.152358e-03 0 0 0 0 2.961833e-19 4.110921e-15
36 28 2.335489e-02 2.805213e-03 0 0 0 0 9.088220e-19 3.926953e-15
36 29 2.335489e-02 3.656095e-03 0 0 0 0 2.563385e-18 3.671878e-15
36 30 2.335489e-02 4.765066e-03 0 0 0 0 7.423397e-18 3.341652e-15
36 31 2.335489e-02 6.210412e-03 0 0 0 0 2.141984e-17 2.969714e-15
36 32 2.335489e-02 8.094162e-03 0 0 0 0 6.188969e-17 2.579615e-15
36 33 2.335489e-02 1.054929e-02 0 0 0 0 1.793126e-16 2.190563e-15
36 34 2.335489e-02 1.374912e-02 0 0 0 0 5.256354e-16 1.840664e-15
36 35 2.335489e-02 1.791952e-02 0 0 0 0 1.681838e-15 1.508140e-15
36 36 2.335489e-02 2.335489e-02 0 0 0 0 1.061911e-14 1.224972e-15
36 37 2.335489e-02 3.043893e-02 0 0 0 0 1.606005e-15 9.739917e-16
36 38 2.335489e-02 3.967171e-02 0 0 0 0 5.522744e-16 7.768056e-16
36 39 2.335489e-02 5.170498e-02 0 0 0 0 2.098081e-16 6.159234e-16
37 20 3.043893e-02 3.369410e-04 0 0 0 0 4.257351e-22 2.846801e-15
37 21 3.043893e-02 4.391424e-04 0 0 0 0 -2.644787e-20 2.974676e-15
37 22 3.043893e-02 5.723437e-04 0 0 0 0 7.846827e-21 3.133276e-15
37 23 3.043893e-02 7.459478e-04 0 0 0 0 6.552996e-21 3.266024e-15
37 24 3.043893e-02 9.722096e-04 0 0 0 0 1.250830e-20 3.362443e-15
37 25 3.043893e-02 1.267102e-03 0 0 0 0 2.440081e-20 3.407062e-15
37 26 3.043893e-02 1.651440e-03 0 0 0 0 4.970584e-20 3.384285e-15
37 27 3.043893e-02 2.152358e-03 0 0 0 0 1.116987e-19 3.299157e-15
37 28 3.043893e-02 2.805213e-03 0 0 0 0 3.131941e-19 3.136048e-15
37 29 3.043893e-02 3.656095e-03 0 0 0 0 9.267837e-19 2.919248e-15
37 30 3.043893e-02 4.765066e-03 0 0 0 0 2.675885e-18 2.645949e-15
37 31 3.043893e-02 6.210412e-03 0 0 0 0 7.699418e-18 2.341372e-15
37 32 3.043893e-02 8.094162e-03 0 0 0 0 2.218155e-17 2.023901e-15
37 33 3.043893e-02 1.054929e-02 0 0 0 0 6.382177e-17 1.708371e-15
37 34 3.043893e-02 1.374912e-02 0 0 0 0 1.834434e-16 1.427968e-15
37 35 3.043893e-02 1.791952e-02 0 0 0 0 5.284536e-16 1.174518e-15
37 36 3.043893e-02 2.335489e-02 0 0 0 0 1.606005e-15 9.739917e-16
37 37 3.043893e-02 3.043893e-02 0 0 0 0 7.513224e-15 7.919038e-16
37 38 3.043893e-02 3.967171e-02 0 0 0 0 1.607222e-15 6.338469e-16
37 39 3.043893e-02 5.170498e-02 0 0 0 0 5.921111e-16 5.028567e-16
38 20 3.967171e-02 3.369410e-04 0 0 0 0 -1.617265e-20 2.373578e-15
38 21 3.967171e-02 4.391424e-04 0 0 0 0 -4.930600e-20 2.478306e-15
38 22 3.967171e-02 5.723437e-04 0 0 0 0 1.436921e-20 2.607703e-15
38 23 3.967171e-02 7.459478e-04 0 0 0 0 1.996019e-21 2.714396e-15
38 24 3.967171e-02 9.722096e-04 0 0 0 0 3.923985e-21 2.789413e-15
38 25 3.967171e-02 1.267102e-03 0 0 0 0 9.694386e-21 2.820109e-15
38 26 3.967171e-02 1.651440e-03 0 0 0 0 2.292887e-20 2.793414e-15
38 27 3.967171e-02 2.152358e-03 0 0 0 0 5.334959e-20 2.714318e-15
38 28 3.967171e-02 2.805213e-03 0 0 0 0 1.336169e-19 2.569883e-15
38 29 3.967171e-02 3.656095e-03 0 0 0 0 3.461291e-19 2.381285e-15
38 30 3.967171e-02 4.765066e-03 0 0 0 0 9.809074e-19 2.147381e-15
38 31 3.967171e-02 6.210412e-03 0 0 0 0 2.867076e-18 1.891396e-15
38 32 3.967171e-02 8.094162e-03 0 0 0 0 8.229386e-18 1.629271e-15
38 33 3.967171e-02 1.054929e-02 0 0 0 0 2.367490e-17 1.371549e-15
38 34 3.967171e-02 1.374912e-02 0 0 0 0 6.792465e-17 1.144593e-15
38 35 3.967171e-02 1.791952e-02 0 0 0 0 1.941536e-16 9.394651e-16
38 36 3.967171e-02 2.335489e-02 0 0 0 0 5.522744e-16 7.768056e-16
38 37 3.967171e-02 3.043893e-02 0 0 0 0 1.607222e-15 6.338469e-16
38 38 3.967171e-02 3.967171e-02 0 0 0 0 5.715698e-15 5.157211e-16
38 39 3.967171e-02 5.170498e-02 0 0 0 0 1.668489e-15 4.167116e-16
39 20 5.170498e-02 3.369410e-04 0 0 0 0 -8.508643e-20 2.008023e-15
39 21 5.170498e-02 4.391424e-04 0 0 0 0 -7.989662e-20 2.095396e-15
39 22 5.170498e-02 5.723437e-04 0 0 0 0 2.617124e-20 2.202940e-15
39 23 5.170498e-02 7.459478e-04 0 0 0 0 -1.999513e-21 2.290365e-15
39 24 5.170498e-02 9.722096e-04 0 0 0 0 -1.781656e-21 2.349815e-15
39 25 5.170498e-02 1.267102e-03 0 0 0 0 -7.126382e-22 2.370633e-15
39 26 5.170498e-02 1.651440e-03 0 0 0 0 2.460169e-21 2.341601e-15
39 27 5.170498e-02 2.152358e-03 0 0 0 0 1.409073e-20 2.267466e-15
39 28 5.170498e-02 2.805213e-03 0 0 0 0 4.811076e-20 2.137299e-15
39 29 5.170498e-02 3.656095e-03 0 0 0 0 1.401540e-19 1.969941e-15
39 30 5.170498e-02 4.765066e-03 0 0 0 0 3.803859e-19 1.765417e-15
39 31 5.170498e-02 6.210412e-03 0 0 0 0 1.069321e-18 1.545377e-15
39 32 5.170498e-02 8.094162e-03 0 0 0 0 3.110821e-18 1.323869e-15
39 33 5.170498e-02 1.054929e-02 0 0 0 0 8.941995e-18 1.108354e-15
39 34 5.170498e-02 1.374912e-02 0 0 0 0 2.569938e-17 9.202441e-16
39 35 5.170498e-02 1.791952e-02 0 0 0 0 7.362650e-17 7.503712e-16
39 36 5.170498e-02 2.335489e-02 0 0 0 0 2.098081e-16 6.159234e-16
39 37 5.170498e-02 3.043893e-02 0 0 0 0 5.921111e-16 5.028567e-16
39 38 5.170498e-02 3.967171e-02 0 0 0 0 1.668489e-15 4.167116e-16
39 39 5.170498e-02 5.170498e-02 0 0 0 0 4.724864e-15 3.445168e-16
# Please cite the following papers in research using this covariance:
# arXiv: 1601.05779, https://arxiv.org/abs/1601.05779
# arXiv: 1911.11947, https://arxiv.org/abs/1911.11947
# arXiv: 2004.04833, https://arxiv.org/abs/2004.04833
########################################################
0 20 3.369410e-04 3.369410e-04 0 0 0 0 -5.072495e-15 1.637856e-13
0 21 3.369410e-04 4.391424e-04 0 0 0 0 -1.161995e-14 1.712388e-13
0 22 3.369410e-04 5.723437e-04 0 0 0 0 -1.215131e-15 1.803983e-13
0 23 3.369410e-04 7.459478e-04 0 0 0 0 1.359582e-14 1.879248e-13
0 24 3.369410e-04 9.722096e-04 0 0 0 0 2.496966e-14 1.931291e-13
0 25 3.369410e-04 1.267102e-03 0 0 0 0 3.144191e-14 1.950196e-13
0 26 3.369410e-04 1.651440e-03 0 0 0 0 3.370478e-14 1.925830e-13
0 27 3.369410e-04 2.152358e-03 0 0 0 0 3.294138e-14 1.860984e-13
0 28 3.369410e-04 2.805213e-03 0 0 0 0 3.028518e-14 1.745805e-13
0 29 3.369410e-04 3.656095e-03 0 0 0 0 2.667059e-14 1.596427e-13
0 30 3.369410e-04 4.765066e-03 0 0 0 0 2.279455e-14 1.412767e-13
0 31 3.369410e-04 6.210412e-03 0 0 0 0 1.912788e-14 1.215285e-13
0 32 3.369410e-04 8.094162e-03 0 0 0 0 1.594915e-14 1.017267e-13
0 33 3.369410e-04 1.054929e-02 0 0 0 0 1.338731e-14 8.280894e-14
0 34 3.369410e-04 1.374912e-02 0 0 0 0 1.146632e-14 6.681060e-14
0 35 3.369410e-04 1.791952e-02 0 0 0 0 1.014577e-14 5.276785e-14
0 36 3.369410e-04 2.335489e-02 0 0 0 0 9.352177e-15 4.225818e-14
0 37 3.369410e-04 3.043893e-02 0 0 0 0 8.997632e-15 3.367572e-14
0 38 3.369410e-04 3.967171e-02 0 0 0 0 8.982873e-15 2.744952e-14
0 39 3.369410e-04 5.170498e-02 0 0 0 0 9.187035e-15 2.260765e-14
1 20 4.391424e-04 3.369410e-04 0 0 0 0 -3.386461e-16 1.415141e-13
1 21 4.391424e-04 4.391424e-04 0 0 0 0 -5.216341e-15 1.480509e-13
1 22 4.391424e-04 5.723437e-04 0 0 0 0 -1.229372e-14 1.561097e-13
1 23 4.391424e-04 7.459478e-04 0 0 0 0 -1.635446e-15 1.628200e-13
1 24 4.391424e-04 9.722096e-04 0 0 0 0 1.308740e-14 1.676075e-13
1 25 4.391424e-04 1.267102e-03 0 0 0 0 2.374304e-14 1.696129e-13
1 26 4.391424e-04 1.651440e-03 0 0 0 0 2.918415e-14 1.679503e-13
1 27 4.391424e-04 2.152358e-03 0 0 0 0 3.045224e-14 1.627882e-13
1 28 4.391424e-04 2.805213e-03 0 0 0 0 2.897833e-14 1.532492e-13
1 29 4.391424e-04 3.656095e-03 0 0 0 0 2.600869e-14 1.406487e-13
1 30 4.391424e-04 4.765066e-03 0 0 0 0 2.246764e-14 1.249395e-13
1 31 4.391424e-04 6.210412e-03 0 0 0 0 1.896895e-14 1.078636e-13
1 32 4.391424e-04 8.094162e-03 0 0 0 0 1.587214e-14 9.056282e-14
1 33 4.391424e-04 1.054929e-02 0 0 0 0 1.334959e-14 7.390811e-14
1 34 4.391424e-04 1.374912e-02 0 0 0 0 1.144744e-14 5.970886e-14
1 35 4.391424e-04 1.791952e-02 0 0 0 0 1.013596e-14 4.717609e-14
1 36 4.391424e-04 2.335489e-02 0 0 0 0 9.346837e-15 3.775487e-14
1 37 4.391424e-04 3.043893e-02 0 0 0 0 8.994579e-15 3.002867e-14
1 38 4.391424e-04 3.967171e-02 0 0 0 0 8.981050e-15 2.443029e-14
1 39 4.391424e-04 5.170498e-02 0 0 0 0 9.185900e-15 2.006956e-14
2 20 5.723437e-04 3.369410e-04 0 0 0 0 -5.656053e-17 1.203539e-13
2 21 5.723437e-04 4.391424e-04 0 0 0 0 -2.314053e-16 1.259948e-13
2 22 5.723437e-04 5.723437e-04 0 0 0 0 -5.298332e-15 1.329648e-13
2 23 5.723437e-04 7.459478e-04 0 0 0 0 -1.281198e-14 1.388295e-13
2 24 5.723437e-04 9.722096e-04 0 0 0 0 -2.034665e-15 1.431295e-13
2 25 5.723437e-04 1.267102e-03 0 0 0 0 1.229376e-14 1.451467e-13
2 26 5.723437e-04 1.651440e-03 0 0 0 0 2.200332e-14 1.441222e-13
2 27 5.723437e-04 2.152358e-03 0 0 0 0 2.637104e-14 1.401430e-13
2 28 5.723437e-04 2.805213e-03 0 0 0 0 2.680021e-14 1.324376e-13
2 29 5.723437e-04 3.656095e-03 0 0 0 0 2.489569e-14 1.220378e-13
2 30 5.723437e-04 4.765066e-03 0 0 0 0 2.191562e-14 1.088649e-13
2 31 5.723437e-04 6.210412e-03 0 0 0 0 1.869983e-14 9.436988e-14
2 32 5.723437e-04 8.094162e-03 0 0 0 0 1.574160e-14 7.951129e-14
2 33 5.723437e-04 1.054929e-02 0 0 0 0 1.328562e-14 6.508443e-14
2 34 5.723437e-04 1.374912e-02 0 0 0 0 1.141536e-14 5.267073e-14
2 35 5.723437e-04 1.791952e-02 0 0 0 0 1.011930e-14 4.164469e-14
2 36 5.723437e-04 2.335489e-02 0 0 0 0 9.337763e-15 3.331148e-14
2 37 5.723437e-04 3.043893e-02 0 0 0 0 8.989396e-15 2.644388e-14
2 38 5.723437e-04 3.967171e-02 0 0 0 0 8.977979e-15 2.147062e-14
2 39 5.723437e-04 5.170498e-02 0 0 0 0 9.184047e-15 1.758815e-14
3 20 7.459478e-04 3.369410e-04 0 0 0 0 -3.326450e-17 1.004706e-13
3 21 7.459478e-04 4.391424e-04 0 0 0 0 -6.957575e-18 1.052413e-13
3 22 7.459478e-04 5.723437e-04 0 0 0 0 -1.072641e-16 1.111496e-13
3 23 7.459478e-04 7.459478e-04 0 0 0 0 -5.228186e-15 1.161671e-13
3 24 7.459478e-04 9.722096e-04 0 0 0 0 -1.310758e-14 1.199284e-13
3 25 7.459478e-04 1.267102e-03 0 0 0 0 -2.362353e-15 1.218425e-13
3 26 7.459478e-04 1.651440e-03 0 0 0 0 1.127392e-14 1.212912e-13
3 27 7.459478e-04 2.152358e-03 0 0 0 0 1.986872e-14 1.183322e-13
3 28 7.459478e-04 2.805213e-03 0 0 0 0 2.322206e-14 1.122924e-13
3 29 7.459478e-04 3.656095e-03 0 0 0 0 2.303867e-14 1.039333e-13
3 30 7.459478e-04 4.765066e-03 0 0 0 0 2.098699e-14 9.315319e-14
3 31 7.459478e-04 6.210412e-03 0 0 0 0 1.824521e-14 8.112559e-14
3 32 7.459478e-04 8.094162e-03 0 0 0 0 1.552054e-14 6.862986e-14
3 33 7.459478e-04 1.054929e-02 0 0 0 0 1.317723e-14 5.637918e-14
3 34 7.459478e-04 1.374912e-02 0 0 0 0 1.136091e-14 4.572614e-14
3 35 7.459478e-04 1.791952e-02 0 0 0 0 1.009099e-14 3.619582e-14
3 36 7.459478e-04 2.335489e-02 0 0 0 0 9.322356e-15 2.894641e-14
3 37 7.459478e-04 3.043893e-02 0 0 0 0 8.980598e-15 2.293749e-14
3 38 7.459478e-04 3.967171e-02 0 0 0 0 8.972752e-15 1.858475e-14
3 39 7.459478e-04 5.170498e-02 0 0 0 0 9.180854e-15 1.517652e-14
4 20 9.722096e-04 3.369410e-04 0 0 0 0 -2.644458e-17 8.238169e-14
4 21 9.722096e-04 4.391424e-04 0 0 0 0 1.062482e-17 8.633098e-14
4 22 9.722096e-04 5.723437e-04 0 0 0 0 4.516517e-17 9.123945e-14
4 23 9.722096e-04 7.459478e-04 0 0 0 0 5.183026e-17 9.544867e-14
4 24 9.722096e-04 9.722096e-04 0 0 0 0 -5.013571e-15 9.865443e-14
4 25 9.722096e-04 1.267102e-03 0 0 0 0 -1.309629e-14 1.003605e-13
4 26 9.722096e-04 1.651440e-03 0 0 0 0 -2.567169e-15 1.001000e-13
4 27 9.722096e-04 2.152358e-03 0 0 0 0 1.010021e-14 9.795399e-14
4 28 9.722096e-04 2.805213e-03 0 0 0 0 1.750234e-14 9.334402e-14
4 29 9.722096e-04 3.656095e-03 0 0 0 0 1.998252e-14 8.680038e-14
4 30 9.722096e-04 4.765066e-03 0 0 0 0 1.943629e-14 7.820593e-14
4 31 9.722096e-04 6.210412e-03 0 0 0 0 1.748029e-14 6.846437e-14
4 32 9.722096e-04 8.094162e-03 0 0 0 0 1.514695e-14 5.818644e-14
4 33 9.722096e-04 1.054929e-02 0 0 0 0 1.299369e-14 4.800207e-14
4 34 9.722096e-04 1.374912e-02 0 0 0 0 1.126864e-14 3.903842e-14
4 35 9.722096e-04 1.791952e-02 0 0 0 0 1.004293e-14 3.095531e-14
4 36 9.722096e-04 2.335489e-02 0 0 0 0 9.296206e-15 2.476048e-14
4 37 9.722096e-04 3.043893e-02 0 0 0 0 8.965671e-15 1.959119e-14
4 38 9.722096e-04 3.967171e-02 0 0 0 0 8.963876e-15 1.584078e-14
4 39 9.722096e-04 5.170498e-02 0 0 0 0 9.175430e-15 1.289275e-14
5 20 1.267102e-03 3.369410e-04 0 0 0 0 -2.880000e-17 6.649269e-14
5 21 1.267102e-03 4.391424e-04 0 0 0 0 2.473893e-18 6.969303e-14
5 22 1.267102e-03 5.723437e-04 0 0 0 0 2.860507e-17 7.368623e-14
5 23 1.267102e-03 7.459478e-04 0 0 0 0 1.003672e-16 7.713920e-14
5 24 1.267102e-03 9.722096e-04 0 0 0 0 2.264205e-16 7.979638e-14
5 25 1.267102e-03 1.267102e-03 0 0 0 0 -4.637366e-15 8.124132e-14
5 26 1.267102e-03 1.651440e-03 0 0 0 0 -1.274337e-14 8.112770e-14
5 27 1.267102e-03 2.152358e-03 0 0 0 0 -2.620902e-15 7.955538e-14
5 28 1.267102e-03 2.805213e-03 0 0 0 0 8.858580e-15 7.606104e-14
5 29 1.267102e-03 3.656095e-03 0 0 0 0 1.508158e-14 7.104432e-14
5 30 1.267102e-03 4.765066e-03 0 0 0 0 1.688023e-14 6.437481e-14
5 31 1.267102e-03 6.210412e-03 0 0 0 0 1.620207e-14 5.667915e-14
5 32 1.267102e-03 8.094162e-03 0 0 0 0 1.451840e-14 4.841873e-14
5 33 1.267102e-03 1.054929e-02 0 0 0 0 1.268352e-14 4.014117e-14
5 34 1.267102e-03 1.374912e-02 0 0 0 0 1.111246e-14 3.275407e-14
5 35 1.267102e-03 1.791952e-02 0 0 0 0 9.961444e-15 2.603573e-14
5 36 1.267102e-03 2.335489e-02 0 0 0 0 9.251839e-15 2.084262e-14
5 37 1.267102e-03 3.043893e-02 0 0 0 0 8.940349e-15 1.647589e-14
5 38 1.267102e-03 3.967171e-02 0 0 0 0 8.948815e-15 1.329741e-14
5 39 1.267102e-03 5.170498e-02 0 0 0 0 9.166220e-15 1.078663e-14
6 20 1.651440e-03 3.369410e-04 0 0 0 0 -3.251931e-17 5.296304e-14
6 21 1.651440e-03 4.391424e-04 0 0 0 0 -4.463247e-18 5.550348e-14
6 22 1.651440e-03 5.723437e-04 0 0 0 0 1.003728e-17 5.868190e-14
6 23 1.651440e-03 7.459478e-04 0 0 0 0 4.771066e-17 6.144355e-14
6 24 1.651440e-03 9.722096e-04 0 0 0 0 1.389408e-16 6.358854e-14
6 25 1.651440e-03 1.267102e-03 0 0 0 0 4.016522e-16 6.478309e-14
6 26 1.651440e-03 1.651440e-03 0 0 0 0 -4.123662e-15 6.473990e-14
6 27 1.651440e-03 2.152358e-03 0 0 0 0 -1.205442e-14 6.352073e-14
6 28 1.651440e-03 2.805213e-03 0 0 0 0 -2.520892e-15 6.080593e-14
6 29 1.651440e-03 3.656095e-03 0 0 0 0 7.630895e-15 5.699061e-14
6 30 1.651440e-03 4.765066e-03 0 0 0 0 1.276957e-14 5.193573e-14
6 31 1.651440e-03 6.210412e-03 0 0 0 0 1.409285e-14 4.600034e-14
6 32 1.651440e-03 8.094162e-03 0 0 0 0 1.346775e-14 3.952267e-14
6 33 1.651440e-03 1.054929e-02 0 0 0 0 1.216171e-14 3.295540e-14
6 34 1.651440e-03 1.374912e-02 0 0 0 0 1.084868e-14 2.699722e-14
6 35 1.651440e-03 1.791952e-02 0 0 0 0 9.823557e-15 2.153141e-14
6 36 1.651440e-03 2.335489e-02 0 0 0 0 9.176599e-15 1.726413e-14
6 37 1.651440e-03 3.043893e-02 0 0 0 0 8.897406e-15 1.364505e-14
6 38 1.651440e-03 3.967171e-02 0 0 0 0 8.923268e-15 1.099752e-14
6 39 1.651440e-03 5.170498e-02 0 0 0 0 9.150580e-15 8.893435e-15
7 20 2.152358e-03 3.369410e-04 0 0 0 0 -3.291663e-17 4.190980e-14
7 21 2.152358e-03 4.391424e-04 0 0 0 0 -7.465149e-18 4.389563e-14
7 22 2.152358e-03 5.723437e-04 0 0 0 0 5.315171e-19 4.638321e-14
7 23 2.152358e-03 7.459478e-04 0 0 0 0 1.924293e-17 4.854490e-14
7 24 2.152358e-03 9.722096e-04 0 0 0 0 5.175581e-17 5.023111e-14
7 25 2.152358e-03 1.267102e-03 0 0 0 0 1.651586e-16 5.118406e-14
7 26 2.152358e-03 1.651440e-03 0 0 0 0 5.499081e-16 5.114972e-14
7 27 2.152358e-03 2.152358e-03 0 0 0 0 -3.521609e-15 5.013990e-14
7 28 2.152358e-03 2.805213e-03 0 0 0 0 -1.107783e-14 4.795226e-14
7 29 2.152358e-03 3.656095e-03 0 0 0 0 -2.292367e-15 4.499713e-14
7 30 2.152358e-03 4.765066e-03 0 0 0 0 6.486251e-15 4.115753e-14
7 31 2.152358e-03 6.210412e-03 0 0 0 0 1.069358e-14 3.663852e-14
7 32 2.152358e-03 8.094162e-03 0 0 0 0 1.173322e-14 3.168200e-14
7 33 2.152358e-03 1.054929e-02 0 0 0 0 1.128972e-14 2.659337e-14
7 34 2.152358e-03 1.374912e-02 0 0 0 0 1.040499e-14 2.188669e-14
7 35 2.152358e-03 1.791952e-02 0 0 0 0 9.590855e-15 1.753470e-14
7 36 2.152358e-03 2.335489e-02 0 0 0 0 9.049289e-15 1.409351e-14
7 37 2.152358e-03 3.043893e-02 0 0 0 0 8.824627e-15 1.114912e-14
7 38 2.152358e-03 3.967171e-02 0 0 0 0 8.879951e-15 8.981025e-15
7 39 2.152358e-03 5.170498e-02 0 0 0 0 9.124040e-15 7.245467e-15
8 20 2.805213e-03 3.369410e-04 0 0 0 0 -3.358999e-17 3.310275e-14
8 21 2.805213e-03 4.391424e-04 0 0 0 0 -8.788447e-18 3.464229e-14
8 22 2.805213e-03 5.723437e-04 0 0 0 0 -3.137305e-18 3.657001e-14
8 23 2.805213e-03 7.459478e-04 0 0 0 0 8.059498e-18 3.823506e-14
8 24 2.805213e-03 9.722096e-04 0 0 0 0 1.695721e-17 3.952066e-14
8 25 2.805213e-03 1.267102e-03 0 0 0 0 5.170067e-17 4.023048e-14
8 26 2.805213e-03 1.651440e-03 0 0 0 0 1.747906e-16 4.016409e-14
8 27 2.805213e-03 2.152358e-03 0 0 0 0 6.477838e-16 3.932967e-14
8 28 2.805213e-03 2.805213e-03 0 0 0 0 -2.891719e-15 3.756084e-14
8 29 2.805213e-03 3.656095e-03 0 0 0 0 -9.897439e-15 3.517764e-14
8 30 2.805213e-03 4.765066e-03 0 0 0 0 -1.977761e-15 3.213123e-14
8 31 2.805213e-03 6.210412e-03 0 0 0 0 5.475243e-15 2.866814e-14
8 32 2.805213e-03 8.094162e-03 0 0 0 0 8.934867e-15 2.496026e-14
8 33 2.805213e-03 1.054929e-02 0 0 0 0 9.850564e-15 2.110336e-14
8 34 2.805213e-03 1.374912e-02 0 0 0 0 9.664172e-15 1.746558e-14
8 35 2.805213e-03 1.791952e-02 0 0 0 0 9.199636e-15 1.407909e-14
8 36 2.805213e-03 2.335489e-02 0 0 0 0 8.834557e-15 1.135138e-14
8 37 2.805213e-03 3.043893e-02 0 0 0 0 8.701494e-15 8.998759e-15
8 38 2.805213e-03 3.967171e-02 0 0 0 0 8.806579e-15 7.253313e-15
8 39 2.805213e-03 5.170498e-02 0 0 0 0 9.079038e-15 5.844312e-15
9 20 3.656095e-03 3.369410e-04 0 0 0 0 -3.383745e-17 2.626594e-14
9 21 3.656095e-03 4.391424e-04 0 0 0 0 -9.212834e-18 2.746136e-14
9 22 3.656095e-03 5.723437e-04 0 0 0 0 -4.399960e-18 2.895402e-14
9 23 3.656095e-03 7.459478e-04 0 0 0 0 4.220239e-18 3.022691e-14
9 24 3.656095e-03 9.722096e-04 0 0 0 0 5.300397e-18 3.118615e-14
9 25 3.656095e-03 1.267102e-03 0 0 0 0 1.465863e-17 3.168483e-14
9 26 3.656095e-03 1.651440e-03 0 0 0 0 4.782835e-17 3.157814e-14
9 27 3.656095e-03 2.152358e-03 0 0 0 0 1.669751e-16 3.089100e-14
9 28 3.656095e-03 2.805213e-03 0 0 0 0 6.851281e-16 2.945446e-14
9 29 3.656095e-03 3.656095e-03 0 0 0 0 -2.292990e-15 2.745919e-14
9 30 3.656095e-03 4.765066e-03 0 0 0 0 -8.615383e-15 2.492244e-14
9 31 3.656095e-03 6.210412e-03 0 0 0 0 -1.623915e-15 2.219308e-14
9 32 3.656095e-03 8.094162e-03 0 0 0 0 4.628384e-15 1.940734e-14
9 33 3.656095e-03 1.054929e-02 0 0 0 0 7.529612e-15 1.650608e-14
9 34 3.656095e-03 1.374912e-02 0 0 0 0 8.442931e-15 1.375482e-14
9 35 3.656095e-03 1.791952e-02 0 0 0 0 8.547213e-15 1.117640e-14
9 36 3.656095e-03 2.335489e-02 0 0 0 0 8.473874e-15 9.045115e-15
9 37 3.656095e-03 3.043893e-02 0 0 0 0 8.493847e-15 7.196809e-15
9 38 3.656095e-03 3.967171e-02 0 0 0 0 8.682485e-15 5.812055e-15
9 39 3.656095e-03 5.170498e-02 0 0 0 0 9.002825e-15 4.684098e-15
10 20 4.765066e-03 3.369410e-04 0 0 0 0 -3.382226e-17 2.105202e-14
10 21 4.765066e-03 4.391424e-04 0 0 0 0 -9.359104e-18 2.198969e-14
10 22 4.765066e-03 5.723437e-04 0 0 0 0 -4.785146e-18 2.315559e-14
10 23 4.765066e-03 7.459478e-04 0 0 0 0 3.034673e-18 2.413410e-14
10 24 4.765066e-03 9.722096e-04 0 0 0 0 1.773812e-18 2.484923e-14
10 25 4.765066e-03 1.267102e-03 0 0 0 0 3.736091e-18 2.518885e-14
10 26 4.765066e-03 1.651440e-03 0 0 0 0 1.244490e-17 2.503908e-14
10 27 4.765066e-03 2.152358e-03 0 0 0 0 4.041273e-17 2.442905e-14
10 28 4.765066e-03 2.805213e-03 0 0 0 0 1.464266e-16 2.321923e-14
10 29 4.765066e-03 3.656095e-03 0 0 0 0 6.643108e-16 2.155516e-14
10 30 4.765066e-03 4.765066e-03 0 0 0 0 -1.770897e-15 1.945714e-14
10 31 4.765066e-03 6.210412e-03 0 0 0 0 -7.332659e-15 1.722969e-14
10 32 4.765066e-03 8.094162e-03 0 0 0 0 -1.271604e-15 1.500702e-14
10 33 4.765066e-03 1.054929e-02 0 0 0 0 3.957729e-15 1.277197e-14
10 34 4.765066e-03 1.374912e-02 0 0 0 0 6.477233e-15 1.072809e-14
10 35 4.765066e-03 1.791952e-02 0 0 0 0 7.473814e-15 8.796314e-15
10 36 4.765066e-03 2.335489e-02 0 0 0 0 7.873195e-15 7.153125e-15
10 37 4.765066e-03 3.043893e-02 0 0 0 0 8.145446e-15 5.725632e-15
10 38 4.765066e-03 3.967171e-02 0 0 0 0 8.473252e-15 4.638027e-15
10 39 4.765066e-03 5.170498e-02 0 0 0 0 8.873970e-15 3.744593e-15
11 20 6.210412e-03 3.369410e-04 0 0 0 0 -3.376383e-17 1.695600e-14
11 21 6.210412e-03 4.391424e-04 0 0 0 0 -9.352847e-18 1.769996e-14
11 22 6.210412e-03 5.723437e-04 0 0 0 0 -4.942199e-18 1.862137e-14
11 23 6.210412e-03 7.459478e-04 0 0 0 0 2.707429e-18 1.938374e-14
11 24 6.210412e-03 9.722096e-04 0 0 0 0 7.903886e-19 1.992396e-14
11 25 6.210412e-03 1.267102e-03 0 0 0 0 7.453097e-19 2.015234e-14
11 26 6.210412e-03 1.651440e-03 0 0 0 0 3.127869e-18 1.997529e-14
11 27 6.210412e-03 2.152358e-03 0 0 0 0 9.568874e-18 1.942386e-14
11 28 6.210412e-03 2.805213e-03 0 0 0 0 3.166286e-17 1.840215e-14
11 29 6.210412e-03 3.656095e-03 0 0 0 0 1.189667e-16 1.705295e-14
11 30 6.210412e-03 4.765066e-03 0 0 0 0 5.978111e-16 1.536423e-14
11 31 6.210412e-03 6.210412e-03 0 0 0 0 -1.351778e-15 1.350917e-14
11 32 6.210412e-03 8.094162e-03 0 0 0 0 -6.133925e-15 1.162500e-14
11 33 6.210412e-03 1.054929e-02 0 0 0 0 -9.496138e-16 9.832887e-15
11 34 6.210412e-03 1.374912e-02 0 0 0 0 3.460568e-15 8.307060e-15
11 35 6.210412e-03 1.791952e-02 0 0 0 0 5.751856e-15 6.861266e-15
11 36 6.210412e-03 2.335489e-02 0 0 0 0 6.887378e-15 5.614397e-15
11 37 6.210412e-03 3.043893e-02 0 0 0 0 7.566020e-15 4.532435e-15
11 38 6.210412e-03 3.967171e-02 0 0 0 0 8.122499e-15 3.685258e-15
11 39 6.210412e-03 5.170498e-02 0 0 0 0 8.656785e-15 2.984897e-15
12 20 8.094162e-03 3.369410e-04 0 0 0 0 -3.374598e-17 1.382517e-14
12 21 8.094162e-03 4.391424e-04 0 0 0 0 -9.303560e-18 1.442686e-14
12 22 8.094162e-03 5.723437e-04 0 0 0 0 -4.924421e-18 1.516966e-14
12 23 8.094162e-03 7.459478e-04 0 0 0 0 2.627948e-18 1.577759e-14
12 24 8.094162e-03 9.722096e-04 0 0 0 0 4.897958e-19 1.619750e-14
12 25 8.094162e-03 1.267102e-03 0 0 0 0 -4.188502e-21 1.635600e-14
12 26 8.094162e-03 1.651440e-03 0 0 0 0 7.706871e-19 1.617646e-14
12 27 8.094162e-03 2.152358e-03 0 0 0 0 2.186122e-18 1.568930e-14
12 28 8.094162e-03 2.805213e-03 0 0 0 0 6.809212e-18 1.482023e-14
12 29 8.094162e-03 3.656095e-03 0 0 0 0 2.302392e-17 1.369407e-14
12 30 8.094162e-03 4.765066e-03 0 0 0 0 8.981561e-17 1.229520e-14
12 31 8.094162e-03 6.210412e-03 0 0 0 0 5.029272e-16 1.074769e-14
12 32 8.094162e-03 8.094162e-03 0 0 0 0 -1.043095e-15 9.167903e-15
12 33 8.094162e-03 1.054929e-02 0 0 0 0 -5.078999e-15 7.687537e-15
12 34 8.094162e-03 1.374912e-02 0 0 0 0 -6.737770e-16 6.462484e-15
12 35 8.094162e-03 1.791952e-02 0 0 0 0 3.123749e-15 5.334622e-15
12 36 8.094162e-03 2.335489e-02 0 0 0 0 5.312615e-15 4.399421e-15
12 37 8.094162e-03 3.043893e-02 0 0 0 0 6.617538e-15 3.588675e-15
12 38 8.094162e-03 3.967171e-02 0 0 0 0 7.539914e-15 2.931733e-15
12 39 8.094162e-03 5.170498e-02 0 0 0 0 8.292904e-15 2.387461e-15
13 20 1.054929e-02 3.369410e-04 0 0 0 0 -3.374035e-17 1.117548e-14
13 21 1.054929e-02 4.391424e-04 0 0 0 0 -9.284452e-18 1.166038e-14
13 22 1.054929e-02 5.723437e-04 0 0 0 0 -4.967894e-18 1.225857e-14
13 23 1.054929e-02 7.459478e-04 0 0 0 0 2.630869e-18 1.274643e-14
13 24 1.054929e-02 9.722096e-04 0 0 0 0 4.739254e-19 1.308006e-14
13 25 1.054929e-02 1.267102e-03 0 0 0 0 -2.380487e-19 1.319895e-14
13 26 1.054929e-02 1.651440e-03 0 0 0 0 2.283996e-19 1.303942e-14
13 27 1.054929e-02 2.152358e-03 0 0 0 0 4.739528e-19 1.262504e-14
13 28 1.054929e-02 2.805213e-03 0 0 0 0 1.392536e-18 1.189589e-14
13 29 1.054929e-02 3.656095e-03 0 0 0 0 4.442920e-18 1.095935e-14
13 30 1.054929e-02 4.765066e-03 0 0 0 0 1.537036e-17 9.812906e-15
13 31 1.054929e-02 6.210412e-03 0 0 0 0 6.268076e-17 8.572340e-15
13 32 1.054929e-02 8.094162e-03 0 0 0 0 3.965825e-16 7.316395e-15
13 33 1.054929e-02 1.054929e-02 0 0 0 0 -8.379710e-16 6.096293e-15
13 34 1.054929e-02 1.374912e-02 0 0 0 0 -4.201253e-15 5.043021e-15
13 35 1.054929e-02 1.791952e-02 0 0 0 0 -4.495803e-16 4.119493e-15
13 36 1.054929e-02 2.335489e-02 0 0 0 0 2.926848e-15 3.420876e-15
13 37 1.054929e-02 3.043893e-02 0 0 0 0 5.109204e-15 2.815843e-15
13 38 1.054929e-02 3.967171e-02 0 0 0 0 6.588449e-15 2.313040e-15
13 39 1.054929e-02 5.170498e-02 0 0 0 0 7.689177e-15 1.897662e-15
14 20 1.374912e-02 3.369410e-04 0 0 0 0 -3.368445e-17 9.052110e-15
14 21 1.374912e-02 4.391424e-04 0 0 0 0 -9.196620e-18 9.447306e-15
14 22 1.374912e-02 5.723437e-04 0 0 0 0 -5.011552e-18 9.935288e-15
14 23 1.374912e-02 7.459478e-04 0 0 0 0 2.573096e-18 1.033472e-14
14 24 1.374912e-02 9.722096e-04 0 0 0 0 4.369621e-19 1.060962e-14
14 25 1.374912e-02 1.267102e-03 0 0 0 0 -2.441413e-19 1.070954e-14
14 26 1.374912e-02 1.651440e-03 0 0 0 0 9.774223e-20 1.058181e-14
14 27 1.374912e-02 2.152358e-03 0 0 0 0 9.636233e-20 1.024379e-14
14 28 1.374912e-02 2.805213e-03 0 0 0 0 2.518330e-19 9.646788e-15
14 29 1.374912e-02 3.656095e-03 0 0 0 0 7.747158e-19 8.880286e-15
14 30 1.374912e-02 4.765066e-03 0 0 0 0 2.523380e-18 7.944038e-15
14 31 1.374912e-02 6.210412e-03 0 0 0 0 9.066181e-18 6.935033e-15
14 32 1.374912e-02 8.094162e-03 0 0 0 0 3.950430e-17 5.911994e-15
14 33 1.374912e-02 1.054929e-02 0 0 0 0 2.919751e-16 4.900732e-15
14 34 1.374912e-02 1.374912e-02 0 0 0 0 -7.213895e-16 4.009165e-15
14 35 1.374912e-02 1.791952e-02 0 0 0 0 -3.511627e-15 3.238552e-15
14 36 1.374912e-02 2.335489e-02 0 0 0 0 -2.771109e-16 2.679898e-15
14 37 1.374912e-02 3.043893e-02 0 0 0 0 2.842504e-15 2.205770e-15
14 38 1.374912e-02 3.967171e-02 0 0 0 0 5.081570e-15 1.823642e-15
14 39 1.374912e-02 5.170498e-02 0 0 0 0 6.705020e-15 1.510941e-15
15 20 1.791952e-02 3.369410e-04 0 0 0 0 -3.360709e-17 7.165281e-15
15 21 1.791952e-02 4.391424e-04 0 0 0 0 -9.044610e-18 7.479976e-15
15 22 1.791952e-02 5.723437e-04 0 0 0 0 -5.018554e-18 7.869312e-15
15 23 1.791952e-02 7.459478e-04 0 0 0 0 2.579388e-18 8.190009e-15
15 24 1.791952e-02 9.722096e-04 0 0 0 0 4.134841e-19 8.413799e-15
15 25 1.791952e-02 1.267102e-03 0 0 0 0 -2.928758e-19 8.500287e-15
15 26 1.791952e-02 1.651440e-03 0 0 0 0 6.425684e-20 8.407534e-15
15 27 1.791952e-02 2.152358e-03 0 0 0 0 5.497465e-20 8.147336e-15
15 28 1.791952e-02 2.805213e-03 0 0 0 0 1.081595e-20 7.678788e-15
15 29 1.791952e-02 3.656095e-03 0 0 0 0 9.431670e-20 7.068812e-15
15 30 1.791952e-02 4.765066e-03 0 0 0 0 2.831450e-19 6.316794e-15
15 31 1.791952e-02 6.210412e-03 0 0 0 0 1.006792e-18 5.504819e-15
15 32 1.791952e-02 8.094162e-03 0 0 0 0 4.054335e-18 4.684692e-15
15 33 1.791952e-02 1.054929e-02 0 0 0 0 2.066887e-17 3.885444e-15
15 34 1.791952e-02 1.374912e-02 0 0 0 0 1.971085e-16 3.189574e-15
15 35 1.791952e-02 1.791952e-02 0 0 0 0 -6.762341e-16 2.568641e-15
15 36 1.791952e-02 2.335489e-02 0 0 0 0 -3.006108e-15 2.091832e-15
15 37 1.791952e-02 3.043893e-02 0 0 0 0 -1.569502e-16 1.700200e-15
15 38 1.791952e-02 3.967171e-02 0 0 0 0 2.834224e-15 1.414209e-15
15 39 1.791952e-02 5.170498e-02 0 0 0 0 5.151708e-15 1.183368e-15
16 20 2.335489e-02 3.369410e-04 0 0 0 0 -3.345912e-17 5.574112e-15
16 21 2.335489e-02 4.391424e-04 0 0 0 0 -8.812776e-18 5.822397e-15
16 22 2.335489e-02 5.723437e-04 0 0 0 0 -5.047151e-18 6.130825e-15
16 23 2.335489e-02 7.459478e-04 0 0 0 0 2.590722e-18 6.388411e-15
16 24 2.335489e-02 9.722096e-04 0 0 0 0 4.401931e-19 6.573560e-15
16 25 2.335489e-02 1.267102e-03 0 0 0 0 -2.687130e-19 6.654056e-15
16 26 2.335489e-02 1.651440e-03 0 0 0 0 4.341843e-20 6.596949e-15
16 27 2.335489e-02 2.152358e-03 0 0 0 0 7.481321e-21 6.408735e-15
16 28 2.335489e-02 2.805213e-03 0 0 0 0 8.846656e-21 6.056077e-15
16 29 2.335489e-02 3.656095e-03 0 0 0 0 -2.336633e-20 5.588096e-15
16 30 2.335489e-02 4.765066e-03 0 0 0 0 -4.333445e-20 5.003176e-15
16 31 2.335489e-02 6.210412e-03 0 0 0 0 -1.170346e-19 4.366817e-15
16 32 2.335489e-02 8.094162e-03 0 0 0 0 -2.322034e-19 3.721019e-15
16 33 2.335489e-02 1.054929e-02 0 0 0 0 -2.325496e-20 3.092253e-15
16 34 2.335489e-02 1.374912e-02 0 0 0 0 5.370600e-18 2.543998e-15
16 35 2.335489e-02 1.791952e-02 0 0 0 0 1.147631e-16 2.042655e-15
16 36 2.335489e-02 2.335489e-02 0 0 0 0 -6.877399e-16 1.642592e-15
16 37 2.335489e-02 3.043893e-02 0 0 0 0 -2.673366e-15 1.317151e-15
16 38 2.335489e-02 3.967171e-02 0 0 0 0 -9.585227e-17 1.093937e-15
16 39 2.335489e-02 5.170498e-02 0 0 0 0 2.850360e-15 9.171300e-16
17 20 3.043893e-02 3.369410e-04 0 0 0 0 -3.321142e-17 4.197866e-15
17 21 3.043893e-02 4.391424e-04 0 0 0 0 -8.460900e-18 4.387626e-15
17 22 3.043893e-02 5.723437e-04 0 0 0 0 -5.090029e-18 4.624367e-15
17 23 3.043893e-02 7.459478e-04 0 0 0 0 2.595509e-18 4.824892e-15
17 24 3.043893e-02 9.722096e-04 0 0 0 0 4.478994e-19 4.973274e-15
17 25 3.043893e-02 1.267102e-03 0 0 0 0 -2.548116e-19 5.044604e-15
17 26 3.043893e-02 1.651440e-03 0 0 0 0 7.748907e-20 5.013867e-15
17 27 3.043893e-02 2.152358e-03 0 0 0 0 2.254179e-20 4.884031e-15
17 28 3.043893e-02 2.805213e-03 0 0 0 0 -1.641833e-20 4.629590e-15
17 29 3.043893e-02 3.656095e-03 0 0 0 0 -2.131944e-20 4.286204e-15
17 30 3.043893e-02 4.765066e-03 0 0 0 0 -5.372181e-20 3.850978e-15
17 31 3.043893e-02 6.210412e-03 0 0 0 0 -1.705368e-19 3.371045e-15
17 32 3.043893e-02 8.094162e-03 0 0 0 0 -4.772656e-19 2.877190e-15
17 33 3.043893e-02 1.054929e-02 0 0 0 0 -1.337632e-18 2.391573e-15
17 34 3.043893e-02 1.374912e-02 0 0 0 0 -3.577924e-18 1.964933e-15
17 35 3.043893e-02 1.791952e-02 0 0 0 0 -7.584194e-18 1.577204e-15
17 36 3.043893e-02 2.335489e-02 0 0 0 0 4.416146e-17 1.272257e-15
17 37 3.043893e-02 3.043893e-02 0 0 0 0 -7.454377e-16 1.018566e-15
17 38 3.043893e-02 3.967171e-02 0 0 0 0 -2.501681e-15 8.356084e-16
17 39 3.043893e-02 5.170498e-02 0 0 0 0 -1.088164e-16 6.923627e-16
18 20 3.967171e-02 3.369410e-04 0 0 0 0 -3.282160e-17 3.038635e-15
18 21 3.967171e-02 4.391424e-04 0 0 0 0 -7.933423e-18 3.178675e-15
18 22 3.967171e-02 5.723437e-04 0 0 0 0 -5.148477e-18 3.354443e-15
18 23 3.967171e-02 7.459478e-04 0 0 0 0 2.591290e-18 3.506181e-15
18 24 3.967171e-02 9.722096e-04 0 0 0 0 4.430392e-19 3.622855e-15
18 25 3.967171e-02 1.267102e-03 0 0 0 0 -2.627554e-19 3.685999e-15
18 26 3.967171e-02 1.651440e-03 0 0 0 0 7.378481e-20 3.677454e-15
18 27 3.967171e-02 2.152358e-03 0 0 0 0 3.313064e-20 3.597431e-15
18 28 3.967171e-02 2.805213e-03 0 0 0 0 9.076090e-21 3.426935e-15
18 29 3.967171e-02 3.656095e-03 0 0 0 0 -8.058826e-21 3.189808e-15
18 30 3.967171e-02 4.765066e-03 0 0 0 0 -4.474254e-20 2.882356e-15
18 31 3.967171e-02 6.210412e-03 0 0 0 0 -8.822086e-20 2.536775e-15
18 32 3.967171e-02 8.094162e-03 0 0 0 0 -2.822034e-19 2.174465e-15
18 33 3.967171e-02 1.054929e-02 0 0 0 0 -8.116446e-19 1.813188e-15
18 34 3.967171e-02 1.374912e-02 0 0 0 0 -2.369494e-18 1.491875e-15
18 35 3.967171e-02 1.791952e-02 0 0 0 0 -6.896693e-18 1.200028e-15
18 36 3.967171e-02 2.335489e-02 0 0 0 0 -1.936749e-17 9.719830e-16
18 37 3.967171e-02 3.043893e-02 0 0 0 0 -1.742073e-17 7.771046e-16
18 38 3.967171e-02 3.967171e-02 0 0 0 0 -8.415799e-16 6.290923e-16
18 39 3.967171e-02 5.170498e-02 0 0 0 0 -2.472378e-15 5.130935e-16
19 20 5.170498e-02 3.369410e-04 0 0 0 0 -3.231969e-17 2.111691e-15
19 21 5.170498e-02 4.391424e-04 0 0 0 0 -7.137720e-18 2.211138e-15
19 22 5.170498e-02 5.723437e-04 0 0 0 0 -5.206896e-18 2.336777e-15
19 23 5.170498e-02 7.459478e-04 0 0 0 0 2.584345e-18 2.447455e-15
19 24 5.170498e-02 9.722096e-04 0 0 0 0 4.404296e-19 2.536004e-15
19 25 5.170498e-02 1.267102e-03 0 0 0 0 -2.708227e-19 2.589378e-15
19 26 5.170498e-02 1.651440e-03 0 0 0 0 6.255280e-20 2.594984e-15
19 27 5.170498e-02 2.152358e-03 0 0 0 0 2.016605e-20 2.551380e-15
19 28 5.170498e-02 2.805213e-03 0 0 0 0 -1.625234e-21 2.444631e-15
19 29 5.170498e-02 3.656095e-03 0 0 0 0 4.791619e-21 2.289080e-15
19 30 5.170498e-02 4.765066e-03 0 0 0 0 -9.434120e-21 2.081138e-15
19 31 5.170498e-02 6.210412e-03 0 0 0 0 -5.553047e-20 1.842703e-15
19 32 5.170498e-02 8.094162e-03 0 0 0 0 -1.313399e-19 1.588224e-15
19 33 5.170498e-02 1.054929e-02 0 0 0 0 -3.911490e-19 1.330954e-15
19 34 5.170498e-02 1.374912e-02 0 0 0 0 -1.129933e-18 1.098713e-15
19 35 5.170498e-02 1.791952e-02 0 0 0 0 -3.286885e-18 8.847091e-16
19 36 5.170498e-02 2.335489e-02 0 0 0 0 -9.622661e-18 7.149281e-16
19 37 5.170498e-02 3.043893e-02 0 0 0 0 -2.843975e-17 5.694204e-16
19 38 5.170498e-02 3.967171e-02 0 0 0 0 -6.507786e-17 4.603359e-16
19 39 5.170498e-02 5.170498e-02 0 0 0 0 -9.506277e-16 3.739290e-16
