3.281645000000000200e-11 3.538761999999999800e-13 3.099223000000000213e-13 2.690687999999999975e-13 2.331426999999999977e-13 2.026676999999999938e-13 1.775162000000000126e-13 1.571192000000000087e-13 1.406524000000000086e-13 1.272119000000000065e-13 1.159292999999999915e-13 1.060431999999999999e-13 9.693280999999999589e-14 8.812146999999999499e-14 7.926858000000000271e-14 7.016182000000000143e-14 6.071862000000000134e-14 5.100026000000000093e-14 4.122830000000000139e-14 3.177799000000000029e-14 -5.072494999999999607e-15 -1.161994999999999982e-14 -1.215130999999999905e-15 1.359582000000000011e-14 2.496966000000000114e-14 3.144190999999999976e-14 3.370478000000000176e-14 3.294138000000000044e-14 3.028517999999999960e-14 2.667058999999999937e-14 2.279455000000000118e-14 1.912787999999999952e-14 1.594914999999999924e-14 1.338731000000000020e-14 1.146632000000000051e-14 1.014577000000000078e-14 9.352177000000000190e-15 8.997631999999999869e-15 8.982873000000000214e-15 9.187035000000000395e-15
3.538761999999999800e-13 1.943746999999999957e-11 3.129957999999999778e-13 2.716244000000000235e-13 2.347911999999999881e-13 2.036157999999999936e-13 1.780178000000000000e-13 1.573644999999999955e-13 1.407643999999999884e-13 1.272597000000000085e-13 1.159477999999999929e-13 1.060497999999999981e-13 9.693480000000000364e-14 8.812199000000000234e-14 7.926886000000000278e-14 7.016217999999999972e-14 6.071913999999999607e-14 5.100092000000000201e-14 4.122907000000000160e-14 3.177876000000000049e-14 -3.386461000000000026e-16 -5.216340999999999697e-15 -1.229371999999999972e-14 -1.635445999999999912e-15 1.308740000000000042e-14 2.374304000000000015e-14 2.918414999999999914e-14 3.045223999999999960e-14 2.897832999999999770e-14 2.600869000000000020e-14 2.246763999999999998e-14 1.896894999999999992e-14 1.587213999999999920e-14 1.334958999999999926e-14 1.144743999999999970e-14 1.013595999999999993e-14 9.346837000000000778e-15 8.994579000000000488e-15 8.981050000000000263e-15 9.185899999999999638e-15
3.099223000000000213e-13 3.129957999999999778e-13 1.154702999999999952e-11 2.757829999999999771e-13 2.376775999999999808e-13 2.052884000000000121e-13 1.788995999999999963e-13 1.577967000000000076e-13 1.409638999999999917e-13 1.273475000000000034e-13 1.159857999999999923e-13 1.060669999999999937e-13 9.694435999999999901e-14 8.812900000000000243e-14 7.927537000000000454e-14 7.016881000000000512e-14 6.072593999999999610e-14 5.100780999999999846e-14 4.123590000000000254e-14 3.178536999999999687e-14 -5.656053000000000421e-17 -2.314053000000000054e-16 -5.298331999999999889e-15 -1.281197999999999958e-14 -2.034665000000000098e-15 1.229376000000000040e-14 2.200331999999999956e-14 2.637104000000000104e-14 2.680021000000000009e-14 2.489568999999999966e-14 2.191561999999999934e-14 1.869983000000000078e-14 1.574160000000000004e-14 1.328562000000000071e-14 1.141535999999999938e-14 1.011930000000000017e-14 9.337762999999999952e-15 8.989395999999999630e-15 8.977978999999999390e-15 9.184047000000000355e-15
2.690687999999999975e-13 2.716244000000000235e-13 2.757829999999999771e-13 6.889539000000000377e-12 2.426436000000000224e-13 2.082784999999999894e-13 1.804606999999999956e-13 1.585479999999999975e-13 1.413017000000000107e-13 1.274894000000000020e-13 1.160410000000000000e-13 1.060865999999999990e-13 9.695068999999999530e-14 8.813110000000000299e-14 7.927657000000000306e-14 7.017030000000000192e-14 6.072788000000000023e-14 5.101014000000000180e-14 4.123850999999999964e-14 3.178814000000000302e-14 -3.326450000000000045e-17 -6.957575000000000513e-18 -1.072641000000000053e-16 -5.228186000000000188e-15 -1.310758000000000068e-14 -2.362353000000000070e-15 1.127391999999999999e-14 1.986872000000000152e-14 2.322205999999999933e-14 2.303866999999999853e-14 2.098698999999999987e-14 1.824520999999999893e-14 1.552054000000000035e-14 1.317723000000000054e-14 1.136091000000000024e-14 1.009098999999999952e-14 9.322356000000000213e-15 8.980597999999999600e-15 8.972752000000000143e-15 9.180853999999999358e-15
2.331426999999999977e-13 2.347911999999999881e-13 2.376775999999999808e-13 2.426436000000000224e-13 4.137065999999999974e-12 2.137206999999999973e-13 1.833332999999999989e-13 1.599031000000000025e-13 1.418973999999999947e-13 1.277333999999999957e-13 1.161321000000000066e-13 1.061156000000000033e-13 9.695656999999999689e-14 8.812978000000000083e-14 7.927372999999999688e-14 7.016786999999999765e-14 6.072621999999999618e-14 5.100909999999999971e-14 4.123786000000000307e-14 3.178763000000000018e-14 -2.644457999999999923e-17 1.062482000000000014e-17 4.516517000000000293e-17 5.183025999999999864e-17 -5.013570999999999756e-15 -1.309628999999999966e-14 -2.567169000000000044e-15 1.010020999999999930e-14 1.750233999999999954e-14 1.998252000000000112e-14 1.943628999999999934e-14 1.748028999999999990e-14 1.514695000000000053e-14 1.299368999999999993e-14 1.126863999999999924e-14 1.004293000000000008e-14 9.296206000000000370e-15 8.965671000000000216e-15 8.963875999999999957e-15 9.175429999999999292e-15
2.026676999999999938e-13 2.036157999999999936e-13 2.052884000000000121e-13 2.082784999999999894e-13 2.137206999999999973e-13 2.507708999999999852e-12 1.888794999999999880e-13 1.624777999999999976e-13 1.429956999999999881e-13 1.281734999999999991e-13 1.162947999999999964e-13 1.061679000000000029e-13 9.696845000000000370e-14 8.812888999999999699e-14 7.927034000000000138e-14 7.016507999999999510e-14 6.072479000000000120e-14 5.100874000000000142e-14 4.123812999999999864e-14 3.178815000000000122e-14 -2.880000000000000083e-17 2.473892999999999937e-18 2.860506999999999812e-17 1.003672000000000032e-16 2.264204999999999979e-16 -4.637365999999999790e-15 -1.274337000000000023e-14 -2.620902000000000083e-15 8.858579999999999675e-15 1.508158000000000002e-14 1.688022999999999938e-14 1.620206999999999942e-14 1.451839999999999863e-14 1.268351999999999986e-14 1.111245999999999993e-14 9.961443999999999683e-15 9.251839000000000254e-15 8.940348999999999604e-15 8.948814999999999454e-15 9.166219999999999286e-15
1.775162000000000126e-13 1.780178000000000000e-13 1.788995999999999963e-13 1.804606999999999956e-13 1.833332999999999989e-13 1.888794999999999880e-13 1.540920000000000062e-12 1.677695999999999973e-13 1.451498000000000032e-13 1.289998999999999984e-13 1.165916000000000007e-13 1.062619999999999995e-13 9.699006999999999872e-14 8.812807000000000578e-14 7.926496999999999632e-14 7.016073999999999393e-14 6.072266000000000604e-14 5.100849000000000225e-14 4.123899000000000157e-14 3.178939999999999705e-14 -3.251930999999999741e-17 -4.463246999999999652e-18 1.003728000000000026e-17 4.771066000000000094e-17 1.389407999999999995e-16 4.016521999999999773e-16 -4.123662000000000071e-15 -1.205442000000000074e-14 -2.520891999999999864e-15 7.630894999999999528e-15 1.276957000000000054e-14 1.409284999999999943e-14 1.346774999999999959e-14 1.216171000000000016e-14 1.084868000000000020e-14 9.823556999999999578e-15 9.176599000000000239e-15 8.897406000000000279e-15 8.923267999999999909e-15 9.150580000000000476e-15
1.571192000000000087e-13 1.573644999999999955e-13 1.577967000000000076e-13 1.585479999999999975e-13 1.599031000000000025e-13 1.624777999999999976e-13 1.677695999999999973e-13 9.653160999999999402e-13 1.498956999999999890e-13 1.306797999999999901e-13 1.171619999999999959e-13 1.064371999999999981e-13 9.703016999999999872e-14 8.812720999999999653e-14 7.925576999999999925e-14 7.015328999999999733e-14 6.071884999999999780e-14 5.100787999999999848e-14 4.124026999999999831e-14 3.179134000000000118e-14 -3.291662999999999708e-17 -7.465148999999999627e-18 5.315171000000000327e-19 1.924292999999999873e-17 5.175580999999999824e-17 1.651586000000000111e-16 5.499081000000000422e-16 -3.521608999999999831e-15 -1.107782999999999960e-14 -2.292366999999999962e-15 6.486250999999999855e-15 1.069358000000000050e-14 1.173322000000000017e-14 1.128971999999999997e-14 1.040498999999999949e-14 9.590855000000000713e-15 9.049289000000000148e-15 8.824627000000000522e-15 8.879951000000000077e-15 9.124039999999999851e-15
1.406524000000000086e-13 1.407643999999999884e-13 1.409638999999999917e-13 1.413017000000000107e-13 1.418973999999999947e-13 1.429956999999999881e-13 1.451498000000000032e-13 1.498956999999999890e-13 6.208748000000000031e-13 1.346865000000000037e-13 1.183742999999999877e-13 1.067870000000000023e-13 9.710943000000000387e-14 8.812804999999999676e-14 7.924062000000000057e-14 7.014058999999999931e-14 6.071248999999999428e-14 5.100682000000000000e-14 4.124247999999999801e-14 3.179467000000000118e-14 -3.358999000000000256e-17 -8.788447000000000334e-18 -3.137305000000000117e-18 8.059498000000000346e-18 1.695720999999999915e-17 5.170066999999999716e-17 1.747905999999999919e-16 6.477837999999999535e-16 -2.891719000000000160e-15 -9.897438999999999543e-15 -1.977760999999999835e-15 5.475242999999999658e-15 8.934867000000000514e-15 9.850563999999999743e-15 9.664171999999999849e-15 9.199636000000000459e-15 8.834557000000000271e-15 8.701493999999999394e-15 8.806578999999999799e-15 9.079038000000000466e-15
1.272119000000000065e-13 1.272597000000000085e-13 1.273475000000000034e-13 1.274894000000000020e-13 1.277333999999999957e-13 1.281734999999999991e-13 1.289998999999999984e-13 1.306797999999999901e-13 1.346865000000000037e-13 4.131553999999999987e-13 1.215522000000000048e-13 1.075794999999999961e-13 9.728207999999999456e-14 8.813677000000000452e-14 7.921611999999999396e-14 7.011926000000000257e-14 6.070159999999999855e-14 5.100502000000000222e-14 4.124621000000000172e-14 3.180034000000000271e-14 -3.383745000000000171e-17 -9.212833999999999584e-18 -4.399959999999999967e-18 4.220239000000000305e-18 5.300396999999999854e-18 1.465863000000000071e-17 4.782835000000000019e-17 1.669750999999999983e-16 6.851280999999999990e-16 -2.292989999999999814e-15 -8.615383000000000232e-15 -1.623915000000000080e-15 4.628383999999999755e-15 7.529611999999999337e-15 8.442931000000000719e-15 8.547213000000000546e-15 8.473874000000000638e-15 8.493847000000000302e-15 8.682484999999999720e-15 9.002825000000000504e-15
1.159292999999999915e-13 1.159477999999999929e-13 1.159857999999999923e-13 1.160410000000000000e-13 1.161321000000000066e-13 1.162947999999999964e-13 1.165916000000000007e-13 1.171619999999999959e-13 1.183742999999999877e-13 1.215522000000000048e-13 2.863563999999999954e-13 1.099310000000000013e-13 9.772536000000000598e-14 8.817699999999999374e-14 7.917866999999999648e-14 7.008345000000000012e-14 6.068306000000000437e-14 5.100188999999999777e-14 4.125245000000000160e-14 3.180995999999999990e-14 -3.382226000000000017e-17 -9.359103999999999346e-18 -4.785145999999999945e-18 3.034672999999999814e-18 1.773812000000000064e-18 3.736091000000000252e-18 1.244490000000000070e-17 4.041273000000000144e-17 1.464265999999999909e-16 6.643107999999999950e-16 -1.770896999999999990e-15 -7.332658999999999704e-15 -1.271604000000000063e-15 3.957728999999999905e-15 6.477232999999999991e-15 7.473813999999999924e-15 7.873194999999999540e-15 8.145445999999999791e-15 8.473252000000000605e-15 8.873969999999999320e-15
1.060431999999999999e-13 1.060497999999999981e-13 1.060669999999999937e-13 1.060865999999999990e-13 1.061156000000000033e-13 1.061679000000000029e-13 1.062619999999999995e-13 1.064371999999999981e-13 1.067870000000000023e-13 1.075794999999999961e-13 1.099310000000000013e-13 2.074583999999999917e-13 9.932134999999999663e-14 8.835033000000000084e-14 7.913012000000000321e-14 7.002430999999999498e-14 6.065135999999999401e-14 5.099626000000000166e-14 4.126294999999999812e-14 3.182616999999999706e-14 -3.376382999999999978e-17 -9.352847000000000196e-18 -4.942199000000000275e-18 2.707429000000000032e-18 7.903886000000000076e-19 7.453097000000000348e-19 3.127868999999999854e-18 9.568874000000000349e-18 3.166286000000000225e-17 1.189666999999999911e-16 5.978111000000000437e-16 -1.351778000000000013e-15 -6.133924999999999975e-15 -9.496137999999999691e-16 3.460568000000000108e-15 5.751856000000000274e-15 6.887377999999999875e-15 7.566019999999999829e-15 8.122499000000000721e-15 8.656784999999999322e-15
9.693280999999999589e-14 9.693480000000000364e-14 9.694435999999999901e-14 9.695068999999999530e-14 9.695656999999999689e-14 9.696845000000000370e-14 9.699006999999999872e-14 9.703016999999999872e-14 9.710943000000000387e-14 9.728207999999999456e-14 9.772536000000000598e-14 9.932134999999999663e-14 1.568908000000000084e-13 8.930605000000000446e-14 7.911408000000000069e-14 6.993067000000000398e-14 6.059719000000000284e-14 5.098596000000000068e-14 4.128031000000000280e-14 3.185352999999999993e-14 -3.374598000000000261e-17 -9.303559999999999821e-18 -4.924421000000000307e-18 2.627948000000000155e-18 4.897957999999999564e-19 -4.188502000000000223e-21 7.706870999999999896e-19 2.186121999999999914e-18 6.809212000000000249e-18 2.302391999999999913e-17 8.981560999999999967e-17 5.029271999999999812e-16 -1.043095000000000041e-15 -5.078999000000000077e-15 -6.737770000000000225e-16 3.123749000000000107e-15 5.312615000000000046e-15 6.617538000000000207e-15 7.539913999999999953e-15 8.292903999999999592e-15
8.812146999999999499e-14 8.812199000000000234e-14 8.812900000000000243e-14 8.813110000000000299e-14 8.812978000000000083e-14 8.812888999999999699e-14 8.812807000000000578e-14 8.812720999999999653e-14 8.812804999999999676e-14 8.813677000000000452e-14 8.817699999999999374e-14 8.835033000000000084e-14 8.930605000000000446e-14 1.230408000000000062e-13 7.957017000000000294e-14 6.980667999999999937e-14 6.050527000000000508e-14 5.096630999999999808e-14 4.130848999999999688e-14 3.189937000000000148e-14 -3.374034999999999935e-17 -9.284452000000000492e-18 -4.967894000000000199e-18 2.630869000000000110e-18 4.739253999999999812e-19 -2.380486999999999766e-19 2.283996000000000065e-19 4.739528000000000092e-19 1.392536000000000053e-18 4.442919999999999929e-18 1.537036000000000054e-17 6.268076000000000111e-17 3.965825000000000204e-16 -8.379710000000000041e-16 -4.201252999999999639e-15 -4.495803000000000451e-16 2.926848000000000184e-15 5.109204000000000338e-15 6.588449000000000180e-15 7.689176999999999791e-15
7.926858000000000271e-14 7.926886000000000278e-14 7.927537000000000454e-14 7.927657000000000306e-14 7.927372999999999688e-14 7.927034000000000138e-14 7.926496999999999632e-14 7.925576999999999925e-14 7.924062000000000057e-14 7.921611999999999396e-14 7.917866999999999648e-14 7.913012000000000321e-14 7.911408000000000069e-14 7.957017000000000294e-14 9.902740999999999486e-14 6.991911000000000266e-14 6.035877999999999982e-14 5.092721000000000106e-14 4.135253000000000065e-14 3.197541999999999766e-14 -3.368444999999999952e-17 -9.196620000000000296e-18 -5.011551999999999909e-18 2.573095999999999840e-18 4.369620999999999608e-19 -2.441413000000000169e-19 9.774222999999999565e-20 9.636232999999999972e-20 2.518330000000000007e-19 7.747158000000000358e-19 2.523380000000000127e-18 9.066181000000000369e-18 3.950429999999999709e-17 2.919751000000000080e-16 -7.213894999999999654e-16 -3.511626999999999978e-15 -2.771109000000000159e-16 2.842504000000000011e-15 5.081570000000000253e-15 6.705020000000000235e-15
7.016182000000000143e-14 7.016217999999999972e-14 7.016881000000000512e-14 7.017030000000000192e-14 7.016786999999999765e-14 7.016507999999999510e-14 7.016073999999999393e-14 7.015328999999999733e-14 7.014058999999999931e-14 7.011926000000000257e-14 7.008345000000000012e-14 7.002430999999999498e-14 6.993067000000000398e-14 6.980667999999999937e-14 6.991911000000000266e-14 8.081242000000000454e-14 6.029512000000000067e-14 5.084898999999999798e-14 4.141618999999999980e-14 3.209928999999999862e-14 -3.360708999999999918e-17 -9.044610000000000131e-18 -5.018553999999999743e-18 2.579388000000000006e-18 4.134840999999999960e-19 -2.928758000000000059e-19 6.425684000000000176e-20 5.497465000000000497e-20 1.081594999999999937e-20 9.431669999999999480e-20 2.831449999999999964e-19 1.006791999999999966e-18 4.054334999999999928e-18 2.066886999999999870e-17 1.971085000000000109e-16 -6.762340999999999969e-16 -3.006107999999999819e-15 -1.569502000000000048e-16 2.834223999999999805e-15 5.151707999999999816e-15
6.071862000000000134e-14 6.071913999999999607e-14 6.072593999999999610e-14 6.072788000000000023e-14 6.072621999999999618e-14 6.072479000000000120e-14 6.072266000000000604e-14 6.071884999999999780e-14 6.071248999999999428e-14 6.070159999999999855e-14 6.068306000000000437e-14 6.065135999999999401e-14 6.059719000000000284e-14 6.050527000000000508e-14 6.035877999999999982e-14 6.029512000000000067e-14 6.609321000000000177e-14 5.078430000000000127e-14 4.149303999999999709e-14 3.229417999999999892e-14 -3.345911999999999734e-17 -8.812776000000000753e-18 -5.047150999999999653e-18 2.590722000000000057e-18 4.401930999999999554e-19 -2.687130000000000219e-19 4.341842999999999934e-20 7.481320999999999546e-21 8.846655999999999461e-21 -2.336632999999999902e-20 -4.333445000000000026e-20 -1.170345999999999976e-19 -2.322034000000000012e-19 -2.325496000000000058e-20 5.370599999999999757e-18 1.147630999999999991e-16 -6.877399000000000270e-16 -2.673365999999999825e-15 -9.585227000000000496e-17 2.850360000000000034e-15
5.100026000000000093e-14 5.100092000000000201e-14 5.100780999999999846e-14 5.101014000000000180e-14 5.100909999999999971e-14 5.100874000000000142e-14 5.100849000000000225e-14 5.100787999999999848e-14 5.100682000000000000e-14 5.100502000000000222e-14 5.100188999999999777e-14 5.099626000000000166e-14 5.098596000000000068e-14 5.096630999999999808e-14 5.092721000000000106e-14 5.084898999999999798e-14 5.078430000000000127e-14 5.364161999999999777e-14 4.159056000000000267e-14 3.257922000000000009e-14 -3.321141999999999827e-17 -8.460899999999999406e-18 -5.090029000000000358e-18 2.595509000000000015e-18 4.478993999999999665e-19 -2.548115999999999839e-19 7.748907000000000375e-20 2.254179000000000092e-20 -1.641832999999999863e-20 -2.131944000000000086e-20 -5.372180999999999745e-20 -1.705368000000000111e-19 -4.772655999999999752e-19 -1.337632000000000087e-18 -3.577923999999999883e-18 -7.584193999999999905e-18 4.416146000000000136e-17 -7.454376999999999605e-16 -2.501680999999999876e-15 -1.088164000000000059e-16
4.122830000000000139e-14 4.122907000000000160e-14 4.123590000000000254e-14 4.123850999999999964e-14 4.123786000000000307e-14 4.123812999999999864e-14 4.123899000000000157e-14 4.124026999999999831e-14 4.124247999999999801e-14 4.124621000000000172e-14 4.125245000000000160e-14 4.126294999999999812e-14 4.128031000000000280e-14 4.130848999999999688e-14 4.135253000000000065e-14 4.141618999999999980e-14 4.149303999999999709e-14 4.159056000000000267e-14 4.286441999999999927e-14 3.295294000000000176e-14 -3.282159999999999798e-17 -7.933422999999999266e-18 -5.148476999999999664e-18 2.591290000000000099e-18 4.430391999999999606e-19 -2.627553999999999909e-19 7.378480999999999808e-20 3.313064000000000209e-20 9.076090000000000673e-21 -8.058825999999999666e-21 -4.474254000000000162e-20 -8.822085999999999599e-20 -2.822034000000000240e-19 -8.116446000000000469e-19 -2.369493999999999835e-18 -6.896693000000000007e-18 -1.936748999999999986e-17 -1.742072999999999928e-17 -8.415798999999999788e-16 -2.472378000000000117e-15
3.177799000000000029e-14 3.177876000000000049e-14 3.178536999999999687e-14 3.178814000000000302e-14 3.178763000000000018e-14 3.178815000000000122e-14 3.178939999999999705e-14 3.179134000000000118e-14 3.179467000000000118e-14 3.180034000000000271e-14 3.180995999999999990e-14 3.182616999999999706e-14 3.185352999999999993e-14 3.189937000000000148e-14 3.197541999999999766e-14 3.209928999999999862e-14 3.229417999999999892e-14 3.257922000000000009e-14 3.295294000000000176e-14 3.349314000000000056e-14 -3.231969000000000093e-17 -7.137719999999999642e-18 -5.206896000000000031e-18 2.584345000000000172e-18 4.404295999999999579e-19 -2.708226999999999880e-19 6.255280000000000179e-20 2.016605000000000095e-20 -1.625234000000000027e-21 4.791619000000000143e-21 -9.434119999999999598e-21 -5.553047000000000201e-20 -1.313398999999999938e-19 -3.911489999999999919e-19 -1.129932999999999926e-18 -3.286884999999999825e-18 -9.622660999999999429e-18 -2.843975000000000153e-17 -6.507786000000000510e-17 -9.506277000000000465e-16
-5.072494999999999607e-15 -3.386461000000000026e-16 -5.656053000000000421e-17 -3.326450000000000045e-17 -2.644457999999999923e-17 -2.880000000000000083e-17 -3.251930999999999741e-17 -3.291662999999999708e-17 -3.358999000000000256e-17 -3.383745000000000171e-17 -3.382226000000000017e-17 -3.376382999999999978e-17 -3.374598000000000261e-17 -3.374034999999999935e-17 -3.368444999999999952e-17 -3.360708999999999918e-17 -3.345911999999999734e-17 -3.321141999999999827e-17 -3.282159999999999798e-17 -3.231969000000000093e-17 3.244136000000000304e-11 8.714624000000000458e-15 3.223035000000000119e-15 1.110229000000000079e-15 3.716835000000000176e-16 1.196615999999999889e-16 3.606534999999999892e-17 1.100255000000000005e-17 3.087504999999999812e-18 7.676057000000000316e-19 1.958942000000000038e-19 8.379529999999999921e-20 3.979642999999999730e-20 -1.576031000000000001e-21 -2.701765999999999986e-21 -7.245814999999999845e-21 -2.324752000000000192e-22 4.257351000000000093e-22 -1.617265000000000023e-20 -8.508642999999999739e-20
-1.161994999999999982e-14 -5.216340999999999697e-15 -2.314053000000000054e-16 -6.957575000000000513e-18 1.062482000000000014e-17 2.473892999999999937e-18 -4.463246999999999652e-18 -7.465148999999999627e-18 -8.788447000000000334e-18 -9.212833999999999584e-18 -9.359103999999999346e-18 -9.352847000000000196e-18 -9.303559999999999821e-18 -9.284452000000000492e-18 -9.196620000000000296e-18 -9.044610000000000131e-18 -8.812776000000000753e-18 -8.460899999999999406e-18 -7.933422999999999266e-18 -7.137719999999999642e-18 8.714624000000000458e-15 1.910535999999999928e-11 9.000689000000000108e-15 3.212944000000000169e-15 1.077902000000000057e-15 3.451475000000000041e-16 1.057105999999999989e-16 3.125685999999999994e-17 8.891297999999999264e-18 2.470456999999999873e-18 6.577152000000000268e-19 1.882215999999999929e-19 8.503581000000000374e-20 1.419763999999999925e-20 -4.129494999999999870e-21 -7.422564999999999935e-21 -1.368970999999999949e-20 -2.644787000000000078e-20 -4.930600000000000148e-20 -7.989661999999999908e-20
-1.215130999999999905e-15 -1.229371999999999972e-14 -5.298331999999999889e-15 -1.072641000000000053e-16 4.516517000000000293e-17 2.860506999999999812e-17 1.003728000000000026e-17 5.315171000000000327e-19 -3.137305000000000117e-18 -4.399959999999999967e-18 -4.785145999999999945e-18 -4.942199000000000275e-18 -4.924421000000000307e-18 -4.967894000000000199e-18 -5.011551999999999909e-18 -5.018553999999999743e-18 -5.047150999999999653e-18 -5.090029000000000358e-18 -5.148476999999999664e-18 -5.206896000000000031e-18 3.223035000000000119e-15 9.000689000000000108e-15 1.125452999999999930e-11 9.123026999999999217e-15 3.133323999999999873e-15 1.006733999999999962e-15 3.086280000000000128e-16 9.075895999999999704e-17 2.580630000000000111e-17 7.167988999999999892e-18 1.986090999999999935e-18 5.219056999999999638e-19 1.872630999999999943e-19 5.657918000000000266e-20 -4.641398000000000028e-21 3.264918999999999744e-23 2.196653999999999931e-21 7.846826999999999952e-21 1.436921000000000074e-20 2.617123999999999873e-20
1.359582000000000011e-14 -1.635445999999999912e-15 -1.281197999999999958e-14 -5.228186000000000188e-15 5.183025999999999864e-17 1.003672000000000032e-16 4.771066000000000094e-17 1.924292999999999873e-17 8.059498000000000346e-18 4.220239000000000305e-18 3.034672999999999814e-18 2.707429000000000032e-18 2.627948000000000155e-18 2.630869000000000110e-18 2.573095999999999840e-18 2.579388000000000006e-18 2.590722000000000057e-18 2.595509000000000015e-18 2.591290000000000099e-18 2.584345000000000172e-18 1.110229000000000079e-15 3.212944000000000169e-15 9.123026999999999217e-15 6.632728000000000210e-12 9.039119999999999252e-15 2.960937999999999915e-15 9.075376999999999715e-16 2.659949999999999963e-16 7.533132000000000477e-17 2.080065000000000033e-17 5.663548999999999907e-18 1.554598999999999904e-18 4.406486000000000297e-19 1.618360000000000021e-19 2.189404999999999897e-20 4.356635999999999813e-22 3.912610999999999640e-21 6.552996000000000319e-21 1.996019000000000003e-21 -1.999513000000000006e-21
2.496966000000000114e-14 1.308740000000000042e-14 -2.034665000000000098e-15 -1.310758000000000068e-14 -5.013570999999999756e-15 2.264204999999999979e-16 1.389407999999999995e-16 5.175580999999999824e-17 1.695720999999999915e-17 5.300396999999999854e-18 1.773812000000000064e-18 7.903886000000000076e-19 4.897957999999999564e-19 4.739253999999999812e-19 4.369620999999999608e-19 4.134840999999999960e-19 4.401930999999999554e-19 4.478993999999999665e-19 4.430391999999999606e-19 4.404295999999999579e-19 3.716835000000000176e-16 1.077902000000000057e-15 3.133323999999999873e-15 9.039119999999999252e-15 3.911675999999999861e-12 8.728579999999999535e-15 2.703805999999999980e-15 7.880535000000000168e-16 2.214884999999999998e-16 6.079266999999999778e-17 1.651379999999999913e-17 4.516761999999999786e-18 1.232995999999999937e-18 3.859594999999999896e-19 1.129027000000000080e-19 1.152139000000000008e-20 1.293701999999999974e-20 1.250830000000000059e-20 3.923984999999999916e-21 -1.781655999999999944e-21
3.144190999999999976e-14 2.374304000000000015e-14 1.229376000000000040e-14 -2.362353000000000070e-15 -1.309628999999999966e-14 -4.637365999999999790e-15 4.016521999999999773e-16 1.651586000000000111e-16 5.170066999999999716e-17 1.465863000000000071e-17 3.736091000000000252e-18 7.453097000000000348e-19 -4.188502000000000223e-21 -2.380486999999999766e-19 -2.441413000000000169e-19 -2.928758000000000059e-19 -2.687130000000000219e-19 -2.548115999999999839e-19 -2.627553999999999909e-19 -2.708226999999999880e-19 1.196615999999999889e-16 3.451475000000000041e-16 1.006733999999999962e-15 2.960937999999999915e-15 8.728579999999999535e-15 2.309420999999999839e-12 8.187010999999999510e-15 2.382462999999999918e-15 6.609836999999999690e-16 1.793791000000000072e-16 4.829084000000000088e-17 1.310457999999999934e-17 3.672252999999999930e-18 1.036283000000000042e-18 3.399938999999999844e-19 7.969170999999999841e-20 3.215841999999999827e-20 2.440080999999999919e-20 9.694386000000000414e-21 -7.126381999999999738e-22
3.370478000000000176e-14 2.918414999999999914e-14 2.200331999999999956e-14 1.127391999999999999e-14 -2.567169000000000044e-15 -1.274337000000000023e-14 -4.123662000000000071e-15 5.499081000000000422e-16 1.747905999999999919e-16 4.782835000000000019e-17 1.244490000000000070e-17 3.127868999999999854e-18 7.706870999999999896e-19 2.283996000000000065e-19 9.774222999999999565e-20 6.425684000000000176e-20 4.341842999999999934e-20 7.748907000000000375e-20 7.378480999999999808e-20 6.255280000000000179e-20 3.606534999999999892e-17 1.057105999999999989e-16 3.086280000000000128e-16 9.075376999999999715e-16 2.703805999999999980e-15 8.187010999999999510e-15 1.365640000000000025e-12 7.445008000000000221e-15 2.028193999999999998e-15 5.385936999999999662e-16 1.427605999999999921e-16 3.834406999999999845e-17 1.060346000000000012e-17 3.088310000000000094e-18 9.480235999999999973e-19 3.062507000000000124e-19 8.360687000000000501e-20 4.970584000000000091e-20 2.292886999999999999e-20 2.460168999999999851e-21
3.294138000000000044e-14 3.045223999999999960e-14 2.637104000000000104e-14 1.986872000000000152e-14 1.010020999999999930e-14 -2.620902000000000083e-15 -1.205442000000000074e-14 -3.521608999999999831e-15 6.477837999999999535e-16 1.669750999999999983e-16 4.041273000000000144e-17 9.568874000000000349e-18 2.186121999999999914e-18 4.739528000000000092e-19 9.636232999999999972e-20 5.497465000000000497e-20 7.481320999999999546e-21 2.254179000000000092e-20 3.313064000000000209e-20 2.016605000000000095e-20 1.100255000000000005e-17 3.125685999999999994e-17 9.075895999999999704e-17 2.659949999999999963e-16 7.880535000000000168e-16 2.382462999999999918e-15 7.445008000000000221e-15 8.093763999999999721e-13 6.563155000000000049e-15 1.675087999999999936e-15 4.304920999999999867e-16 1.133649000000000122e-16 3.100088999999999837e-17 8.924800000000000459e-18 2.730677000000000095e-18 9.165122000000000681e-19 2.961833000000000170e-19 1.116986999999999950e-19 5.334959000000000150e-20 1.409073000000000027e-20
3.028517999999999960e-14 2.897832999999999770e-14 2.680021000000000009e-14 2.322205999999999933e-14 1.750233999999999954e-14 8.858579999999999675e-15 -2.520891999999999864e-15 -1.107782999999999960e-14 -2.891719000000000160e-15 6.851280999999999990e-16 1.464265999999999909e-16 3.166286000000000225e-17 6.809212000000000249e-18 1.392536000000000053e-18 2.518330000000000007e-19 1.081594999999999937e-20 8.846655999999999461e-21 -1.641832999999999863e-20 9.076090000000000673e-21 -1.625234000000000027e-21 3.087504999999999812e-18 8.891297999999999264e-18 2.580630000000000111e-17 7.533132000000000477e-17 2.214884999999999998e-16 6.609836999999999690e-16 2.028193999999999998e-15 6.563155000000000049e-15 4.811761000000000463e-13 5.619731999999999944e-15 1.352606000000000033e-15 3.421875000000000013e-16 9.146545000000000352e-17 2.602605999999999847e-17 7.934175999999999897e-18 2.568568000000000167e-18 9.088219999999999778e-19 3.131941000000000178e-19 1.336169000000000078e-19 4.811075999999999761e-20
2.667058999999999937e-14 2.600869000000000020e-14 2.489568999999999966e-14 2.303866999999999853e-14 1.998252000000000112e-14 1.508158000000000002e-14 7.630894999999999528e-15 -2.292366999999999962e-15 -9.897438999999999543e-15 -2.292989999999999814e-15 6.643107999999999950e-16 1.189666999999999911e-16 2.302391999999999913e-17 4.442919999999999929e-18 7.747158000000000358e-19 9.431669999999999480e-20 -2.336632999999999902e-20 -2.131944000000000086e-20 -8.058825999999999666e-21 4.791619000000000143e-21 7.676057000000000316e-19 2.470456999999999873e-18 7.167988999999999892e-18 2.080065000000000033e-17 6.079266999999999778e-17 1.793791000000000072e-16 5.385936999999999662e-16 1.675087999999999936e-15 5.619731999999999944e-15 2.872291000000000145e-13 4.693848999999999725e-15 1.080341999999999954e-15 2.752895000000000234e-16 7.646700999999999661e-17 2.303805999999999865e-17 7.474982000000000213e-18 2.563385000000000169e-18 9.267836999999999753e-19 3.461291000000000085e-19 1.401540000000000036e-19
2.279455000000000118e-14 2.246763999999999998e-14 2.191561999999999934e-14 2.098698999999999987e-14 1.943628999999999934e-14 1.688022999999999938e-14 1.276957000000000054e-14 6.486250999999999855e-15 -1.977760999999999835e-15 -8.615383000000000232e-15 -1.770896999999999990e-15 5.978111000000000437e-16 8.981560999999999967e-17 1.537036000000000054e-17 2.523380000000000127e-18 2.831449999999999964e-19 -4.333445000000000026e-20 -5.372180999999999745e-20 -4.474254000000000162e-20 -9.434119999999999598e-21 1.958942000000000038e-19 6.577152000000000268e-19 1.986090999999999935e-18 5.663548999999999907e-18 1.651379999999999913e-17 4.829084000000000088e-17 1.427605999999999921e-16 4.304920999999999867e-16 1.352606000000000033e-15 4.693848999999999725e-15 1.723648000000000038e-13 3.850945999999999921e-15 8.669192000000000393e-16 2.285509000000000216e-16 6.730578999999999691e-17 2.161964000000000062e-17 7.423397000000000036e-18 2.675885000000000149e-18 9.809074000000000812e-19 3.803858999999999829e-19
1.912787999999999952e-14 1.896894999999999992e-14 1.869983000000000078e-14 1.824520999999999893e-14 1.748028999999999990e-14 1.620206999999999942e-14 1.409284999999999943e-14 1.069358000000000050e-14 5.475242999999999658e-15 -1.623915000000000080e-15 -7.332658999999999704e-15 -1.351778000000000013e-15 5.029271999999999812e-16 6.268076000000000111e-17 9.066181000000000369e-18 1.006791999999999966e-18 -1.170345999999999976e-19 -1.705368000000000111e-19 -8.822085999999999599e-20 -5.553047000000000201e-20 8.379529999999999921e-20 1.882215999999999929e-19 5.219056999999999638e-19 1.554598999999999904e-18 4.516761999999999786e-18 1.310457999999999934e-17 3.834406999999999845e-17 1.133649000000000122e-16 3.421875000000000013e-16 1.080341999999999954e-15 3.850945999999999921e-15 1.041437999999999959e-13 3.134475999999999936e-15 7.119329999999999665e-16 1.991503999999999938e-16 6.279521000000000438e-17 2.141983999999999957e-17 7.699417999999999717e-18 2.867076000000000104e-18 1.069320999999999920e-18
1.594914999999999924e-14 1.587213999999999920e-14 1.574160000000000004e-14 1.552054000000000035e-14 1.514695000000000053e-14 1.451839999999999863e-14 1.346774999999999959e-14 1.173322000000000017e-14 8.934867000000000514e-15 4.628383999999999755e-15 -1.271604000000000063e-15 -6.133924999999999975e-15 -1.043095000000000041e-15 3.965825000000000204e-16 3.950429999999999709e-17 4.054334999999999928e-18 -2.322034000000000012e-19 -4.772655999999999752e-19 -2.822034000000000240e-19 -1.313398999999999938e-19 3.979642999999999730e-20 8.503581000000000374e-20 1.872630999999999943e-19 4.406486000000000297e-19 1.232995999999999937e-18 3.672252999999999930e-18 1.060346000000000012e-17 3.100088999999999837e-17 9.146545000000000352e-17 2.752895000000000234e-16 8.669192000000000393e-16 3.134475999999999936e-15 6.349127000000000114e-14 2.564520999999999927e-15 6.092335000000000023e-16 1.837620999999999938e-16 6.188968999999999997e-17 2.218154999999999889e-17 8.229385999999999422e-18 3.110821000000000189e-18
1.338731000000000020e-14 1.334958999999999926e-14 1.328562000000000071e-14 1.317723000000000054e-14 1.299368999999999993e-14 1.268351999999999986e-14 1.216171000000000016e-14 1.128971999999999997e-14 9.850563999999999743e-15 7.529611999999999337e-15 3.957728999999999905e-15 -9.496137999999999691e-16 -5.078999000000000077e-15 -8.379710000000000041e-16 2.919751000000000080e-16 2.066886999999999870e-17 -2.325496000000000058e-20 -1.337632000000000087e-18 -8.116446000000000469e-19 -3.911489999999999919e-19 -1.576031000000000001e-21 1.419763999999999925e-20 5.657918000000000266e-20 1.618360000000000021e-19 3.859594999999999896e-19 1.036283000000000042e-18 3.088310000000000094e-18 8.924800000000000459e-18 2.602605999999999847e-17 7.646700999999999661e-17 2.285509000000000216e-16 7.119329999999999665e-16 2.564520999999999927e-15 3.918381999999999701e-14 2.141733000000000047e-15 5.500901000000000124e-16 1.793125999999999991e-16 6.382176999999999655e-17 2.367490000000000027e-17 8.941995000000000004e-18
1.146632000000000051e-14 1.144743999999999970e-14 1.141535999999999938e-14 1.136091000000000024e-14 1.126863999999999924e-14 1.111245999999999993e-14 1.084868000000000020e-14 1.040498999999999949e-14 9.664171999999999849e-15 8.442931000000000719e-15 6.477232999999999991e-15 3.460568000000000108e-15 -6.737770000000000225e-16 -4.201252999999999639e-15 -7.213894999999999654e-16 1.971085000000000109e-16 5.370599999999999757e-18 -3.577923999999999883e-18 -2.369493999999999835e-18 -1.129932999999999926e-18 -2.701765999999999986e-21 -4.129494999999999870e-21 -4.641398000000000028e-21 2.189404999999999897e-20 1.129027000000000080e-19 3.399938999999999844e-19 9.480235999999999973e-19 2.730677000000000095e-18 7.934175999999999897e-18 2.303805999999999865e-17 6.730578999999999691e-17 1.991503999999999938e-16 6.092335000000000023e-16 2.141733000000000047e-15 2.460815999999999872e-14 1.853755000000000083e-15 5.256354000000000373e-16 1.834434000000000080e-16 6.792465000000000318e-17 2.569938000000000107e-17
1.014577000000000078e-14 1.013595999999999993e-14 1.011930000000000017e-14 1.009098999999999952e-14 1.004293000000000008e-14 9.961443999999999683e-15 9.823556999999999578e-15 9.590855000000000713e-15 9.199636000000000459e-15 8.547213000000000546e-15 7.473813999999999924e-15 5.751856000000000274e-15 3.123749000000000107e-15 -4.495803000000000451e-16 -3.511626999999999978e-15 -6.762340999999999969e-16 1.147630999999999991e-16 -7.584193999999999905e-18 -6.896693000000000007e-18 -3.286884999999999825e-18 -7.245814999999999845e-21 -7.422564999999999935e-21 3.264918999999999744e-23 4.356635999999999813e-22 1.152139000000000008e-20 7.969170999999999841e-20 3.062507000000000124e-19 9.165122000000000681e-19 2.568568000000000167e-18 7.474982000000000213e-18 2.161964000000000062e-17 6.279521000000000438e-17 1.837620999999999938e-16 5.500901000000000124e-16 1.853755000000000083e-15 1.585816000000000129e-14 1.681838000000000095e-15 5.284535999999999812e-16 1.941536000000000020e-16 7.362650000000000185e-17
9.352177000000000190e-15 9.346837000000000778e-15 9.337762999999999952e-15 9.322356000000000213e-15 9.296206000000000370e-15 9.251839000000000254e-15 9.176599000000000239e-15 9.049289000000000148e-15 8.834557000000000271e-15 8.473874000000000638e-15 7.873194999999999540e-15 6.887377999999999875e-15 5.312615000000000046e-15 2.926848000000000184e-15 -2.771109000000000159e-16 -3.006107999999999819e-15 -6.877399000000000270e-16 4.416146000000000136e-17 -1.936748999999999986e-17 -9.622660999999999429e-18 -2.324752000000000192e-22 -1.368970999999999949e-20 2.196653999999999931e-21 3.912610999999999640e-21 1.293701999999999974e-20 3.215841999999999827e-20 8.360687000000000501e-20 2.961833000000000170e-19 9.088219999999999778e-19 2.563385000000000169e-18 7.423397000000000036e-18 2.141983999999999957e-17 6.188968999999999997e-17 1.793125999999999991e-16 5.256354000000000373e-16 1.681838000000000095e-15 1.061911000000000069e-14 1.606004999999999953e-15 5.522743999999999954e-16 2.098080999999999983e-16
8.997631999999999869e-15 8.994579000000000488e-15 8.989395999999999630e-15 8.980597999999999600e-15 8.965671000000000216e-15 8.940348999999999604e-15 8.897406000000000279e-15 8.824627000000000522e-15 8.701493999999999394e-15 8.493847000000000302e-15 8.145445999999999791e-15 7.566019999999999829e-15 6.617538000000000207e-15 5.109204000000000338e-15 2.842504000000000011e-15 -1.569502000000000048e-16 -2.673365999999999825e-15 -7.454376999999999605e-16 -1.742072999999999928e-17 -2.843975000000000153e-17 4.257351000000000093e-22 -2.644787000000000078e-20 7.846826999999999952e-21 6.552996000000000319e-21 1.250830000000000059e-20 2.440080999999999919e-20 4.970584000000000091e-20 1.116986999999999950e-19 3.131941000000000178e-19 9.267836999999999753e-19 2.675885000000000149e-18 7.699417999999999717e-18 2.218154999999999889e-17 6.382176999999999655e-17 1.834434000000000080e-16 5.284535999999999812e-16 1.606004999999999953e-15 7.513223999999999513e-15 1.607221999999999949e-15 5.921110999999999708e-16
8.982873000000000214e-15 8.981050000000000263e-15 8.977978999999999390e-15 8.972752000000000143e-15 8.963875999999999957e-15 8.948814999999999454e-15 8.923267999999999909e-15 8.879951000000000077e-15 8.806578999999999799e-15 8.682484999999999720e-15 8.473252000000000605e-15 8.122499000000000721e-15 7.539913999999999953e-15 6.588449000000000180e-15 5.081570000000000253e-15 2.834223999999999805e-15 -9.585227000000000496e-17 -2.501680999999999876e-15 -8.415798999999999788e-16 -6.507786000000000510e-17 -1.617265000000000023e-20 -4.930600000000000148e-20 1.436921000000000074e-20 1.996019000000000003e-21 3.923984999999999916e-21 9.694386000000000414e-21 2.292886999999999999e-20 5.334959000000000150e-20 1.336169000000000078e-19 3.461291000000000085e-19 9.809074000000000812e-19 2.867076000000000104e-18 8.229385999999999422e-18 2.367490000000000027e-17 6.792465000000000318e-17 1.941536000000000020e-16 5.522743999999999954e-16 1.607221999999999949e-15 5.715697999999999737e-15 1.668489000000000003e-15
9.187035000000000395e-15 9.185899999999999638e-15 9.184047000000000355e-15 9.180853999999999358e-15 9.175429999999999292e-15 9.166219999999999286e-15 9.150580000000000476e-15 9.124039999999999851e-15 9.079038000000000466e-15 9.002825000000000504e-15 8.873969999999999320e-15 8.656784999999999322e-15 8.292903999999999592e-15 7.689176999999999791e-15 6.705020000000000235e-15 5.151707999999999816e-15 2.850360000000000034e-15 -1.088164000000000059e-16 -2.472378000000000117e-15 -9.506277000000000465e-16 -8.508642999999999739e-20 -7.989661999999999908e-20 2.617123999999999873e-20 -1.999513000000000006e-21 -1.781655999999999944e-21 -7.126381999999999738e-22 2.460168999999999851e-21 1.409073000000000027e-20 4.811075999999999761e-20 1.401540000000000036e-19 3.803858999999999829e-19 1.069320999999999920e-18 3.110821000000000189e-18 8.941995000000000004e-18 2.569938000000000107e-17 7.362650000000000185e-17 2.098080999999999983e-16 5.921110999999999708e-16 1.668489000000000003e-15 4.724864000000000092e-15
