3.457840700000000299e-11 1.907323200000000227e-12 1.659492300000000146e-12 1.420779799999999814e-12 1.198183500000000051e-12 9.967247999999999617e-13 8.195556000000000788e-13 6.690279000000000275e-13 5.444384000000000361e-13 4.442372999999999897e-13 3.653634999999999709e-13 3.029869999999999892e-13 2.543622099999999819e-13 2.137695699999999708e-13 1.805624799999999978e-13 1.504882300000000011e-13 1.240591299999999961e-13 9.954678000000000156e-14 7.742107999999999467e-14 5.782308000000000084e-14 1.587131050000000024e-13 1.596188499999999979e-13 1.791831690000000036e-13 2.015206199999999980e-13 2.180987599999999957e-13 2.264615100000000198e-13 2.262877799999999838e-13 2.190397800000000080e-13 2.048656800000000098e-13 1.863132900000000168e-13 1.640712499999999912e-13 1.406563799999999989e-13 1.176758499999999867e-13 9.619625000000000271e-14 7.827691999999999479e-14 6.291361999999999855e-14 5.161035699999999930e-14 4.267335199999999875e-14 3.643239300000000059e-14 3.179468500000000479e-14
1.907323200000000227e-12 2.080962699999999832e-11 1.507451800000000033e-12 1.293117400000000162e-12 1.092536199999999934e-12 9.107836999999999978e-13 7.507728999999999987e-13 6.145512999999999847e-13 5.015344999999999568e-13 4.103893999999999881e-13 3.384275999999999806e-13 2.814229999999999914e-13 2.368547999999999896e-13 1.996430900000000071e-13 1.691031900000000001e-13 1.413957000000000000e-13 1.169445700000000022e-13 9.415513000000000555e-14 7.348327000000001047e-14 5.505813000000000311e-14 1.411754538999999863e-13 1.428345590000000016e-13 1.438159800000000039e-13 1.611845540000000013e-13 1.806949000000000119e-13 1.933559399999999949e-13 1.971344500000000083e-13 1.932404400000000142e-13 1.822275299999999999e-13 1.666573899999999965e-13 1.474071400000000100e-13 1.268325500000000087e-13 1.064349599999999975e-13 8.725769999999999633e-14 7.115629999999999388e-14 5.731204999999999458e-14 4.710170699999999811e-14 3.902324899999999624e-14 3.341134000000000463e-14 2.925546000000000306e-14
1.659492300000000146e-12 1.507451800000000033e-12 1.258908099999999968e-11 1.169045799999999950e-12 9.895564000000000182e-13 8.265975000000000026e-13 6.831288999999999085e-13 5.608582000000000668e-13 4.592340999999999970e-13 3.770586000000000106e-13 3.119623999999999875e-13 2.602847999999999715e-13 2.197265599999999769e-13 1.858360200000000035e-13 1.579011900000000141e-13 1.325007699999999910e-13 1.099705899999999922e-13 8.885873000000000097e-14 6.960267000000000022e-14 5.232363000000000098e-14 1.202973394700000033e-13 1.257633946999999966e-13 1.276664679999999798e-13 1.260175199999999943e-13 1.410948350000000018e-13 1.574404600000000016e-13 1.661255199999999937e-13 1.665140400000000192e-13 1.592378099999999889e-13 1.469334900000000012e-13 1.307805200000000065e-13 1.130697100000000061e-13 9.525288999999999521e-14 7.837005000000000189e-14 6.408608999999999214e-14 5.176398999999999964e-14 4.264924299999999747e-14 3.543327599999999734e-14 3.044859899999999880e-14 2.677219699999999803e-14
1.420779799999999814e-12 1.293117400000000162e-12 1.169045799999999950e-12 7.657257600000001067e-12 8.906315000000000708e-13 7.451894999999998915e-13 6.172488000000000346e-13 5.083237000000000143e-13 4.177724000000000183e-13 3.444008999999999911e-13 2.860812000000000149e-13 2.396629000000000188e-13 2.030529900000000076e-13 1.724112799999999911e-13 1.470075400000000104e-13 1.238417399999999951e-13 1.031640699999999985e-13 8.367461999999999965e-14 6.578769000000000228e-14 4.962144000000000035e-14 1.004373355000000024e-13 1.052343424249999969e-13 1.110423358999999985e-13 1.109389139999999858e-13 1.068208200000000096e-13 1.194801469999999918e-13 1.325651199999999795e-13 1.382009199999999927e-13 1.355144599999999999e-13 1.269719699999999994e-13 1.141401799999999992e-13 9.937080000000000457e-14 8.415039999999999099e-14 6.955640999999999856e-14 5.708705000000000059e-14 4.628681000000000399e-14 3.826876600000000508e-14 3.191808799999999517e-14 2.755750199999999985e-14 2.435737399999999930e-14
1.198183500000000051e-12 1.092536199999999934e-12 9.895564000000000182e-13 8.906315000000000708e-13 4.685673000000000284e-12 6.697190000000000264e-13 5.553683999999999704e-13 4.584983000000000437e-13 3.782553000000000089e-13 3.132280999999999828e-13 2.614071000000000363e-13 2.200505999999999994e-13 1.872353799999999915e-13 1.596970799999999866e-13 1.366922499999999823e-13 1.156344799999999841e-13 9.669505999999998764e-14 7.873214000000000222e-14 6.213245000000000956e-14 4.701693999999999994e-14 8.235524542000000286e-14 8.634160481999999937e-14 9.128461516999999125e-14 9.550050026000000472e-14 9.364085899999999589e-14 8.726420999999999809e-14 9.753283100000000344e-14 1.080542000000000052e-13 1.108463600000000013e-13 1.067829000000000084e-13 9.764222000000000518e-14 8.594466000000000449e-14 7.333338999999999707e-14 6.099575999999999858e-14 5.030705999999999511e-14 4.099824000000000333e-14 3.405668599999999916e-14 2.855686099999999740e-14 2.480465600000000016e-14 2.206818000000000038e-14
9.967247999999999617e-13 9.107836999999999978e-13 8.265975000000000026e-13 7.451894999999998915e-13 6.697190000000000264e-13 2.888036699999999994e-12 5.002411000000000261e-13 4.131192000000000033e-13 3.418042999999999757e-13 2.843084999999999694e-13 2.385087000000000175e-13 2.018849300000000026e-13 1.726238100000000088e-13 1.479784999999999838e-13 1.271904800000000007e-13 1.080691999999999930e-13 9.071574000000000075e-14 7.414891999999999713e-14 5.872474999999999168e-14 4.457366000000000336e-14 6.646388999999999540e-14 6.969550389300000241e-14 7.371483506999999788e-14 7.723956720000000931e-14 8.002280050000000642e-14 7.660395400000000428e-14 6.838432999999999786e-14 7.693447800000000799e-14 8.491961999999999838e-14 8.612590000000000110e-14 8.125503999999999594e-14 7.288121999999999588e-14 6.293712999999999407e-14 5.282468999999999733e-14 4.386653000000000009e-14 3.599717400000000199e-14 3.009445899999999971e-14 2.541623900000000235e-14 2.224622499999999794e-14 1.995284999999999762e-14
8.195556000000000788e-13 7.507728999999999987e-13 6.831288999999999085e-13 6.172488000000000346e-13 5.553683999999999704e-13 5.002411000000000261e-13 1.796825700000000071e-12 3.745756999999999970e-13 3.096649999999999735e-13 2.583734999999999895e-13 2.178680000000000164e-13 1.855007599999999815e-13 1.594708500000000121e-13 1.374560100000000009e-13 1.186669899999999873e-13 1.012823099999999992e-13 8.533867000000000507e-14 7.001401000000000663e-14 5.563326000000000502e-14 4.234278999999999557e-14 5.293052069000000074e-14 5.549901675299999907e-14 5.869193727999999233e-14 6.149126066000000819e-14 6.372748079999999621e-14 6.518474220000000418e-14 6.061623800000000653e-14 5.146630999999999595e-14 5.828503799999999421e-14 6.462150499999999415e-14 6.470529999999999693e-14 6.009319000000000569e-14 5.299041999999999697e-14 4.511711000000000393e-14 3.784590000000000386e-14 3.135496699999999578e-14 2.644072900000000019e-14 2.254245600000000060e-14 1.992078800000000195e-14 1.804401500000000099e-14
6.690279000000000275e-13 6.145512999999999847e-13 5.608582000000000668e-13 5.083237000000000143e-13 4.584983000000000437e-13 4.131192000000000033e-13 3.745756999999999970e-13 1.133188799999999854e-12 2.839698999999999934e-13 2.364022999999999973e-13 2.000281699999999956e-13 1.712324499999999940e-13 1.480165799999999941e-13 1.283099500000000070e-13 1.112668999999999921e-13 9.539545999999999942e-14 8.066520999999999006e-14 6.640801999999999475e-14 5.292079999999999802e-14 4.037210000000000298e-14 4.187688336999999840e-14 4.388816485100000142e-14 4.638374151710000408e-14 4.856414293000000057e-14 5.028286581000000129e-14 5.134921859999999887e-14 5.169962810000000380e-14 4.661829099999999948e-14 3.687442999999999599e-14 4.270476300000000434e-14 4.764378100000000030e-14 4.733209999999999933e-14 4.341521999999999552e-14 3.788308999999999767e-14 3.229168000000000095e-14 2.712555500000000222e-14 2.314279900000000066e-14 1.997374699999999974e-14 1.786097600000000011e-14 1.636950699999999780e-14
5.444384000000000361e-13 5.015344999999999568e-13 4.592340999999999970e-13 4.177724000000000183e-13 3.782553000000000089e-13 3.418042999999999757e-13 3.096649999999999735e-13 2.839698999999999934e-13 7.284948000000000030e-13 2.199855299999999891e-13 1.854367299999999859e-13 1.592205799999999987e-13 1.383115300000000081e-13 1.205505700000000123e-13 1.049927900000000050e-13 9.041580000000000637e-14 7.670843999999999893e-14 6.334670000000000361e-14 5.060536699999999951e-14 3.867978799999999932e-14 3.306916001000000268e-14 3.463350155300000226e-14 3.656687269499999805e-14 3.824311949800000389e-14 3.953761720999999944e-14 4.028218067000000001e-14 4.033888060000000112e-14 3.997745379999999499e-14 3.466912099999999942e-14 2.528020099999999594e-14 3.015346899999999670e-14 3.414338299999999695e-14 3.389512699999999957e-14 3.095392399999999720e-14 2.712975200000000074e-14 2.327872599999999866e-14 2.018593699999999975e-14 1.770025300000000146e-14 1.605989200000000036e-14 1.492335000000000060e-14
4.442372999999999897e-13 4.103893999999999881e-13 3.770586000000000106e-13 3.444008999999999911e-13 3.132280999999999828e-13 2.843084999999999694e-13 2.583734999999999895e-13 2.364022999999999973e-13 2.199855299999999891e-13 4.812218400000000154e-13 1.753408699999999954e-13 1.497119799999999972e-13 1.303965900000000002e-13 1.141562600000000072e-13 9.981827999999999187e-14 8.632049000000000491e-14 7.345546999999999215e-14 6.082813900000000492e-14 4.869312199999999835e-14 3.727537900000000518e-14 2.623210255000000074e-14 2.745214716599999786e-14 2.894962003999999806e-14 3.023113023900000145e-14 3.119145039700000138e-14 3.169948862999999896e-14 3.162596834999999540e-14 3.105797509999999758e-14 3.013958809999999988e-14 2.516620000000000098e-14 1.630705699999999853e-14 2.056916499999999983e-14 2.403572399999999771e-14 2.403569199999999716e-14 2.219775100000000045e-14 1.972361300000000285e-14 1.751898900000000286e-14 1.569065600000000234e-14 1.449453999999999985e-14 1.368692300000000138e-14
3.653634999999999709e-13 3.384275999999999806e-13 3.119623999999999875e-13 2.860812000000000149e-13 2.614071000000000363e-13 2.385087000000000175e-13 2.178680000000000164e-13 2.000281699999999956e-13 1.854367299999999859e-13 1.753408699999999954e-13 3.291421200000000213e-13 1.436571799999999935e-13 1.243192900000000086e-13 1.090401699999999900e-13 9.565252000000000206e-14 8.302523000000000114e-14 7.084183000000000279e-14 5.881083399999999255e-14 4.716077600000000341e-14 3.614663200000000301e-14 2.101819773999999788e-14 2.198033089599999735e-14 2.315080485400000100e-14 2.413713467300000189e-14 2.485100381199999927e-14 2.519258609099999886e-14 2.505152490000000116e-14 2.446946272999999934e-14 2.336565660000000172e-14 2.221947079999999959e-14 1.768624299999999948e-14 9.897030999999998847e-15 1.373541600000000018e-14 1.672969899999999906e-14 1.720532299999999955e-14 1.627012799999999876e-14 1.502631999999999998e-14 1.387107800000000013e-14 1.311127900000000051e-14 1.261856299999999915e-14
3.029869999999999892e-13 2.814229999999999914e-13 2.602847999999999715e-13 2.396629000000000188e-13 2.200505999999999994e-13 2.018849300000000026e-13 1.855007599999999815e-13 1.712324499999999940e-13 1.592205799999999987e-13 1.497119799999999972e-13 1.436571799999999935e-13 2.343036800000000153e-13 1.206265699999999859e-13 1.050648500000000064e-13 9.231383000000000460e-14 8.036764999999999632e-14 6.874234299999999385e-14 5.720547700000000333e-14 4.594943199999999735e-14 3.525691399999999970e-14 1.692223616999999855e-14 1.769060715300000120e-14 1.861642780100000097e-14 1.938644742899999945e-14 1.992475038859999920e-14 2.015308530969999888e-14 1.997841786899999862e-14 1.943342887399999981e-14 1.843381286000000152e-14 1.717191669999999979e-14 1.596204110000000072e-14 1.215739199999999976e-14 5.491074999999999400e-15 8.883273199999999901e-15 1.176762800000000103e-14 1.261312200000000056e-14 1.250177499999999951e-14 1.209845500000000068e-14 1.180775700000000054e-14 1.164168199999999991e-14
2.543622099999999819e-13 2.368547999999999896e-13 2.197265599999999769e-13 2.030529900000000076e-13 1.872353799999999915e-13 1.726238100000000088e-13 1.594708500000000121e-13 1.480165799999999941e-13 1.383115300000000081e-13 1.303965900000000002e-13 1.243192900000000086e-13 1.206265699999999859e-13 1.739301700000000043e-13 1.027588300000000045e-13 8.976002999999999533e-14 7.826497100000000671e-14 6.709176200000000577e-14 5.596429899999999805e-14 4.502694200000000629e-14 3.458688200000000049e-14 1.379142401999999965e-14 1.441755643999999820e-14 1.516473557900000006e-14 1.578021794799999803e-14 1.619798979579999921e-14 1.635599581149799863e-14 1.617723068710000084e-14 1.569148612200000025e-14 1.482703921199999883e-14 1.371709391999999989e-14 1.238501560999999945e-14 1.125061719999999871e-14 8.124807999999999947e-15 2.608537999999999948e-15 5.788706999999999894e-15 8.458371000000000828e-15 9.712035999999999871e-15 1.020621300000000009e-14 1.047164700000000021e-14 1.068036499999999897e-14
2.137695699999999708e-13 1.996430900000000071e-13 1.858360200000000035e-13 1.724112799999999911e-13 1.596970799999999866e-13 1.479784999999999838e-13 1.374560100000000009e-13 1.283099500000000070e-13 1.205505700000000123e-13 1.141562600000000072e-13 1.090401699999999900e-13 1.050648500000000064e-13 1.027588300000000045e-13 1.337918700000000076e-13 8.814505400000000243e-14 7.650763899999999632e-14 6.571338800000000062e-14 5.495580499999999804e-14 4.430237299999999363e-14 3.407748900000000243e-14 1.114173965000000113e-14 1.165109554800000050e-14 1.225360210600000010e-14 1.274906086900000005e-14 1.308053392540000026e-14 1.319871195130000007e-14 1.303964839960000086e-14 1.262551395280000065e-14 1.189728253600000057e-14 1.096379292000000008e-14 9.828276360000000291e-15 8.635020760000000300e-15 7.712977499999999812e-15 5.258321999999999461e-15 8.417680000000006257e-16 3.669912700000000017e-15 6.347724000000000592e-15 7.925046999999999421e-15 8.901489000000000389e-15 9.586838999999999584e-15
1.805624799999999978e-13 1.691031900000000001e-13 1.579011900000000141e-13 1.470075400000000104e-13 1.366922499999999823e-13 1.271904800000000007e-13 1.186669899999999873e-13 1.112668999999999921e-13 1.049927900000000050e-13 9.981827999999999187e-14 9.565252000000000206e-14 9.231383000000000460e-14 8.976002999999999533e-14 8.814505400000000243e-14 1.059237189999999976e-13 7.533413499999999957e-14 6.457926599999999430e-14 5.415600699999999916e-14 4.376676100000000184e-14 3.372955399999999691e-14 9.018425550000000106e-15 9.438109379999999957e-15 9.930276448000000118e-15 1.033729309599999857e-14 1.061005696210000062e-14 1.070929585869999968e-14 1.058190774223000055e-14 1.024388636233000004e-14 9.647039833000000057e-15 8.881060715799999486e-15 7.946561380000000830e-15 6.944099180999999842e-15 5.951498300000000083e-15 5.192707099999999658e-15 3.287775499999999973e-15 -2.730749999999998077e-16 2.402787099999999872e-15 5.048273999999999563e-15 6.905211999999999683e-15 8.215961000000000109e-15
1.504882300000000011e-13 1.413957000000000000e-13 1.325007699999999910e-13 1.238417399999999951e-13 1.156344799999999841e-13 1.080691999999999930e-13 1.012823099999999992e-13 9.539545999999999942e-14 9.041580000000000637e-14 8.632049000000000491e-14 8.302523000000000114e-14 8.036764999999999632e-14 7.826497100000000671e-14 7.650763899999999632e-14 7.533413499999999957e-14 8.511729600000000195e-14 6.368116499999999828e-14 5.343491099999999861e-14 4.334299199999999911e-14 3.350040099999999963e-14 7.131673910000000262e-15 7.470931389999999842e-15 7.864293445999999537e-15 8.192588387999999728e-15 8.414212484099999890e-15 8.499994124200000717e-15 8.407598256839999036e-15 8.147390974650000429e-15 7.678798815950001003e-15 7.068906316700000570e-15 6.317077145000000208e-15 5.505825792000000375e-15 4.688746334999999393e-15 3.906112870000000156e-15 3.386682499999999984e-15 1.892406900000000083e-15 -9.142759999999998704e-16 1.543249800000000017e-15 4.248432999999999747e-15 6.335075999999999524e-15
1.240591299999999961e-13 1.169445700000000022e-13 1.099705899999999922e-13 1.031640699999999985e-13 9.669505999999998764e-14 9.071574000000000075e-14 8.533867000000000507e-14 8.066520999999999006e-14 7.670843999999999893e-14 7.345546999999999215e-14 7.084183000000000279e-14 6.874234299999999385e-14 6.709176200000000577e-14 6.571338800000000062e-14 6.457926599999999430e-14 6.368116499999999828e-14 6.878181000000000053e-14 5.284500899999999939e-14 4.303243099999999844e-14 3.341589199999999919e-14 5.540652880000000086e-15 5.813584223999999804e-15 6.125777848999999990e-15 6.391001721999999449e-15 6.574000193100000008e-15 6.653787286999999929e-15 6.596992418429999851e-15 6.408742481321000076e-15 6.056085846655999809e-15 5.588072633669999862e-15 5.003132665550000155e-15 4.366699965400000347e-15 3.720786796600000076e-15 3.092229745039999789e-15 2.549368599999999708e-15 2.157418100000000204e-15 9.548520999999999422e-16 -1.356214999999999891e-15 9.980847299999999759e-16 3.767490000000000010e-15
9.954678000000000156e-14 9.415513000000000555e-14 8.885873000000000097e-14 8.367461999999999965e-14 7.873214000000000222e-14 7.414891999999999713e-14 7.001401000000000663e-14 6.640801999999999475e-14 6.334670000000000361e-14 6.082813900000000492e-14 5.881083399999999255e-14 5.720547700000000333e-14 5.596429899999999805e-14 5.495580499999999804e-14 5.415600699999999916e-14 5.343491099999999861e-14 5.284500899999999939e-14 5.523866300000000079e-14 4.279692100000000342e-14 3.346011789999999788e-14 4.164654579999999509e-15 4.379165099999999819e-15 4.619276971000000459e-15 4.827487509000000012e-15 4.973721899399999833e-15 5.044349188400000129e-15 5.013944489070000401e-15 4.884053541789999850e-15 4.629573581670000545e-15 4.286182680559999808e-15 3.850924278189999560e-15 3.370874463199999936e-15 2.876712734399999948e-15 2.390235368000000168e-15 1.961355076000000004e-15 1.569619806000000009e-15 1.316418460000000081e-15 2.731283000000000722e-16 -1.666072599999999801e-15 5.835462999999999623e-16
7.742107999999999467e-14 7.348327000000001047e-14 6.960267000000000022e-14 6.578769000000000228e-14 6.213245000000000956e-14 5.872474999999999168e-14 5.563326000000000502e-14 5.292079999999999802e-14 5.060536699999999951e-14 4.869312199999999835e-14 4.716077600000000341e-14 4.594943199999999735e-14 4.502694200000000629e-14 4.430237299999999363e-14 4.376676100000000184e-14 4.334299199999999911e-14 4.303243099999999844e-14 4.279692100000000342e-14 4.378786800000000086e-14 3.363142939999999921e-14 3.005813400000000005e-15 3.170741576999999880e-15 3.349294523000000170e-15 3.508772290000000000e-15 3.623298039200000266e-15 3.685736244599999892e-15 3.677527784809999723e-15 3.597464130640000419e-15 3.426944076089999961e-15 3.189799941174000051e-15 2.882311257460000277e-15 2.536686779140000008e-15 2.174182796600000080e-15 1.812376355400000149e-15 1.489505505999999960e-15 1.193131307000000123e-15 9.526155099999999071e-16 7.596838700000000434e-16 -2.124875999999999663e-16 -1.959284500000000135e-15
5.782308000000000084e-14 5.505813000000000311e-14 5.232363000000000098e-14 4.962144000000000035e-14 4.701693999999999994e-14 4.457366000000000336e-14 4.234278999999999557e-14 4.037210000000000298e-14 3.867978799999999932e-14 3.727537900000000518e-14 3.614663200000000301e-14 3.525691399999999970e-14 3.458688200000000049e-14 3.407748900000000243e-14 3.372955399999999691e-14 3.350040099999999963e-14 3.341589199999999919e-14 3.346011789999999788e-14 3.363142939999999921e-14 3.399746200000000284e-14 2.079371309999999866e-15 2.204000279999999870e-15 2.331570103999999803e-15 2.450039344999999989e-15 2.536444429600000036e-15 2.589107177299999794e-15 2.595046552799999920e-15 2.551400166049999872e-15 2.444629374765999954e-15 2.289084791619000179e-15 2.081128565880000193e-15 1.842647469529999963e-15 1.588092660100000002e-15 1.330562850999999871e-15 1.097583066999999861e-15 8.814222150000000279e-16 7.053054390000000290e-16 5.409806500000000474e-16 3.952580399999999460e-16 -5.766987000000001190e-16
1.587131050000000024e-13 1.411754538999999863e-13 1.202973394700000033e-13 1.004373355000000024e-13 8.235524542000000286e-14 6.646388999999999540e-14 5.293052069000000074e-14 4.187688336999999840e-14 3.306916001000000268e-14 2.623210255000000074e-14 2.101819773999999788e-14 1.692223616999999855e-14 1.379142401999999965e-14 1.114173965000000113e-14 9.018425550000000106e-15 7.131673910000000262e-15 5.540652880000000086e-15 4.164654579999999509e-15 3.005813400000000005e-15 2.079371309999999866e-15 3.246030669000000310e-11 2.833117400000000088e-14 2.362647499999999980e-14 2.202126900000000233e-14 2.142120349999999964e-14 2.086232160000000065e-14 1.992187535000000025e-14 1.861058254999999991e-14 1.681424750499999791e-14 1.479422760570000147e-14 1.258860589420000118e-14 1.043917379530000113e-14 8.488441796429998936e-15 6.758433423969000436e-15 5.407631298233999609e-15 4.287788754184999825e-15 3.478999767524799787e-15 2.846801425735099809e-15 2.373561827349999996e-15 2.007937913569999913e-15
1.596188499999999979e-13 1.428345590000000016e-13 1.257633946999999966e-13 1.052343424249999969e-13 8.634160481999999937e-14 6.969550389300000241e-14 5.549901675299999907e-14 4.388816485100000142e-14 3.463350155300000226e-14 2.745214716599999786e-14 2.198033089599999735e-14 1.769060715300000120e-14 1.441755643999999820e-14 1.165109554800000050e-14 9.438109379999999957e-15 7.470931389999999842e-15 5.813584223999999804e-15 4.379165099999999819e-15 3.170741576999999880e-15 2.204000279999999870e-15 2.833117400000000088e-14 1.912569292000000050e-11 3.017397900000000223e-14 2.493512399999999966e-14 2.296751199999999880e-14 2.194137750000000043e-14 2.083765060000000274e-14 1.945048685999999923e-14 1.758820129800000043e-14 1.549291045699999852e-14 1.319616771520000112e-14 1.095050822159999929e-14 8.905413035810000731e-15 7.088360197640000166e-15 5.668057870504999993e-15 4.489488577435000393e-15 3.639353310290000709e-15 2.974649552129999791e-15 2.478256694000000046e-15 2.095316103380000183e-15
1.791831690000000036e-13 1.438159800000000039e-13 1.276664679999999798e-13 1.110423358999999985e-13 9.128461516999999125e-14 7.371483506999999788e-14 5.869193727999999233e-14 4.638374151710000408e-14 3.656687269499999805e-14 2.894962003999999806e-14 2.315080485400000100e-14 1.861642780100000097e-14 1.516473557900000006e-14 1.225360210600000010e-14 9.930276448000000118e-15 7.864293445999999537e-15 6.125777848999999990e-15 4.619276971000000459e-15 3.349294523000000170e-15 2.331570103999999803e-15 2.362647499999999980e-14 3.017397900000000223e-14 1.127660925999999920e-11 3.180906699999999659e-14 2.603125399999999880e-14 2.363141400000000042e-14 2.206223799999999734e-14 2.050396895999999956e-14 1.854214629999999767e-14 1.635324798900000047e-14 1.394816609099999984e-14 1.158715190570000066e-14 9.426983263100000309e-15 7.502415579179999743e-15 5.994798358601999446e-15 4.741945032649189551e-15 3.839396196654000640e-15 3.133283846826999887e-15 2.607717369210000157e-15 2.202966171239999689e-15
2.015206199999999980e-13 1.611845540000000013e-13 1.260175199999999943e-13 1.109389139999999858e-13 9.550050026000000472e-14 7.723956720000000931e-14 6.149126066000000819e-14 4.856414293000000057e-14 3.824311949800000389e-14 3.023113023900000145e-14 2.413713467300000189e-14 1.938644742899999945e-14 1.578021794799999803e-14 1.274906086900000005e-14 1.033729309599999857e-14 8.192588387999999728e-15 6.391001721999999449e-15 4.827487509000000012e-15 3.508772290000000000e-15 2.450039344999999989e-15 2.202126900000000233e-14 2.493512399999999966e-14 3.180906699999999659e-14 6.656087439999999820e-12 3.267270999999999917e-14 2.635824800000000066e-14 2.344824770000000036e-14 2.146413500000000104e-14 1.934995132000000015e-14 1.707603064999999822e-14 1.458878354899999942e-14 1.213831459900000026e-14 9.883305648599999927e-15 7.866749835999999048e-15 6.281242894049999814e-15 4.960736435663600122e-15 4.010394912611000199e-15 3.266030552995999688e-15 2.714397996019000086e-15 2.290363000486999985e-15
2.180987599999999957e-13 1.806949000000000119e-13 1.410948350000000018e-13 1.068208200000000096e-13 9.364085899999999589e-14 8.002280050000000642e-14 6.372748079999999621e-14 5.028286581000000129e-14 3.953761720999999944e-14 3.119145039700000138e-14 2.485100381199999927e-14 1.992475038859999920e-14 1.619798979579999921e-14 1.308053392540000026e-14 1.061005696210000062e-14 8.414212484099999890e-15 6.574000193100000008e-15 4.973721899399999833e-15 3.623298039200000266e-15 2.536444429600000036e-15 2.142120349999999964e-14 2.296751199999999880e-14 2.603125399999999880e-14 3.267270999999999917e-14 3.935656499999999811e-12 3.253929999999999924e-14 2.571388599999999936e-14 2.248778349999999892e-14 2.000530850000000033e-14 1.761683266999999907e-14 1.507219379999999860e-14 1.256449676199999939e-14 1.024297299600000063e-14 8.157234959499998775e-15 6.508610902700000007e-15 5.131119521390000259e-15 4.140078937020000039e-15 3.362455508300000246e-15 2.789416923984999924e-15 2.349813218343999944e-15
2.264615100000000198e-13 1.933559399999999949e-13 1.574404600000000016e-13 1.194801469999999918e-13 8.726420999999999809e-14 7.660395400000000428e-14 6.518474220000000418e-14 5.134921859999999887e-14 4.028218067000000001e-14 3.169948862999999896e-14 2.519258609099999886e-14 2.015308530969999888e-14 1.635599581149799863e-14 1.319871195130000007e-14 1.070929585869999968e-14 8.499994124200000717e-15 6.653787286999999929e-15 5.044349188400000129e-15 3.685736244599999892e-15 2.589107177299999794e-15 2.086232160000000065e-14 2.194137750000000043e-14 2.363141400000000042e-14 2.635824800000000066e-14 3.253929999999999924e-14 2.333162579999999840e-12 3.124005099999999831e-14 2.419962299999999884e-14 2.060939369999999875e-14 1.793912909999999945e-14 1.533155083999999789e-14 1.279986457999999887e-14 1.045124225299999955e-14 8.330933283000000223e-15 6.643963993899999790e-15 5.228537691710000352e-15 4.208977158419999693e-15 3.407086400809999782e-15 2.820118694385999974e-15 2.370632287361799862e-15
2.262877799999999838e-13 1.971344500000000083e-13 1.661255199999999937e-13 1.325651199999999795e-13 9.753283100000000344e-14 6.838432999999999786e-14 6.061623800000000653e-14 5.169962810000000380e-14 4.033888060000000112e-14 3.162596834999999540e-14 2.505152490000000116e-14 1.997841786899999862e-14 1.617723068710000084e-14 1.303964839960000086e-14 1.058190774223000055e-14 8.407598256839999036e-15 6.596992418429999851e-15 5.013944489070000401e-15 3.677527784809999723e-15 2.595046552799999920e-15 1.992187535000000025e-14 2.083765060000000274e-14 2.206223799999999734e-14 2.344824770000000036e-14 2.571388599999999936e-14 3.124005099999999831e-14 1.388155150000000042e-12 2.886090800000000335e-14 2.170098399999999796e-14 1.812696370000000152e-14 1.533350060000000026e-14 1.279035407000000090e-14 1.045985345999999993e-14 8.348673309999999438e-15 6.656595023600000112e-15 5.229517250699999990e-15 4.198034606870000357e-15 3.384334705840000246e-15 2.793436928869999795e-15 2.341603460168999836e-15
2.190397800000000080e-13 1.932404400000000142e-13 1.665140400000000192e-13 1.382009199999999927e-13 1.080542000000000052e-13 7.693447800000000799e-14 5.146630999999999595e-14 4.661829099999999948e-14 3.997745379999999499e-14 3.105797509999999758e-14 2.446946272999999934e-14 1.943342887399999981e-14 1.569148612200000025e-14 1.262551395280000065e-14 1.024388636233000004e-14 8.147390974650000429e-15 6.408742481321000076e-15 4.884053541789999850e-15 3.597464130640000419e-15 2.551400166049999872e-15 1.861058254999999991e-14 1.945048685999999923e-14 2.050396895999999956e-14 2.146413500000000104e-14 2.248778349999999892e-14 2.419962299999999884e-14 2.886090800000000335e-14 8.298889699999999819e-13 2.555911499999999880e-14 1.875422799999999824e-14 1.522703209999999967e-14 1.257684490000000017e-14 1.028004089000000033e-14 8.211863799999999400e-15 6.548015676999999291e-15 5.136927512199999833e-15 4.111217183300000302e-15 3.299268698699999731e-15 2.714371349589999919e-15 2.267480090729999951e-15
2.048656800000000098e-13 1.822275299999999999e-13 1.592378099999999889e-13 1.355144599999999999e-13 1.108463600000000013e-13 8.491961999999999838e-14 5.828503799999999421e-14 3.687442999999999599e-14 3.466912099999999942e-14 3.013958809999999988e-14 2.336565660000000172e-14 1.843381286000000152e-14 1.482703921199999883e-14 1.189728253600000057e-14 9.647039833000000057e-15 7.678798815950001003e-15 6.056085846655999809e-15 4.629573581670000545e-15 3.426944076089999961e-15 2.444629374765999954e-15 1.681424750499999791e-14 1.758820129800000043e-14 1.854214629999999767e-14 1.934995132000000015e-14 2.000530850000000033e-14 2.060939369999999875e-14 2.170098399999999796e-14 2.555911499999999880e-14 4.989508600000000819e-13 2.172614199999999970e-14 1.537770599999999950e-14 1.221193750000000064e-14 9.886922450000001267e-15 7.883370059999999345e-15 6.285271175999999780e-15 4.923380568000000000e-15 3.927861822000000195e-15 3.136361194100000159e-15 2.570016616900000004e-15 2.137347110760000073e-15
1.863132900000000168e-13 1.666573899999999965e-13 1.469334900000000012e-13 1.269719699999999994e-13 1.067829000000000084e-13 8.612590000000000110e-14 6.462150499999999415e-14 4.270476300000000434e-14 2.528020099999999594e-14 2.516620000000000098e-14 2.221947079999999959e-14 1.717191669999999979e-14 1.371709391999999989e-14 1.096379292000000008e-14 8.881060715799999486e-15 7.068906316700000570e-15 5.588072633669999862e-15 4.286182680559999808e-15 3.189799941174000051e-15 2.289084791619000179e-15 1.479422760570000147e-14 1.549291045699999852e-14 1.635324798900000047e-14 1.707603064999999822e-14 1.761683266999999907e-14 1.793912909999999945e-14 1.812696370000000152e-14 1.875422799999999824e-14 2.172614199999999970e-14 3.019703200000000178e-13 1.767816900000000163e-14 1.215745200000000000e-14 9.435017500000001264e-15 7.435711010000000100e-15 5.912216060000000368e-15 4.618563981999999769e-15 3.674441385000000349e-15 2.920174783699999635e-15 2.381631129100000231e-15 1.970081154000000124e-15
1.640712499999999912e-13 1.474071400000000100e-13 1.307805200000000065e-13 1.141401799999999992e-13 9.764222000000000518e-14 8.125503999999999594e-14 6.470529999999999693e-14 4.764378100000000030e-14 3.015346899999999670e-14 1.630705699999999853e-14 1.768624299999999948e-14 1.596204110000000072e-14 1.238501560999999945e-14 9.828276360000000291e-15 7.946561380000000830e-15 6.317077145000000208e-15 5.003132665550000155e-15 3.850924278189999560e-15 2.882311257460000277e-15 2.081128565880000193e-15 1.258860589420000118e-14 1.319616771520000112e-14 1.394816609099999984e-14 1.458878354899999942e-14 1.507219379999999860e-14 1.533155083999999789e-14 1.533350060000000026e-14 1.522703209999999967e-14 1.537770599999999950e-14 1.767816900000000163e-14 1.839942300000000150e-13 1.388820599999999926e-14 9.192379199999999051e-15 6.935363900000000038e-15 5.441628790000000251e-15 4.222521639999999537e-15 3.349075396999999863e-15 2.648624884999999943e-15 2.148361907400000164e-15 1.765797385899999865e-15
1.406563799999999989e-13 1.268325500000000087e-13 1.130697100000000061e-13 9.937080000000000457e-14 8.594466000000000449e-14 7.288121999999999588e-14 6.009319000000000569e-14 4.733209999999999933e-14 3.414338299999999695e-14 2.056916499999999983e-14 9.897030999999998847e-15 1.215739199999999976e-14 1.125061719999999871e-14 8.635020760000000300e-15 6.944099180999999842e-15 5.505825792000000375e-15 4.366699965400000347e-15 3.370874463199999936e-15 2.536686779140000008e-15 1.842647469529999963e-15 1.043917379530000113e-14 1.095050822159999929e-14 1.158715190570000066e-14 1.213831459900000026e-14 1.256449676199999939e-14 1.279986457999999887e-14 1.279035407000000090e-14 1.257684490000000017e-14 1.221193750000000064e-14 1.215745200000000000e-14 1.388820599999999926e-14 1.129156639999999981e-13 1.049619900000000062e-14 6.692143000000000164e-15 4.988366400000000096e-15 3.797678210000000138e-15 2.991133839999999853e-15 2.349071418000000029e-15 1.894263075999999899e-15 1.546446321000000104e-15
1.176758499999999867e-13 1.064349599999999975e-13 9.525288999999999521e-14 8.415039999999999099e-14 7.333338999999999707e-14 6.293712999999999407e-14 5.299041999999999697e-14 4.341521999999999552e-14 3.389512699999999957e-14 2.403572399999999771e-14 1.373541600000000018e-14 5.491074999999999400e-15 8.124807999999999947e-15 7.712977499999999812e-15 5.951498300000000083e-15 4.688746334999999393e-15 3.720786796600000076e-15 2.876712734399999948e-15 2.174182796600000080e-15 1.588092660100000002e-15 8.488441796429998936e-15 8.905413035810000731e-15 9.426983263100000309e-15 9.883305648599999927e-15 1.024297299600000063e-14 1.045124225299999955e-14 1.045985345999999993e-14 1.028004089000000033e-14 9.886922450000001267e-15 9.435017500000001264e-15 9.192379199999999051e-15 1.049619900000000062e-14 6.980156900000000448e-14 7.769279000000000082e-15 4.774960499999999703e-15 3.429152100000000133e-15 2.641504689999999973e-15 2.046082549999999846e-15 1.637500385999999934e-15 1.326979820999999874e-15
9.619625000000000271e-14 8.725769999999999633e-14 7.837005000000000189e-14 6.955640999999999856e-14 6.099575999999999858e-14 5.282468999999999733e-14 4.511711000000000393e-14 3.788308999999999767e-14 3.095392399999999720e-14 2.403569199999999716e-14 1.672969899999999906e-14 8.883273199999999901e-15 2.608537999999999948e-15 5.258321999999999461e-15 5.192707099999999658e-15 3.906112870000000156e-15 3.092229745039999789e-15 2.390235368000000168e-15 1.812376355400000149e-15 1.330562850999999871e-15 6.758433423969000436e-15 7.088360197640000166e-15 7.502415579179999743e-15 7.866749835999999048e-15 8.157234959499998775e-15 8.330933283000000223e-15 8.348673309999999438e-15 8.211863799999999400e-15 7.883370059999999345e-15 7.435711010000000100e-15 6.935363900000000038e-15 6.692143000000000164e-15 7.769279000000000082e-15 4.354103899999999900e-14 5.661963999999999483e-15 3.312241100000000155e-15 2.369875600000000166e-15 1.772192770000000004e-15 1.395223899999999909e-15 1.117295994999999964e-15
7.827691999999999479e-14 7.115629999999999388e-14 6.408608999999999214e-14 5.708705000000000059e-14 5.030705999999999511e-14 4.386653000000000009e-14 3.784590000000000386e-14 3.229168000000000095e-14 2.712975200000000074e-14 2.219775100000000045e-14 1.720532299999999955e-14 1.176762800000000103e-14 5.788706999999999894e-15 8.417680000000006257e-16 3.287775499999999973e-15 3.386682499999999984e-15 2.549368599999999708e-15 1.961355076000000004e-15 1.489505505999999960e-15 1.097583066999999861e-15 5.407631298233999609e-15 5.668057870504999993e-15 5.994798358601999446e-15 6.281242894049999814e-15 6.508610902700000007e-15 6.643963993899999790e-15 6.656595023600000112e-15 6.548015676999999291e-15 6.285271175999999780e-15 5.912216060000000368e-15 5.441628790000000251e-15 4.988366400000000096e-15 4.774960499999999703e-15 5.661963999999999483e-15 2.752052599999999907e-14 4.183150000000000141e-15 2.366299399999999924e-15 1.611411400000000032e-15 1.212517650000000057e-15 9.459434799999999098e-16
6.291361999999999855e-14 5.731204999999999458e-14 5.176398999999999964e-14 4.628681000000000399e-14 4.099824000000000333e-14 3.599717400000000199e-14 3.135496699999999578e-14 2.712555500000000222e-14 2.327872599999999866e-14 1.972361300000000285e-14 1.627012799999999876e-14 1.261312200000000056e-14 8.458371000000000828e-15 3.669912700000000017e-15 -2.730749999999998077e-16 1.892406900000000083e-15 2.157418100000000204e-15 1.569619806000000009e-15 1.193131307000000123e-15 8.814222150000000279e-16 4.287788754184999825e-15 4.489488577435000393e-15 4.741945032649189551e-15 4.960736435663600122e-15 5.131119521390000259e-15 5.228537691710000352e-15 5.229517250699999990e-15 5.136927512199999833e-15 4.923380568000000000e-15 4.618563981999999769e-15 4.222521639999999537e-15 3.797678210000000138e-15 3.429152100000000133e-15 3.312241100000000155e-15 4.183150000000000141e-15 1.775640500000000183e-14 3.189978000000000182e-15 1.702971599999999851e-15 1.133618699999999907e-15 8.239976999999999985e-16
5.161035699999999930e-14 4.710170699999999811e-14 4.264924299999999747e-14 3.826876600000000508e-14 3.405668599999999916e-14 3.009445899999999971e-14 2.644072900000000019e-14 2.314279900000000066e-14 2.018593699999999975e-14 1.751898900000000286e-14 1.502631999999999998e-14 1.250177499999999951e-14 9.712035999999999871e-15 6.347724000000000592e-15 2.402787099999999872e-15 -9.142759999999998704e-16 9.548520999999999422e-16 1.316418460000000081e-15 9.526155099999999071e-16 7.053054390000000290e-16 3.478999767524799787e-15 3.639353310290000709e-15 3.839396196654000640e-15 4.010394912611000199e-15 4.140078937020000039e-15 4.208977158419999693e-15 4.198034606870000357e-15 4.111217183300000302e-15 3.927861822000000195e-15 3.674441385000000349e-15 3.349075396999999863e-15 2.991133839999999853e-15 2.641504689999999973e-15 2.369875600000000166e-15 2.366299399999999924e-15 3.189978000000000182e-15 1.184408200000000020e-14 2.579996699999999919e-15 1.329079999999999895e-15 8.257315000000000347e-16
4.267335199999999875e-14 3.902324899999999624e-14 3.543327599999999734e-14 3.191808799999999517e-14 2.855686099999999740e-14 2.541623900000000235e-14 2.254245600000000060e-14 1.997374699999999974e-14 1.770025300000000146e-14 1.569065600000000234e-14 1.387107800000000013e-14 1.209845500000000068e-14 1.020621300000000009e-14 7.925046999999999421e-15 5.048273999999999563e-15 1.543249800000000017e-15 -1.356214999999999891e-15 2.731283000000000722e-16 7.596838700000000434e-16 5.409806500000000474e-16 2.846801425735099809e-15 2.974649552129999791e-15 3.133283846826999887e-15 3.266030552995999688e-15 3.362455508300000246e-15 3.407086400809999782e-15 3.384334705840000246e-15 3.299268698699999731e-15 3.136361194100000159e-15 2.920174783699999635e-15 2.648624884999999943e-15 2.349071418000000029e-15 2.046082549999999846e-15 1.772192770000000004e-15 1.611411400000000032e-15 1.702971599999999851e-15 2.579996699999999919e-15 8.305127799999999726e-15 2.241068900000000147e-15 1.094967799999999925e-15
3.643239300000000059e-14 3.341134000000000463e-14 3.044859899999999880e-14 2.755750199999999985e-14 2.480465600000000016e-14 2.224622499999999794e-14 1.992078800000000195e-14 1.786097600000000011e-14 1.605989200000000036e-14 1.449453999999999985e-14 1.311127900000000051e-14 1.180775700000000054e-14 1.047164700000000021e-14 8.901489000000000389e-15 6.905211999999999683e-15 4.248432999999999747e-15 9.980847299999999759e-16 -1.666072599999999801e-15 -2.124875999999999663e-16 3.952580399999999460e-16 2.373561827349999996e-15 2.478256694000000046e-15 2.607717369210000157e-15 2.714397996019000086e-15 2.789416923984999924e-15 2.820118694385999974e-15 2.793436928869999795e-15 2.714371349589999919e-15 2.570016616900000004e-15 2.381631129100000231e-15 2.148361907400000164e-15 1.894263075999999899e-15 1.637500385999999934e-15 1.395223899999999909e-15 1.212517650000000057e-15 1.133618699999999907e-15 1.329079999999999895e-15 2.241068900000000147e-15 6.231419099999999959e-15 2.085200599999999933e-15
3.179468500000000479e-14 2.925546000000000306e-14 2.677219699999999803e-14 2.435737399999999930e-14 2.206818000000000038e-14 1.995284999999999762e-14 1.804401500000000099e-14 1.636950699999999780e-14 1.492335000000000060e-14 1.368692300000000138e-14 1.261856299999999915e-14 1.164168199999999991e-14 1.068036499999999897e-14 9.586838999999999584e-15 8.215961000000000109e-15 6.335075999999999524e-15 3.767490000000000010e-15 5.835462999999999623e-16 -1.959284500000000135e-15 -5.766987000000001190e-16 2.007937913569999913e-15 2.095316103380000183e-15 2.202966171239999689e-15 2.290363000486999985e-15 2.349813218343999944e-15 2.370632287361799862e-15 2.341603460168999836e-15 2.267480090729999951e-15 2.137347110760000073e-15 1.970081154000000124e-15 1.765797385899999865e-15 1.546446321000000104e-15 1.326979820999999874e-15 1.117295994999999964e-15 9.459434799999999098e-16 8.239976999999999985e-16 8.257315000000000347e-16 1.094967799999999925e-15 2.085200599999999933e-15 5.069380800000000200e-15
