7.818516999999999410e-11 3.506399399999999738e-12 3.046204400000000203e-12 2.604986799999999960e-12 2.195261899999999964e-12 1.825656099999999887e-12 1.501355799999999975e-12 1.226140600000000007e-12 9.983382000000001374e-13 8.148763999999999992e-13 6.700998999999999849e-13 5.552294999999999618e-13 4.653563999999999900e-13 3.902150000000000190e-13 3.286008999999999978e-13 2.729338000000000017e-13 2.241274999999999959e-13 1.791141500000000037e-13 1.387460600000000172e-13 1.032187400000000006e-13 2.876830799999999928e-13 2.866168899999999864e-13 3.252072650000000415e-13 3.697975499999999988e-13 4.023219100000000184e-13 4.182266599999999966e-13 4.174716000000000020e-13 4.033026299999999512e-13 3.764137100000000097e-13 3.417069500000000215e-13 3.005679099999999856e-13 2.575656400000000096e-13 2.155887099999999856e-13 1.764657099999999816e-13 1.438307399999999971e-13 1.158789899999999996e-13 9.525034999999999813e-14 7.889915999999999679e-14 6.738636000000000267e-14 5.871695999999999319e-14
3.506399399999999738e-12 4.686340199999999956e-11 2.772511799999999693e-12 2.374714999999999742e-12 2.004376299999999871e-12 1.670194000000000062e-12 1.376828900000000073e-12 1.127457200000000125e-12 9.205964999999999336e-13 7.535450000000000975e-13 6.213004000000000170e-13 5.161695999999999820e-13 4.336528000000000260e-13 3.646352000000000052e-13 3.078501000000000031e-13 2.564650000000000083e-13 2.112365999999999978e-13 1.693406700000000065e-13 1.316022100000000082e-13 9.819698999999999980e-14 2.573018886000000189e-13 2.584272200000000112e-13 2.573805900000000173e-13 2.919359119999999949e-13 3.311244800000000080e-13 3.562013799999999655e-13 3.635454999999999780e-13 3.560018199999999982e-13 3.351359500000000084e-13 3.059770600000000242e-13 2.703190399999999742e-13 2.324879700000000014e-13 1.952019899999999989e-13 1.602542300000000071e-13 1.309180900000000147e-13 1.057228500000000073e-13 8.707905999999999862e-14 7.228701000000000866e-14 6.191517000000000143e-14 5.412033999999999621e-14
3.046204400000000203e-12 2.772511799999999693e-12 2.821400500000000040e-11 2.152129699999999866e-12 1.819010299999999710e-12 1.518313500000000021e-12 1.254619900000000103e-12 1.030365500000000008e-12 8.440668000000000279e-13 6.932322999999999803e-13 5.734116999999999486e-13 4.779231000000000197e-13 4.026675000000000106e-13 3.396579999999999952e-13 2.875839000000000021e-13 2.403672999999999708e-13 1.986091200000000058e-13 1.597446099999999994e-13 1.245644999999999990e-13 9.323208999999999992e-14 2.192534981900000026e-13 2.289849621999999962e-13 2.305884899999999865e-13 2.247259699999999987e-13 2.550288260000000218e-13 2.881545299999999685e-13 3.056832700000000459e-13 3.067286200000000179e-13 2.930926500000000315e-13 2.700817499999999967e-13 2.401381100000000244e-13 2.075378599999999988e-13 1.749432199999999855e-13 1.441550499999999836e-13 1.181135699999999894e-13 9.567675999999999237e-14 7.901994000000001135e-14 6.579212999999999806e-14 5.655688000000000089e-14 4.963125000000000120e-14
2.604986799999999960e-12 2.374714999999999742e-12 2.152129699999999866e-12 1.706610100000000033e-11 1.642134000000000079e-12 1.372040199999999992e-12 1.135915700000000012e-12 9.355596999999999318e-13 7.691756000000000451e-13 6.342174999999999681e-13 5.266352000000000217e-13 4.406510999999999741e-13 3.725349999999999873e-13 3.153950999999999977e-13 2.678931000000000048e-13 2.247097199999999835e-13 1.862940300000000008e-13 1.503576200000000019e-13 1.176494499999999940e-13 8.832937000000000059e-14 1.830311730000000134e-13 1.915905612400000007e-13 2.019922635700000005e-13 2.000564699999999997e-13 1.897400400000000002e-13 2.155322270000000007e-13 2.423755599999999645e-13 2.540902499999999734e-13 2.494744799999999974e-13 2.336508100000000122e-13 2.098990899999999939e-13 1.827025399999999910e-13 1.548394200000000030e-13 1.282036300000000144e-13 1.054513899999999971e-13 8.577008999999999345e-14 7.109999999999999491e-14 5.943968000000000427e-14 5.133460999999999738e-14 4.527139999999999958e-14
2.195261899999999964e-12 2.004376299999999871e-12 1.819010299999999710e-12 1.642134000000000079e-12 1.037841159999999971e-11 1.237573000000000062e-12 1.024911800000000152e-12 8.458846000000000568e-13 6.979305999999999786e-13 5.779673999999999229e-13 4.820940000000000055e-13 4.052415000000000055e-13 3.439769999999999993e-13 2.924353999999999840e-13 2.492621999999999979e-13 2.098800099999999960e-13 1.745975200000000004e-13 1.414128799999999866e-13 1.110270999999999995e-13 8.360704999999999765e-14 1.500703974599999992e-13 1.571750424399999954e-13 1.660102807999999913e-13 1.735719897000000037e-13 1.685990999999999939e-13 1.543157999999999916e-13 1.755978869999999869e-13 1.974149400000000082e-13 2.037302600000000100e-13 1.966038300000000202e-13 1.798298999999999949e-13 1.583305000000000037e-13 1.352469100000000179e-13 1.127145000000000040e-13 9.319391999999999323e-14 7.621294999999999687e-14 6.349155999999999942e-14 5.337124000000000145e-14 4.636741999999999959e-14 4.114304999999999552e-14
1.825656099999999887e-12 1.670194000000000062e-12 1.518313500000000021e-12 1.372040199999999992e-12 1.237573000000000062e-12 6.352795700000000094e-12 9.270735000000000079e-13 7.646088000000000246e-13 6.323946999999999812e-13 5.258827000000000206e-13 4.408179999999999903e-13 3.724836000000000023e-13 3.176245999999999934e-13 2.712925999999999844e-13 2.321148100000000377e-13 1.962211199999999962e-13 1.637946999999999887e-13 1.331240599999999933e-13 1.048575800000000010e-13 7.918089999999999888e-14 1.211105514400000152e-13 1.268702728200000044e-13 1.340422110099999940e-13 1.403171363000000031e-13 1.453265441999999825e-13 1.377307400000000029e-13 1.202997399999999987e-13 1.382488519999999963e-13 1.550963399999999930e-13 1.583626600000000196e-13 1.497886199999999818e-13 1.345376799999999888e-13 1.163853999999999920e-13 9.792126000000000113e-14 8.155182000000000389e-14 6.718019999999999934e-14 5.633955000000000175e-14 4.770554000000000091e-14 4.175523000000000382e-14 3.733193999999999501e-14
1.501355799999999975e-12 1.376828900000000073e-12 1.254619900000000103e-12 1.135915700000000012e-12 1.024911800000000152e-12 9.270735000000000079e-13 3.922183699999999869e-12 6.964871999999999931e-13 5.749130000000000364e-13 4.793034000000000315e-13 4.036780000000000092e-13 3.429786000000000185e-13 2.939302000000000050e-13 2.523256800000000166e-13 2.167463499999999986e-13 1.839779099999999998e-13 1.540884999999999952e-13 1.256532200000000006e-13 9.926648000000000527e-14 7.514426999999999703e-14 9.645012188000000506e-14 1.010334795010000054e-13 1.067316283000000034e-13 1.116979087999999914e-13 1.156483453999999932e-13 1.183040027999999844e-13 1.088335540000000056e-13 8.996190999999998669e-14 1.045373519999999990e-13 1.180667099999999948e-13 1.191554299999999965e-13 1.110930199999999957e-13 9.826535999999999661e-14 8.393381000000001008e-14 7.065646000000000507e-14 5.879222999999999727e-14 4.974489999999999940e-14 4.252291999999999639e-14 3.756493000000000198e-14 3.389459999999999979e-14
1.226140600000000007e-12 1.127457200000000125e-12 1.030365500000000008e-12 9.355596999999999318e-13 8.458846000000000568e-13 7.646088000000000246e-13 6.964871999999999931e-13 2.451742399999999984e-12 5.297251000000000043e-13 4.400615000000000026e-13 3.716589999999999818e-13 3.173275999999999998e-13 2.733238400000000060e-13 2.358590899999999661e-13 2.034192100000000090e-13 1.733698299999999901e-13 1.456620100000000115e-13 1.191465700000000013e-13 9.436832000000000537e-14 7.158407999999999390e-14 7.630369502999999949e-14 7.989807689000000294e-14 8.435558561300000425e-14 8.822102669000000464e-14 9.123596789999999499e-14 9.308693559999999401e-14 9.376624599999999510e-14 8.358619400000000392e-14 6.392255000000000211e-14 7.645331099999999573e-14 8.715154999999999835e-14 8.744401999999998710e-14 8.068184999999999816e-14 7.073254000000000215e-14 6.056860000000000053e-14 5.113155999999999579e-14 4.378442000000000318e-14 3.788734000000000242e-14 3.385208999999999823e-14 3.087893999999999843e-14
9.983382000000001374e-13 9.205964999999999336e-13 8.440668000000000279e-13 7.691756000000000451e-13 6.979305999999999786e-13 6.323946999999999812e-13 5.749130000000000364e-13 5.297251000000000043e-13 1.559666900000000187e-12 4.113421000000000432e-13 3.456155000000000231e-13 2.957906999999999949e-13 2.558952700000000061e-13 2.219119500000000004e-13 1.921390599999999947e-13 1.644097399999999996e-13 1.385384100000000044e-13 1.136324299999999957e-13 9.019548000000000283e-14 6.853307000000000193e-14 6.024296127000000868e-14 6.304113831999999900e-14 6.649628971399999937e-14 6.946786196000000587e-14 7.173400793999999550e-14 7.300445370000000728e-14 7.304681450000000414e-14 7.246346800000000794e-14 6.206569500000000598e-14 4.332276000000000664e-14 5.388449499999999839e-14 6.264356999999999961e-14 6.297053999999999948e-14 5.795561000000000774e-14 5.111873000000000225e-14 4.412128000000000211e-14 3.841853999999999969e-14 3.377358000000000320e-14 3.059980000000000155e-14 2.827158000000000175e-14
8.148763999999999992e-13 7.535450000000000975e-13 6.932322999999999803e-13 6.342174999999999681e-13 5.779673999999999229e-13 5.258827000000000206e-13 4.793034000000000315e-13 4.400615000000000026e-13 4.113421000000000432e-13 1.017060799999999967e-12 3.280743799999999784e-13 2.788554199999999766e-13 2.417247099999999764e-13 2.104461100000000081e-13 1.828570100000000111e-13 1.570556399999999915e-13 1.326934599999999961e-13 1.091053200000000111e-13 8.675672999999999640e-14 6.600670499999999465e-14 4.776938612000000441e-14 4.995172763000000402e-14 5.262761331699999930e-14 5.489949107799999938e-14 5.657988254000000258e-14 5.743989362999998853e-14 5.724648980999999518e-14 5.617469879999999536e-14 5.458809399999999998e-14 4.497041699999999735e-14 2.748048000000000197e-14 3.671916000000000007e-14 4.430866800000000254e-14 4.499360999999999946e-14 4.196412000000000158e-14 3.756865999999999938e-14 3.353761000000000264e-14 3.011468999999999868e-14 2.776094000000000101e-14 2.603607300000000208e-14
6.700998999999999849e-13 6.213004000000000170e-13 5.734116999999999486e-13 5.266352000000000217e-13 4.820940000000000055e-13 4.408179999999999903e-13 4.036780000000000092e-13 3.716589999999999818e-13 3.456155000000000231e-13 3.280743799999999784e-13 6.848500399999999978e-13 2.684538199999999758e-13 2.309327899999999712e-13 2.013136499999999891e-13 1.754102100000000069e-13 1.511567600000000119e-13 1.280105499999999912e-13 1.054876500000000069e-13 8.400635000000000080e-14 6.398004200000000103e-14 3.825454881999999938e-14 3.997584312999999941e-14 4.206779976499999861e-14 4.381695977099999755e-14 4.506576502800000207e-14 4.563881668200000235e-14 4.533536624999999881e-14 4.423629359999999463e-14 4.221328249999999669e-14 4.022941200000000109e-14 3.155203199999999576e-14 1.623362999999999711e-14 2.448232100000000200e-14 3.103940299999999971e-14 3.251490999999999807e-14 3.109109000000000247e-14 2.890847999999999599e-14 2.676268999999999943e-14 2.523129299999999771e-14 2.409400300000000009e-14
5.552294999999999618e-13 5.161695999999999820e-13 4.779231000000000197e-13 4.406510999999999741e-13 4.052415000000000055e-13 3.724836000000000023e-13 3.429786000000000185e-13 3.173275999999999998e-13 2.957906999999999949e-13 2.788554199999999766e-13 2.684538199999999758e-13 4.787880699999999790e-13 2.246822800000000013e-13 1.943002299999999864e-13 1.694838799999999838e-13 1.464275200000000053e-13 1.242682500000000092e-13 1.026205399999999997e-13 8.183844700000000333e-14 6.238590799999999176e-14 3.078303298000000221e-14 3.215840872000000128e-14 3.381397754099999491e-14 3.518042461800000153e-14 3.612221033800000217e-14 3.650124632300000520e-14 3.614896239299999538e-14 3.512809227000000199e-14 3.329076900000000293e-14 3.099843050000000218e-14 2.889047200000000068e-14 2.162237400000000199e-14 8.543820000000000848e-15 1.580209700000000068e-14 2.200534700000000065e-14 2.408231000000000063e-14 2.412334999999999863e-14 2.343859699999999924e-14 2.281457800000000199e-14 2.230116399999999896e-14
4.653563999999999900e-13 4.336528000000000260e-13 4.026675000000000106e-13 3.725349999999999873e-13 3.439769999999999993e-13 3.176245999999999934e-13 2.939302000000000050e-13 2.733238400000000060e-13 2.558952700000000061e-13 2.417247099999999764e-13 2.309327899999999712e-13 2.246822800000000013e-13 3.485001299999999936e-13 1.905003000000000178e-13 1.650354700000000169e-13 1.427358800000000154e-13 1.213596899999999926e-13 1.004256809999999960e-13 8.019965899999999355e-14 6.119038999999999520e-14 2.507633645000000058e-14 2.619723444000000068e-14 2.753338960599999950e-14 2.862571258400000343e-14 2.935645073190000054e-14 2.961590232239999598e-14 2.926487481599999806e-14 2.836000709700000028e-14 2.677305776999999925e-14 2.474884960000000068e-14 2.233859299999999707e-14 2.035980189999999889e-14 1.439382099999999909e-14 3.558779999999999819e-15 1.026130600000000022e-14 1.595452300000000060e-14 1.871437199999999848e-14 1.981222899999999908e-14 2.029034700000000177e-14 2.051084999999999762e-14
3.902150000000000190e-13 3.646352000000000052e-13 3.396579999999999952e-13 3.153950999999999977e-13 2.924353999999999840e-13 2.712925999999999844e-13 2.523256800000000166e-13 2.358590899999999661e-13 2.219119500000000004e-13 2.104461100000000081e-13 2.013136499999999891e-13 1.943002299999999864e-13 1.905003000000000178e-13 2.628626299999999963e-13 1.624558699999999953e-13 1.397356399999999957e-13 1.189835429999999883e-13 9.867577099999999988e-14 7.893050999999999443e-14 6.028770700000000372e-14 2.025421220000000100e-14 2.116667123000000102e-14 2.224440039100000096e-14 2.312379942800000023e-14 2.370365431489999939e-14 2.389703808560000153e-14 2.358884203289999997e-14 2.282162647759999944e-14 2.148884360099999959e-14 1.978734946700000227e-14 1.772550870000000139e-14 1.557116789999999816e-14 1.396085460000000040e-14 9.247809000000000068e-15 5.317339999999989488e-16 6.466544400000000349e-15 1.207293499999999942e-14 1.535481300000000017e-14 1.726777299999999882e-14 1.844155199999999970e-14
3.286008999999999978e-13 3.078501000000000031e-13 2.875839000000000021e-13 2.678931000000000048e-13 2.492621999999999979e-13 2.321148100000000377e-13 2.167463499999999986e-13 2.034192100000000090e-13 1.921390599999999947e-13 1.828570100000000111e-13 1.754102100000000069e-13 1.694838799999999838e-13 1.650354700000000169e-13 1.624558699999999953e-13 2.042777500000000027e-13 1.379569219999999860e-13 1.171252420000000127e-13 9.734815099999999508e-14 7.802615799999999421e-14 5.968433199999999419e-14 1.639208040999999945e-14 1.714467342999999956e-14 1.802570327199999789e-14 1.874877233800000009e-14 1.922681005289999993e-14 1.939047045199999790e-14 1.914432033209999919e-14 1.851942970619999994e-14 1.742821950210000129e-14 1.603150914700000005e-14 1.433192996199999921e-14 1.251530490999999957e-14 1.072549284999999936e-14 9.397287200000000605e-15 5.711362999999999243e-15 -1.350365999999999823e-15 4.194567500000000292e-15 9.647744000000000916e-15 1.336153500000000068e-14 1.580780200000000222e-14
2.729338000000000017e-13 2.564650000000000083e-13 2.403672999999999708e-13 2.247097199999999835e-13 2.098800099999999960e-13 1.962211199999999962e-13 1.839779099999999998e-13 1.733698299999999901e-13 1.644097399999999996e-13 1.570556399999999915e-13 1.511567600000000119e-13 1.464275200000000053e-13 1.427358800000000154e-13 1.397356399999999957e-13 1.379569219999999860e-13 1.614809300000000063e-13 1.158631490000000054e-13 9.624629900000001008e-14 7.736715500000000356e-14 5.931207100000000121e-14 1.296112616999999995e-14 1.357060340000000103e-14 1.427591193400000060e-14 1.486044623199999846e-14 1.525052324899999906e-14 1.539424308210000225e-14 1.521539332230000277e-14 1.473422878480000071e-14 1.387727194223999936e-14 1.276556600269999991e-14 1.139881109759999969e-14 9.928069631000000008e-15 8.450672964000001236e-15 7.040280999999999906e-15 6.133792100000000237e-15 3.211018999999999649e-15 -2.409041000000000011e-15 2.642481100000000095e-15 8.110170000000000595e-15 1.215833500000000038e-14
2.241274999999999959e-13 2.112365999999999978e-13 1.986091200000000058e-13 1.862940300000000008e-13 1.745975200000000004e-13 1.637946999999999887e-13 1.540884999999999952e-13 1.456620100000000115e-13 1.385384100000000044e-13 1.326934599999999961e-13 1.280105499999999912e-13 1.242682500000000092e-13 1.213596899999999926e-13 1.189835429999999883e-13 1.171252420000000127e-13 1.158631490000000054e-13 1.286866830000000026e-13 9.555413500000000076e-14 7.699360699999999618e-14 5.923629199999999411e-14 1.006912028000000056e-14 1.056049658000000015e-14 1.112136678899999977e-14 1.159493949199999897e-14 1.191891670190000050e-14 1.205570160199999940e-14 1.194498175014000069e-14 1.159674226167999956e-14 1.095125386912999993e-14 1.009718923084999963e-14 9.032507803140000999e-15 7.877349941820000825e-15 6.707965210569999426e-15 5.572091231999999805e-15 4.594843659999999670e-15 3.911520000000000104e-15 1.531442999999999945e-15 -3.133221000000000273e-15 1.645040700000000075e-15 7.141384999999999981e-15
1.791141500000000037e-13 1.693406700000000065e-13 1.597446099999999994e-13 1.503576200000000019e-13 1.414128799999999866e-13 1.331240599999999933e-13 1.256532200000000006e-13 1.191465700000000013e-13 1.136324299999999957e-13 1.091053200000000111e-13 1.054876500000000069e-13 1.026205399999999997e-13 1.004256809999999960e-13 9.867577099999999988e-14 9.734815099999999508e-14 9.624629900000001008e-14 9.555413500000000076e-14 1.021772179999999958e-13 7.692704800000000779e-14 5.946862199999999368e-14 7.568012199999999294e-15 7.955066479999999951e-15 8.387307495000000655e-15 8.760206355999999800e-15 9.020815808100000589e-15 9.144515002999999222e-15 9.085127262400001106e-15 8.845347298419999707e-15 8.379286682490000332e-15 7.751111720150000648e-15 6.956452059900000134e-15 6.083438098500000366e-15 5.188059887900000360e-15 4.308117364000000436e-15 3.534214558000000021e-15 2.830433019000000052e-15 2.392982899999999957e-15 3.148349999999999183e-16 -3.628427000000000219e-15 8.929653000000000505e-16
1.387460600000000172e-13 1.316022100000000082e-13 1.245644999999999990e-13 1.176494499999999940e-13 1.110270999999999995e-13 1.048575800000000010e-13 9.926648000000000527e-14 9.436832000000000537e-14 9.019548000000000283e-14 8.675672999999999640e-14 8.400635000000000080e-14 8.183844700000000333e-14 8.019965899999999355e-14 7.893050999999999443e-14 7.802615799999999421e-14 7.736715500000000356e-14 7.699360699999999618e-14 7.692704800000000779e-14 8.023633399999999804e-14 6.010438300000000366e-14 5.464611220000000041e-15 5.762924260000000193e-15 6.085043872000000693e-15 6.371487225999999751e-15 6.576725820099999797e-15 6.687602192799999901e-15 6.670288926200000182e-15 6.522233092369999781e-15 6.209186284820000188e-15 5.773809068610000273e-15 5.210293376080000168e-15 4.580036935100000672e-15 3.922113143899999309e-15 3.266868555000000035e-15 2.683787442000000078e-15 2.150283820000000008e-15 1.720795890000000027e-15 1.393570052999999835e-15 -5.339720000000001105e-16 -4.076348299999999580e-15
1.032187400000000006e-13 9.819698999999999980e-14 9.323208999999999992e-14 8.832937000000000059e-14 8.360704999999999765e-14 7.918089999999999888e-14 7.514426999999999703e-14 7.158407999999999390e-14 6.853307000000000193e-14 6.600670499999999465e-14 6.398004200000000103e-14 6.238590799999999176e-14 6.119038999999999520e-14 6.028770700000000372e-14 5.968433199999999419e-14 5.931207100000000121e-14 5.923629199999999411e-14 5.946862199999999368e-14 6.010438300000000366e-14 6.183092070000000156e-14 3.785360949999999476e-15 4.011202169999999787e-15 4.241705908999999684e-15 4.454784756999999954e-15 4.609866300299999837e-15 4.703369168599999771e-15 4.711732721300000222e-15 4.629808333470000026e-15 4.432669376140100057e-15 4.146073007259999908e-15 3.763961317933999606e-15 3.327809884499999796e-15 2.864357346299999730e-15 2.396953942300000202e-15 1.975936433000000324e-15 1.587191010999999996e-15 1.273620999999999993e-15 9.873330000000000634e-16 7.541455699999999471e-16 -1.142512100000000116e-15
2.876830799999999928e-13 2.573018886000000189e-13 2.192534981900000026e-13 1.830311730000000134e-13 1.500703974599999992e-13 1.211105514400000152e-13 9.645012188000000506e-14 7.630369502999999949e-14 6.024296127000000868e-14 4.776938612000000441e-14 3.825454881999999938e-14 3.078303298000000221e-14 2.507633645000000058e-14 2.025421220000000100e-14 1.639208040999999945e-14 1.296112616999999995e-14 1.006912028000000056e-14 7.568012199999999294e-15 5.464611220000000041e-15 3.785360949999999476e-15 7.429229777000000534e-11 5.468966000000000286e-14 4.419536600000000479e-14 4.057020399999999891e-14 3.922867729999999563e-14 3.811395760000000179e-14 3.635433599000000131e-14 3.393955765000000084e-14 3.065300686199999479e-14 2.696732268600000038e-14 2.294966009220000276e-14 1.903583213669999874e-14 1.548247264206000024e-14 1.232877644778599934e-14 9.861868124072000392e-15 7.816292234590000037e-15 6.338849321392400408e-15 5.184198922172000221e-15 4.321450179359999524e-15 3.653845576300000182e-15
2.866168899999999864e-13 2.584272200000000112e-13 2.289849621999999962e-13 1.915905612400000007e-13 1.571750424399999954e-13 1.268702728200000044e-13 1.010334795010000054e-13 7.989807689000000294e-14 6.304113831999999900e-14 4.995172763000000402e-14 3.997584312999999941e-14 3.215840872000000128e-14 2.619723444000000068e-14 2.116667123000000102e-14 1.714467342999999956e-14 1.357060340000000103e-14 1.056049658000000015e-14 7.955066479999999951e-15 5.762924260000000193e-15 4.011202169999999787e-15 5.468966000000000286e-14 4.376791145000000230e-11 5.791840999999999049e-14 4.642765499999999691e-14 4.218082399999999983e-14 4.009019830000000161e-14 3.799741689999999707e-14 3.543368671999999912e-14 3.202517786000000381e-14 2.820581074099999850e-14 2.402866174899999804e-14 1.994539229809999936e-14 1.622481515390000064e-14 1.291684871722999961e-14 1.032642193550599897e-14 8.176196142550000487e-15 6.624841797290000353e-15 5.412029764609999542e-15 4.507984744450000134e-15 3.809516720100000173e-15
3.252072650000000415e-13 2.573805900000000173e-13 2.305884899999999865e-13 2.019922635700000005e-13 1.660102807999999913e-13 1.340422110099999940e-13 1.067316283000000034e-13 8.435558561300000425e-14 6.649628971399999937e-14 5.262761331699999930e-14 4.206779976499999861e-14 3.381397754099999491e-14 2.753338960599999950e-14 2.224440039100000096e-14 1.802570327199999789e-14 1.427591193400000060e-14 1.112136678899999977e-14 8.387307495000000655e-15 6.085043872000000693e-15 4.241705908999999684e-15 4.419536600000000479e-14 5.791840999999999049e-14 2.579986990999999963e-11 6.066699999999999282e-14 4.823898200000000474e-14 4.326839300000000044e-14 4.022180749999999759e-14 3.731703180000000329e-14 3.372062087000000385e-14 2.973330772000000077e-14 2.536556171799999860e-14 2.107846747600000030e-14 1.715348470069999924e-14 1.365473584070000031e-14 1.090921055592599996e-14 8.626671428995600162e-15 6.981596219631000430e-15 5.694686366039999617e-15 4.738573849650000660e-15 4.001236102630000159e-15
3.697975499999999988e-13 2.919359119999999949e-13 2.247259699999999987e-13 2.000564699999999997e-13 1.735719897000000037e-13 1.403171363000000031e-13 1.116979087999999914e-13 8.822102669000000464e-14 6.946786196000000587e-14 5.489949107799999938e-14 4.381695977099999755e-14 3.518042461800000153e-14 2.862571258400000343e-14 2.312379942800000023e-14 1.874877233800000009e-14 1.486044623199999846e-14 1.159493949199999897e-14 8.760206355999999800e-15 6.371487225999999751e-15 4.454784756999999954e-15 4.057020399999999891e-14 4.642765499999999691e-14 6.066699999999999282e-14 1.522229949999999958e-11 6.192308000000000356e-14 4.863416800000000390e-14 4.281490800000000250e-14 3.904769040000000078e-14 3.515308590000000335e-14 3.100923775999999702e-14 2.649626963000000177e-14 2.205182298100000240e-14 1.795948347869999970e-14 1.429873297400000026e-14 1.141613564549000032e-14 9.014105733464000288e-15 7.284139004344999572e-15 5.929200183810000319e-15 4.926794116189999616e-15 4.155316335466999850e-15
4.023219100000000184e-13 3.311244800000000080e-13 2.550288260000000218e-13 1.897400400000000002e-13 1.685990999999999939e-13 1.453265441999999825e-13 1.156483453999999932e-13 9.123596789999999499e-14 7.173400793999999550e-14 5.657988254000000258e-14 4.506576502800000207e-14 3.612221033800000217e-14 2.935645073190000054e-14 2.370365431489999939e-14 1.922681005289999993e-14 1.525052324899999906e-14 1.191891670190000050e-14 9.020815808100000589e-15 6.576725820099999797e-15 4.609866300299999837e-15 3.922867729999999563e-14 4.218082399999999983e-14 4.823898200000000474e-14 6.192308000000000356e-14 8.994424420000000248e-12 6.131607999999999665e-14 4.726211800000000244e-14 4.095388299999999984e-14 3.632162529999999779e-14 3.195511550000000246e-14 2.733773970000000002e-14 2.279367159700000140e-14 1.858596504100000136e-14 1.480529585290000272e-14 1.181321336880000008e-14 9.311786290380001073e-15 7.510335528700000313e-15 6.096767080990000319e-15 5.056590830089999801e-15 4.257848465894000124e-15
4.182266599999999966e-13 3.562013799999999655e-13 2.881545299999999685e-13 2.155322270000000007e-13 1.543157999999999916e-13 1.377307400000000029e-13 1.183040027999999844e-13 9.308693559999999401e-14 7.300445370000000728e-14 5.743989362999998853e-14 4.563881668200000235e-14 3.650124632300000520e-14 2.961590232239999598e-14 2.389703808560000153e-14 1.939047045199999790e-14 1.539424308210000225e-14 1.205570160199999940e-14 9.144515002999999222e-15 6.687602192799999901e-15 4.703369168599999771e-15 3.811395760000000179e-14 4.009019830000000161e-14 4.326839300000000044e-14 4.863416800000000390e-14 6.131607999999999665e-14 5.326037760000000194e-12 5.856851999999999821e-14 4.432601500000000325e-14 3.745008299999999840e-14 3.251705619999999663e-14 2.777419666999999820e-14 2.318836351999999816e-14 1.893682100100000164e-14 1.509913683400000050e-14 1.204242247849999923e-14 9.476375196200000663e-15 7.625991170019999675e-15 6.170313880290000223e-15 5.105787229309999330e-15 4.290073442925000079e-15
4.174716000000000020e-13 3.635454999999999780e-13 3.056832700000000459e-13 2.423755599999999645e-13 1.755978869999999869e-13 1.202997399999999987e-13 1.088335540000000056e-13 9.376624599999999510e-14 7.304681450000000414e-14 5.724648980999999518e-14 4.533536624999999881e-14 3.614896239299999538e-14 2.926487481599999806e-14 2.358884203289999997e-14 1.914432033209999919e-14 1.521539332230000277e-14 1.194498175014000069e-14 9.085127262400001106e-15 6.670288926200000182e-15 4.711732721300000222e-15 3.635433599000000131e-14 3.799741689999999707e-14 4.022180749999999759e-14 4.281490800000000250e-14 4.726211800000000244e-14 5.856851999999999821e-14 3.163243519999999931e-12 5.387498999999999943e-14 3.964097199999999739e-14 3.287657299999999954e-14 2.775403550000000086e-14 2.314130252000000187e-14 1.892539407999999735e-14 1.510932553300000148e-14 1.204778101799999949e-14 9.464898999200000194e-15 7.596317028700000703e-15 6.121551767150000090e-15 5.050857518239999896e-15 4.231913670261000055e-15
4.033026299999999512e-13 3.560018199999999982e-13 3.067286200000000179e-13 2.540902499999999734e-13 1.974149400000000082e-13 1.382488519999999963e-13 8.996190999999998669e-14 8.358619400000000392e-14 7.246346800000000794e-14 5.617469879999999536e-14 4.423629359999999463e-14 3.512809227000000199e-14 2.836000709700000028e-14 2.282162647759999944e-14 1.851942970619999994e-14 1.473422878480000071e-14 1.159674226167999956e-14 8.845347298419999707e-15 6.522233092369999781e-15 4.629808333470000026e-15 3.393955765000000084e-14 3.543368671999999912e-14 3.731703180000000329e-14 3.904769040000000078e-14 4.095388299999999984e-14 4.432601500000000325e-14 5.387498999999999943e-14 1.886250249999999705e-12 4.755308000000000395e-14 3.417835999999999791e-14 2.757581499999999704e-14 2.273665079999999984e-14 1.857623660999999892e-14 1.484065103000000087e-14 1.183332889300000050e-14 9.283253406000000813e-15 7.429023686099999772e-15 5.960226712400000461e-15 4.901698692400000632e-15 4.092892337200000246e-15
3.764137100000000097e-13 3.351359500000000084e-13 2.930926500000000315e-13 2.494744799999999974e-13 2.037302600000000100e-13 1.550963399999999930e-13 1.045373519999999990e-13 6.392255000000000211e-14 6.206569500000000598e-14 5.458809399999999998e-14 4.221328249999999669e-14 3.329076900000000293e-14 2.677305776999999925e-14 2.148884360099999959e-14 1.742821950210000129e-14 1.387727194223999936e-14 1.095125386912999993e-14 8.379286682490000332e-15 6.209186284820000188e-15 4.432669376140100057e-15 3.065300686199999479e-14 3.202517786000000381e-14 3.372062087000000385e-14 3.515308590000000335e-14 3.632162529999999779e-14 3.745008299999999840e-14 3.964097199999999739e-14 4.755308000000000395e-14 1.130125180000000037e-12 4.032862999999999756e-14 2.798823100000000220e-14 2.208934779999999793e-14 1.785068429999999764e-14 1.422893167999999956e-14 1.134139218000000067e-14 8.883609375000000118e-15 7.087645060999999534e-15 5.658706409299999403e-15 4.635415273100000068e-15 3.853678643229999836e-15
3.417069500000000215e-13 3.059770600000000242e-13 2.700817499999999967e-13 2.336508100000000122e-13 1.966038300000000202e-13 1.583626600000000196e-13 1.180667099999999948e-13 7.645331099999999573e-14 4.332276000000000664e-14 4.497041699999999735e-14 4.022941200000000109e-14 3.099843050000000218e-14 2.474884960000000068e-14 1.978734946700000227e-14 1.603150914700000005e-14 1.276556600269999991e-14 1.009718923084999963e-14 7.751111720150000648e-15 5.773809068610000273e-15 4.146073007259999908e-15 2.696732268600000038e-14 2.820581074099999850e-14 2.973330772000000077e-14 3.100923775999999702e-14 3.195511550000000246e-14 3.251705619999999663e-14 3.287657299999999954e-14 3.417835999999999791e-14 4.032862999999999756e-14 6.809362500000000814e-13 3.279382999999999669e-14 2.210510099999999844e-14 1.704824700000000062e-14 1.341316090000000025e-14 1.065613756000000008e-14 8.323686839999999948e-15 6.622116510999999773e-15 5.262351446000000062e-15 4.291145665500000073e-15 3.548929502400000003e-15
3.005679099999999856e-13 2.703190399999999742e-13 2.401381100000000244e-13 2.098990899999999939e-13 1.798298999999999949e-13 1.497886199999999818e-13 1.191554299999999965e-13 8.715154999999999835e-14 5.388449499999999839e-14 2.748048000000000197e-14 3.155203199999999576e-14 2.889047200000000068e-14 2.233859299999999707e-14 1.772550870000000139e-14 1.433192996199999921e-14 1.139881109759999969e-14 9.032507803140000999e-15 6.956452059900000134e-15 5.210293376080000168e-15 3.763961317933999606e-15 2.294966009220000276e-14 2.402866174899999804e-14 2.536556171799999860e-14 2.649626963000000177e-14 2.733773970000000002e-14 2.777419666999999820e-14 2.775403550000000086e-14 2.757581499999999704e-14 2.798823100000000220e-14 3.279382999999999669e-14 4.127238599999999688e-13 2.577114299999999642e-14 1.671880700000000054e-14 1.253150480000000013e-14 9.807123300000000094e-15 7.606075809999999898e-15 6.030415199999999959e-15 4.768278299000000235e-15 3.867722599999999989e-15 3.178942366599999942e-15
2.575656400000000096e-13 2.324879700000000014e-13 2.075378599999999988e-13 1.827025399999999910e-13 1.583305000000000037e-13 1.345376799999999888e-13 1.110930199999999957e-13 8.744401999999998710e-14 6.264356999999999961e-14 3.671916000000000007e-14 1.623362999999999711e-14 2.162237400000000199e-14 2.035980189999999889e-14 1.557116789999999816e-14 1.251530490999999957e-14 9.928069631000000008e-15 7.877349941820000825e-15 6.083438098500000366e-15 4.580036935100000672e-15 3.327809884499999796e-15 1.903583213669999874e-14 1.994539229809999936e-14 2.107846747600000030e-14 2.205182298100000240e-14 2.279367159700000140e-14 2.318836351999999816e-14 2.314130252000000187e-14 2.273665079999999984e-14 2.208934779999999793e-14 2.210510099999999844e-14 2.577114299999999642e-14 2.517994500000000333e-13 1.954553299999999898e-14 1.219815500000000030e-14 9.017697100000000306e-15 6.847572399999999723e-15 5.385534860000000475e-15 4.227179869999999423e-15 3.408567701000000027e-15 2.782748520999999898e-15
2.155887099999999856e-13 1.952019899999999989e-13 1.749432199999999855e-13 1.548394200000000030e-13 1.352469100000000179e-13 1.163853999999999920e-13 9.826535999999999661e-14 8.068184999999999816e-14 6.297053999999999948e-14 4.430866800000000254e-14 2.448232100000000200e-14 8.543820000000000848e-15 1.439382099999999909e-14 1.396085460000000040e-14 1.072549284999999936e-14 8.450672964000001236e-15 6.707965210569999426e-15 5.188059887900000360e-15 3.922113143899999309e-15 2.864357346299999730e-15 1.548247264206000024e-14 1.622481515390000064e-14 1.715348470069999924e-14 1.795948347869999970e-14 1.858596504100000136e-14 1.893682100100000164e-14 1.892539407999999735e-14 1.857623660999999892e-14 1.785068429999999764e-14 1.704824700000000062e-14 1.671880700000000054e-14 1.954553299999999898e-14 1.547190600000000138e-13 1.455123400000000045e-14 8.737071999999999437e-15 6.215472500000000340e-15 4.765633000000000341e-15 3.684726020000000147e-15 2.946726360000000321e-15 2.387255805000000029e-15
1.764657099999999816e-13 1.602542300000000071e-13 1.441550499999999836e-13 1.282036300000000144e-13 1.127145000000000040e-13 9.792126000000000113e-14 8.393381000000001008e-14 7.073254000000000215e-14 5.795561000000000774e-14 4.499360999999999946e-14 3.103940299999999971e-14 1.580209700000000068e-14 3.558779999999999819e-15 9.247809000000000068e-15 9.397287200000000605e-15 7.040280999999999906e-15 5.572091231999999805e-15 4.308117364000000436e-15 3.266868555000000035e-15 2.396953942300000202e-15 1.232877644778599934e-14 1.291684871722999961e-14 1.365473584070000031e-14 1.429873297400000026e-14 1.480529585290000272e-14 1.509913683400000050e-14 1.510932553300000148e-14 1.484065103000000087e-14 1.422893167999999956e-14 1.341316090000000025e-14 1.253150480000000013e-14 1.219815500000000030e-14 1.455123400000000045e-14 9.592130700000000750e-14 1.070006999999999955e-14 6.102434999999999931e-15 4.307376000000000121e-15 3.201858100000000270e-15 2.513707630000000010e-15 2.010568590000000106e-15
1.438307399999999971e-13 1.309180900000000147e-13 1.181135699999999894e-13 1.054513899999999971e-13 9.319391999999999323e-14 8.155182000000000389e-14 7.065646000000000507e-14 6.056860000000000053e-14 5.111873000000000225e-14 4.196412000000000158e-14 3.251490999999999807e-14 2.200534700000000065e-14 1.026130600000000022e-14 5.317339999999989488e-16 5.711362999999999243e-15 6.133792100000000237e-15 4.594843659999999670e-15 3.534214558000000021e-15 2.683787442000000078e-15 1.975936433000000324e-15 9.861868124072000392e-15 1.032642193550599897e-14 1.090921055592599996e-14 1.141613564549000032e-14 1.181321336880000008e-14 1.204242247849999923e-14 1.204778101799999949e-14 1.183332889300000050e-14 1.134139218000000067e-14 1.065613756000000008e-14 9.807123300000000094e-15 9.017697100000000306e-15 8.737071999999999437e-15 1.070006999999999955e-14 6.025731600000000381e-14 7.993231000000001320e-15 4.391198000000000401e-15 2.940986700000000288e-15 2.193892799999999731e-15 1.704889899999999999e-15
1.158789899999999996e-13 1.057228500000000073e-13 9.567675999999999237e-14 8.577008999999999345e-14 7.621294999999999687e-14 6.718019999999999934e-14 5.879222999999999727e-14 5.113155999999999579e-14 4.412128000000000211e-14 3.756865999999999938e-14 3.109109000000000247e-14 2.408231000000000063e-14 1.595452300000000060e-14 6.466544400000000349e-15 -1.350365999999999823e-15 3.211018999999999649e-15 3.911520000000000104e-15 2.830433019000000052e-15 2.150283820000000008e-15 1.587191010999999996e-15 7.816292234590000037e-15 8.176196142550000487e-15 8.626671428995600162e-15 9.014105733464000288e-15 9.311786290380001073e-15 9.476375196200000663e-15 9.464898999200000194e-15 9.283253406000000813e-15 8.883609375000000118e-15 8.323686839999999948e-15 7.606075809999999898e-15 6.847572399999999723e-15 6.215472500000000340e-15 6.102434999999999931e-15 7.993231000000001320e-15 3.862177099999999394e-14 6.164657000000000018e-15 3.188956000000000379e-15 2.077830899999999919e-15 1.493387500000000051e-15
9.525034999999999813e-14 8.707905999999999862e-14 7.901994000000001135e-14 7.109999999999999491e-14 6.349155999999999942e-14 5.633955000000000175e-14 4.974489999999999940e-14 4.378442000000000318e-14 3.841853999999999969e-14 3.353761000000000264e-14 2.890847999999999599e-14 2.412334999999999863e-14 1.871437199999999848e-14 1.207293499999999942e-14 4.194567500000000292e-15 -2.409041000000000011e-15 1.531442999999999945e-15 2.392982899999999957e-15 1.720795890000000027e-15 1.273620999999999993e-15 6.338849321392400408e-15 6.624841797290000353e-15 6.981596219631000430e-15 7.284139004344999572e-15 7.510335528700000313e-15 7.625991170019999675e-15 7.596317028700000703e-15 7.429023686099999772e-15 7.087645060999999534e-15 6.622116510999999773e-15 6.030415199999999959e-15 5.385534860000000475e-15 4.765633000000000341e-15 4.307376000000000121e-15 4.391198000000000401e-15 6.164657000000000018e-15 2.555558500000000010e-14 5.030447999999999892e-15 2.504613000000000137e-15 1.518391700000000096e-15
7.889915999999999679e-14 7.228701000000000866e-14 6.579212999999999806e-14 5.943968000000000427e-14 5.337124000000000145e-14 4.770554000000000091e-14 4.252291999999999639e-14 3.788734000000000242e-14 3.377358000000000320e-14 3.011468999999999868e-14 2.676268999999999943e-14 2.343859699999999924e-14 1.981222899999999908e-14 1.535481300000000017e-14 9.647744000000000916e-15 2.642481100000000095e-15 -3.133221000000000273e-15 3.148349999999999183e-16 1.393570052999999835e-15 9.873330000000000634e-16 5.184198922172000221e-15 5.412029764609999542e-15 5.694686366039999617e-15 5.929200183810000319e-15 6.096767080990000319e-15 6.170313880290000223e-15 6.121551767150000090e-15 5.960226712400000461e-15 5.658706409299999403e-15 5.262351446000000062e-15 4.768278299000000235e-15 4.227179869999999423e-15 3.684726020000000147e-15 3.201858100000000270e-15 2.940986700000000288e-15 3.188956000000000379e-15 5.030447999999999892e-15 1.772898899999999957e-14 4.383094000000000063e-15 2.066249200000000143e-15
6.738636000000000267e-14 6.191517000000000143e-14 5.655688000000000089e-14 5.133460999999999738e-14 4.636741999999999959e-14 4.175523000000000382e-14 3.756493000000000198e-14 3.385208999999999823e-14 3.059980000000000155e-14 2.776094000000000101e-14 2.523129299999999771e-14 2.281457800000000199e-14 2.029034700000000177e-14 1.726777299999999882e-14 1.336153500000000068e-14 8.110170000000000595e-15 1.645040700000000075e-15 -3.628427000000000219e-15 -5.339720000000001105e-16 7.541455699999999471e-16 4.321450179359999524e-15 4.507984744450000134e-15 4.738573849650000660e-15 4.926794116189999616e-15 5.056590830089999801e-15 5.105787229309999330e-15 5.050857518239999896e-15 4.901698692400000632e-15 4.635415273100000068e-15 4.291145665500000073e-15 3.867722599999999989e-15 3.408567701000000027e-15 2.946726360000000321e-15 2.513707630000000010e-15 2.193892799999999731e-15 2.077830899999999919e-15 2.504613000000000137e-15 4.383094000000000063e-15 1.310403679999999962e-14 4.053440899999999692e-15
5.871695999999999319e-14 5.412033999999999621e-14 4.963125000000000120e-14 4.527139999999999958e-14 4.114304999999999552e-14 3.733193999999999501e-14 3.389459999999999979e-14 3.087893999999999843e-14 2.827158000000000175e-14 2.603607300000000208e-14 2.409400300000000009e-14 2.230116399999999896e-14 2.051084999999999762e-14 1.844155199999999970e-14 1.580780200000000222e-14 1.215833500000000038e-14 7.141384999999999981e-15 8.929653000000000505e-16 -4.076348299999999580e-15 -1.142512100000000116e-15 3.653845576300000182e-15 3.809516720100000173e-15 4.001236102630000159e-15 4.155316335466999850e-15 4.257848465894000124e-15 4.290073442925000079e-15 4.231913670261000055e-15 4.092892337200000246e-15 3.853678643229999836e-15 3.548929502400000003e-15 3.178942366599999942e-15 2.782748520999999898e-15 2.387255805000000029e-15 2.010568590000000106e-15 1.704889899999999999e-15 1.493387500000000051e-15 1.518391700000000096e-15 2.066249200000000143e-15 4.053440899999999692e-15 1.043570549999999935e-14
