7.500484999999999458e-11 7.039503999999999728e-13 6.127014000000000049e-13 5.290617999999999984e-13 4.562709000000000486e-13 3.949120999999999809e-13 3.443908000000000172e-13 3.033732999999999853e-13 2.701318000000000102e-13 2.428577999999999792e-13 2.198551999999999900e-13 1.996638000000000019e-13 1.811125000000000020e-13 1.633218000000000089e-13 1.456837999999999886e-13 1.278410000000000103e-13 1.096826999999999992e-13 9.135986999999999964e-14 7.329164000000000384e-14 5.610828999999999886e-14 -1.091231999999999979e-14 -2.522591000000000131e-14 -2.923234999999999862e-15 2.840354999999999904e-14 5.194011000000000298e-14 6.488215999999999957e-14 6.901309999999999802e-14 6.701812999999999708e-14 6.133251000000000469e-14 5.387544999999999865e-14 4.602351000000000147e-14 3.867514000000000311e-14 3.234271000000000209e-14 2.724641000000000012e-14 2.340674000000000137e-14 2.072323999999999948e-14 1.903479999999999920e-14 1.815494999999999892e-14 1.787471999999999949e-14 1.794298999999999853e-14
7.039503999999999728e-13 4.438938999999999813e-11 6.199658000000000320e-13 5.346309999999999865e-13 4.597122999999999818e-13 3.968380000000000101e-13 3.453929000000000135e-13 3.038592000000000226e-13 2.703536000000000124e-13 2.429531000000000121e-13 2.198934000000000039e-13 1.996785000000000059e-13 1.811181000000000035e-13 1.633243999999999952e-13 1.456856999999999999e-13 1.278430000000000036e-13 1.096848999999999944e-13 9.136227999999999489e-14 7.329418000000000092e-14 5.611081999999999774e-14 -6.240114000000000013e-16 -1.111807999999999941e-14 -2.649681000000000072e-14 -3.773787999999999703e-15 2.712858000000000033e-14 4.898558000000000189e-14 5.976829999999999737e-14 6.196502000000000045e-14 5.869234999999999376e-14 5.254135999999999752e-14 4.536453999999999857e-14 3.835407000000000123e-14 3.218649000000000051e-14 2.716952999999999876e-14 2.336808999999999906e-14 2.070313000000000081e-14 1.902389000000000077e-14 1.814875999999999950e-14 1.787107000000000031e-14 1.794075999999999928e-14
6.127014000000000049e-13 6.199658000000000320e-13 2.633709999999999932e-11 5.439386999999999590e-13 4.657972999999999503e-13 4.002475000000000068e-13 3.471544000000000056e-13 3.047123999999999932e-13 2.707450999999999810e-13 2.431252000000000009e-13 2.199678999999999951e-13 1.997123000000000042e-13 1.811366000000000049e-13 1.633375999999999916e-13 1.456977000000000104e-13 1.278549999999999889e-13 1.096970999999999941e-13 9.137449000000000539e-14 7.330621000000000597e-14 5.612237000000000086e-14 -7.240180999999999762e-17 -3.686378000000000123e-16 -1.116301000000000072e-14 -2.737382999999999934e-14 -4.528474000000000070e-15 2.530462999999999956e-14 4.506927000000000275e-14 5.367612000000000257e-14 5.429115000000000263e-14 5.029784999999999984e-14 4.425181000000000307e-14 3.781035999999999698e-14 3.192171999999999759e-14 2.703914999999999919e-14 2.330243000000000027e-14 2.066897000000000106e-14 1.900533999999999892e-14 1.813824999999999847e-14 1.786493000000000136e-14 1.793712999999999965e-14
5.290617999999999984e-13 5.346309999999999865e-13 5.439386999999999590e-13 1.568460999999999975e-11 4.765220000000000167e-13 4.064022999999999797e-13 3.502868999999999925e-13 3.062003000000000196e-13 2.714107000000000019e-13 2.434053999999999899e-13 2.200784999999999997e-13 1.997528999999999899e-13 1.811509000000000051e-13 1.633431999999999931e-13 1.457011000000000041e-13 1.278584999999999898e-13 1.097011000000000060e-13 9.137906000000000302e-14 7.331112000000000549e-14 5.612746999999999772e-14 -4.832699999999999869e-17 2.846124000000000279e-17 -8.213643000000000384e-17 -1.087752999999999987e-14 -2.773046000000000135e-14 -5.100872999999999849e-15 2.306815999999999972e-14 4.045884999999999754e-14 4.705847999999999943e-14 4.655421000000000041e-14 4.237988999999999927e-14 3.689193999999999891e-14 3.147331999999999922e-14 2.681822999999999954e-14 2.319099999999999996e-14 2.061094000000000118e-14 1.897383999999999988e-14 1.812041000000000132e-14 1.785447000000000079e-14 1.793085999999999886e-14
4.562709000000000486e-13 4.597122999999999818e-13 4.657972999999999503e-13 4.765220000000000167e-13 9.391984999999999789e-12 4.178519000000000181e-13 3.560966000000000238e-13 3.088915000000000172e-13 2.725861000000000233e-13 2.438880999999999976e-13 2.202616000000000023e-13 1.998142000000000100e-13 1.811662000000000021e-13 1.633437000000000040e-13 1.456977999999999924e-13 1.278553999999999926e-13 1.096990000000000054e-13 9.137774000000000086e-14 7.331023999999999984e-14 5.612664000000000201e-14 -4.250253999999999910e-17 3.624244000000000265e-17 1.340808000000000053e-16 2.579896999999999824e-16 -1.029770000000000007e-14 -2.742749999999999849e-14 -5.406813000000000241e-15 2.057084000000000118e-14 3.548945999999999825e-14 4.039192999999999842e-14 3.925390000000000150e-14 3.534670000000000301e-14 3.071561000000000214e-14 2.644416999999999914e-14 2.300213999999999949e-14 2.051241000000000074e-14 1.892038000000000079e-14 1.809014999999999992e-14 1.783672000000000006e-14 1.792021999999999914e-14
3.949120999999999809e-13 3.968380000000000101e-13 4.002475000000000068e-13 4.064022999999999797e-13 4.178519000000000181e-13 5.669309999999999801e-12 3.675373000000000237e-13 3.140354000000000131e-13 2.747561000000000029e-13 2.447585000000000016e-13 2.205878999999999965e-13 1.999237999999999927e-13 1.811957999999999992e-13 1.633469999999999905e-13 1.456949000000000096e-13 1.278525000000000098e-13 1.096979000000000015e-13 9.137798999999999371e-14 7.331121000000000191e-14 5.612771999999999689e-14 -5.004856000000000141e-17 1.047281999999999971e-17 6.881101000000000591e-17 2.376362999999999779e-16 6.110441999999999984e-16 -9.413759999999999361e-15 -2.643165999999999847e-14 -5.411948000000000274e-15 1.798364000000000048e-14 3.050596000000000237e-14 3.410102000000000049e-14 3.276468000000000055e-14 2.944089000000000260e-14 2.581208000000000034e-14 2.268251000000000025e-14 2.034535999999999895e-14 1.882968000000000111e-14 1.803879999999999958e-14 1.780659000000000049e-14 1.790214999999999923e-14
3.443908000000000172e-13 3.453929000000000135e-13 3.471544000000000056e-13 3.502868999999999925e-13 3.560966000000000238e-13 3.675373000000000237e-13 3.462357999999999856e-12 3.247928000000000234e-13 2.790292000000000163e-13 2.463926000000000098e-13 2.211822000000000054e-13 2.001204999999999953e-13 1.812487999999999991e-13 1.633539000000000104e-13 1.456906000000000012e-13 1.278483000000000087e-13 1.096965000000000012e-13 9.137913000000000304e-14 7.331358000000000435e-14 5.613025000000000208e-14 -5.857812000000000058e-17 -6.020499000000000154e-18 2.332829999999999935e-17 1.016087999999999951e-16 3.052454000000000198e-16 9.437028000000000195e-16 -8.289946000000000462e-15 -2.478809000000000083e-14 -5.128147999999999883e-15 1.546370999999999899e-14 2.581302999999999969e-14 2.850445999999999697e-14 2.731043999999999891e-14 2.474881000000000150e-14 2.214268999999999930e-14 2.006269000000000021e-14 1.867587000000000108e-14 1.795172999999999953e-14 1.775548999999999932e-14 1.787145999999999951e-14
3.033732999999999853e-13 3.038592000000000226e-13 3.047123999999999932e-13 3.062003000000000196e-13 3.088915000000000172e-13 3.140354000000000131e-13 3.247928000000000234e-13 2.149985999999999923e-12 2.885792000000000110e-13 2.497195999999999914e-13 2.223215999999999955e-13 2.004845999999999998e-13 1.813455000000000072e-13 1.633665999999999958e-13 1.456833000000000029e-13 1.278411999999999996e-13 1.096939000000000023e-13 9.138069999999999805e-14 7.331730000000000355e-14 5.613419999999999774e-14 -5.942497000000000466e-17 -1.254311000000000043e-17 2.555612999999999915e-18 3.861668999999999755e-17 1.066479000000000009e-16 3.460656000000000238e-16 1.207436000000000082e-15 -7.029935999999999932e-15 -2.261780000000000082e-14 -4.613979000000000264e-15 1.313971999999999966e-14 2.163952999999999923e-14 2.379411000000000041e-14 2.297230999999999956e-14 2.123479000000000046e-14 1.958566999999999863e-14 1.841561000000000028e-14 1.780415999999999938e-14 1.766883999999999939e-14 1.781938999999999944e-14
2.701318000000000102e-13 2.703536000000000124e-13 2.707450999999999810e-13 2.714107000000000019e-13 2.725861000000000233e-13 2.747561000000000029e-13 2.790292000000000163e-13 2.885792000000000110e-13 1.366019000000000099e-12 2.577357000000000122e-13 2.247366999999999980e-13 2.012048999999999922e-13 1.815314999999999924e-13 1.633927999999999992e-13 1.456718000000000034e-13 1.278289999999999999e-13 1.096895999999999939e-13 9.138334000000000237e-14 7.332368000000000347e-14 5.614096999999999686e-14 -6.083873000000000045e-17 -1.527167999999999915e-17 -5.000286000000000173e-18 1.544195999999999945e-17 3.384793999999999894e-17 1.039837000000000024e-16 3.551845000000000131e-16 1.365417999999999974e-15 -5.750544999999999650e-15 -2.009900999999999919e-14 -3.954175000000000005e-15 1.110231000000000034e-14 1.812343000000000033e-14 2.004127000000000074e-14 1.971915999999999993e-14 1.878376000000000134e-14 1.797663999999999859e-14 1.755449000000000099e-14 1.752205999999999900e-14 1.773108999999999995e-14
2.428577999999999792e-13 2.429531000000000121e-13 2.431252000000000009e-13 2.434053999999999899e-13 2.438880999999999976e-13 2.447585000000000016e-13 2.463926000000000098e-13 2.497195999999999914e-13 2.577357000000000122e-13 8.944310999999999853e-13 2.310914999999999852e-13 2.028161999999999906e-13 1.819213999999999967e-13 1.634515000000000079e-13 1.456548000000000096e-13 1.278086999999999944e-13 1.096822000000000009e-13 9.138782000000000358e-14 7.333448000000000278e-14 5.615252999999999817e-14 -6.135388000000000498e-17 -1.612236999999999905e-17 -7.526683000000000767e-18 7.731078000000000363e-18 1.038254000000000053e-17 2.899362999999999723e-17 9.464981000000000435e-17 3.329087999999999892e-16 1.406004000000000038e-15 -4.559403000000000144e-15 -1.743431999999999967e-14 -3.237339999999999865e-15 9.401927999999999684e-15 1.531699999999999863e-14 1.722149000000000130e-14 1.744660999999999893e-14 1.723928999999999934e-14 1.713342999999999963e-14 1.727381000000000054e-14 1.758155000000000108e-14
2.198551999999999900e-13 2.198934000000000039e-13 2.199678999999999951e-13 2.200784999999999997e-13 2.202616000000000023e-13 2.205878999999999965e-13 2.211822000000000054e-13 2.223215999999999955e-13 2.247366999999999980e-13 2.310914999999999852e-13 6.076573999999999710e-13 2.075524000000000063e-13 1.828763999999999911e-13 1.636008999999999941e-13 1.456342000000000076e-13 1.277752999999999998e-13 1.096695999999999975e-13 9.139531000000000560e-14 7.335265999999999867e-14 5.617214000000000166e-14 -6.131118000000000135e-17 -1.641687000000000007e-17 -8.290235000000000631e-18 5.379770999999999968e-18 3.395027999999999851e-18 7.336681999999999955e-18 2.432624999999999950e-17 7.923360000000000031e-17 2.885424999999999944e-16 1.339022000000000048e-15 -3.535587999999999895e-15 -1.481616000000000053e-14 -2.538608999999999832e-15 8.053543000000000553e-15 1.320365000000000068e-14 1.524716999999999962e-14 1.601131999999999844e-14 1.642687999999999922e-14 1.685518999999999848e-14 1.732870999999999912e-14
1.996638000000000019e-13 1.996785000000000059e-13 1.997123000000000042e-13 1.997528999999999899e-13 1.998142000000000100e-13 1.999237999999999927e-13 2.001204999999999953e-13 2.004845999999999998e-13 2.012048999999999922e-13 2.028161999999999906e-13 2.075524000000000063e-13 4.302830999999999823e-13 1.861614000000000119e-13 1.640596999999999881e-13 1.456290999999999918e-13 1.277221000000000107e-13 1.096479999999999989e-13 9.140754999999999808e-14 7.338340000000000516e-14 5.620528999999999708e-14 -6.118701999999999599e-17 -1.640127999999999968e-17 -8.602459000000000241e-18 4.744617999999999847e-18 1.480338000000000065e-18 1.496323000000000023e-18 6.082392999999999649e-18 1.864227000000000057e-17 6.175899999999999932e-17 2.327704999999999926e-16 1.190452000000000081e-15 -2.721866000000000120e-15 -1.240043999999999921e-14 -1.910113000000000042e-15 7.044397000000000386e-15 1.172033000000000008e-14 1.399603000000000035e-14 1.525165999999999903e-14 1.615332000000000114e-14 1.690248999999999907e-14
1.811125000000000020e-13 1.811181000000000035e-13 1.811366000000000049e-13 1.811509000000000051e-13 1.811662000000000021e-13 1.811957999999999992e-13 1.812487999999999991e-13 1.813455000000000072e-13 1.815314999999999924e-13 1.819213999999999967e-13 1.828763999999999911e-13 1.861614000000000119e-13 3.176696999999999767e-13 1.661382000000000079e-13 1.457514000000000104e-13 1.276464000000000083e-13 1.096113000000000052e-13 9.142718999999999617e-14 7.343481999999999920e-14 5.626142999999999961e-14 -6.115354999999999458e-17 -1.630555999999999846e-17 -8.560393999999999379e-18 4.592583999999999844e-18 8.907318999999999558e-19 4.232239999999999734e-20 1.494816000000000020e-18 4.267097000000000121e-18 1.327776999999999957e-17 4.485960000000000125e-17 1.751829999999999961e-16 9.936719000000000844e-16 -2.126459000000000028e-15 -1.029328000000000068e-14 -1.379503999999999904e-15 6.342323000000000329e-15 1.077706000000000004e-14 1.332745000000000005e-14 1.498723000000000116e-14 1.618825999999999930e-14
1.633218000000000089e-13 1.633243999999999952e-13 1.633375999999999916e-13 1.633431999999999931e-13 1.633437000000000040e-13 1.633469999999999905e-13 1.633539000000000104e-13 1.633665999999999958e-13 1.633927999999999992e-13 1.634515000000000079e-13 1.636008999999999941e-13 1.640596999999999881e-13 1.661382000000000079e-13 2.433768999999999967e-13 1.469090999999999874e-13 1.275893999999999965e-13 1.095509999999999943e-13 9.145722000000000427e-14 7.352013000000000058e-14 5.635606000000000170e-14 -6.114779999999999444e-17 -1.627876999999999924e-17 -8.649608999999999255e-18 4.599427999999999775e-18 8.643148999999999637e-19 -4.219144000000000139e-19 4.320328999999999843e-19 9.164775999999999342e-19 2.713600999999999848e-18 8.679466999999999855e-18 3.003869999999999717e-17 1.224079000000000095e-16 7.803645999999999837e-16 -1.731651000000000062e-15 -8.549790000000000430e-15 -9.553346000000000442e-16 5.901957999999999730e-15 1.026640999999999952e-14 1.308196999999999986e-14 1.500288999999999952e-14
1.456837999999999886e-13 1.456856999999999999e-13 1.456977000000000104e-13 1.457011000000000041e-13 1.456977999999999924e-13 1.456949000000000096e-13 1.456906000000000012e-13 1.456833000000000029e-13 1.456718000000000034e-13 1.456548000000000096e-13 1.456342000000000076e-13 1.456290999999999918e-13 1.457514000000000104e-13 1.469090999999999874e-13 1.917677999999999919e-13 1.281329999999999953e-13 1.094730000000000022e-13 9.149972000000000132e-14 7.365902999999999658e-14 5.651471999999999943e-14 -6.103959000000000170e-17 -1.611656999999999867e-17 -8.736727999999999323e-18 4.482338000000000346e-18 7.900529000000000349e-19 -4.295480000000000215e-19 1.803320999999999972e-19 1.897062000000000063e-19 5.095020999999999808e-19 1.559147000000000021e-18 5.049962000000000154e-18 1.802490999999999848e-17 7.792284999999999671e-17 5.747532000000000364e-16 -1.505599000000000033e-15 -7.182641999999999933e-15 -6.366225000000000220e-16 5.664480000000000095e-15 1.006241999999999993e-14 1.306954000000000056e-14
1.278410000000000103e-13 1.278430000000000036e-13 1.278549999999999889e-13 1.278584999999999898e-13 1.278553999999999926e-13 1.278525000000000098e-13 1.278483000000000087e-13 1.278411999999999996e-13 1.278289999999999999e-13 1.278086999999999944e-13 1.277752999999999998e-13 1.277221000000000107e-13 1.276464000000000083e-13 1.275893999999999965e-13 1.281329999999999953e-13 1.536674000000000042e-13 1.097185000000000035e-13 9.155711000000000598e-14 7.387773999999999970e-14 5.677792999999999923e-14 -6.089383000000000256e-17 -1.583660000000000092e-17 -8.748066000000000117e-18 4.496231999999999789e-18 7.432489999999999807e-19 -5.269179000000000095e-19 1.133222999999999910e-19 1.087847999999999968e-19 3.194223999999999760e-20 2.160026999999999881e-19 6.410975999999999983e-19 2.214631000000000030e-18 8.625963999999999255e-18 4.233500000000000161e-17 3.913061000000000043e-16 -1.413452999999999975e-15 -6.177306000000000117e-15 -4.243789000000000060e-16 5.554443999999999661e-15 1.001528000000000050e-14
1.096826999999999992e-13 1.096848999999999944e-13 1.096970999999999941e-13 1.097011000000000060e-13 1.096990000000000054e-13 1.096979000000000015e-13 1.096965000000000012e-13 1.096939000000000023e-13 1.096895999999999939e-13 1.096822000000000009e-13 1.096695999999999975e-13 1.096479999999999989e-13 1.096113000000000052e-13 1.095509999999999943e-13 1.094730000000000022e-13 1.097185000000000035e-13 1.238059999999999927e-13 9.181413000000000320e-14 7.420260999999999900e-14 5.720576999999999475e-14 -6.060972000000000138e-17 -1.541342000000000099e-17 -8.803211000000000296e-18 4.519491999999999771e-18 7.967019000000000216e-19 -4.783980000000000062e-19 7.175013999999999716e-20 1.226168000000000056e-20 2.386912999999999924e-20 -3.076915000000000284e-20 -4.019686000000000191e-20 -9.705817999999999543e-20 -6.378943000000000442e-20 1.103232000000000009e-18 1.388166000000000014e-17 2.344259999999999758e-16 -1.425676000000000055e-15 -5.506138000000000331e-15 -3.286613000000000124e-16 5.483228999999999942e-15
9.135986999999999964e-14 9.136227999999999489e-14 9.137449000000000539e-14 9.137906000000000302e-14 9.137774000000000086e-14 9.137798999999999371e-14 9.137913000000000304e-14 9.138069999999999805e-14 9.138334000000000237e-14 9.138782000000000358e-14 9.139531000000000560e-14 9.140754999999999808e-14 9.142718999999999617e-14 9.145722000000000427e-14 9.149972000000000132e-14 9.155711000000000598e-14 9.181413000000000320e-14 9.927730999999999918e-14 7.473755000000000449e-14 5.787266999999999618e-14 -6.013179999999999923e-17 -1.477751999999999962e-17 -8.885505000000000083e-18 4.530356000000000086e-18 8.118080999999999613e-19 -4.509969999999999700e-19 1.392624000000000088e-19 4.129842000000000197e-20 -2.931751000000000229e-20 -3.427985000000000272e-20 -8.294009999999999625e-20 -2.699014999999999944e-19 -7.481121000000000346e-19 -2.070636000000000127e-18 -5.358442000000000226e-18 -9.774980999999999248e-18 1.023658999999999985e-16 -1.519278000000000072e-15 -5.133956000000000233e-15 -3.562736999999999934e-16
7.329164000000000384e-14 7.329418000000000092e-14 7.330621000000000597e-14 7.331112000000000549e-14 7.331023999999999984e-14 7.331121000000000191e-14 7.331358000000000435e-14 7.331730000000000355e-14 7.332368000000000347e-14 7.333448000000000278e-14 7.335265999999999867e-14 7.338340000000000516e-14 7.343481999999999920e-14 7.352013000000000058e-14 7.365902999999999658e-14 7.387773999999999970e-14 7.420260999999999900e-14 7.473755000000000449e-14 7.856017000000000270e-14 5.887493999999999975e-14 -5.937277999999999632e-17 -1.383373999999999955e-17 -8.998128000000000104e-18 4.524225999999999795e-18 8.018201000000000303e-19 -4.668072000000000024e-19 1.319261999999999997e-19 6.209237000000000241e-20 2.028481999999999910e-20 -1.193139000000000045e-20 -7.662391999999999770e-20 -1.380649000000000004e-19 -4.508560999999999810e-19 -1.285445000000000096e-18 -3.724557999999999899e-18 -1.069117999999999953e-17 -2.903010999999999906e-17 -5.180947000000000078e-18 -1.666048000000000088e-15 -5.000280000000000070e-15
5.610828999999999886e-14 5.611081999999999774e-14 5.612237000000000086e-14 5.612746999999999772e-14 5.612664000000000201e-14 5.612771999999999689e-14 5.613025000000000208e-14 5.613419999999999774e-14 5.614096999999999686e-14 5.615252999999999817e-14 5.617214000000000166e-14 5.620528999999999708e-14 5.626142999999999961e-14 5.635606000000000170e-14 5.651471999999999943e-14 5.677792999999999923e-14 5.720576999999999475e-14 5.787266999999999618e-14 5.887493999999999975e-14 6.091795999999999562e-14 -5.838305000000000459e-17 -1.242083000000000018e-17 -9.111091000000000541e-18 4.514757000000000235e-18 7.963003000000000383e-19 -4.828314000000000438e-19 1.097212999999999985e-19 3.633347000000000051e-20 -6.238598999999999714e-22 1.500725999999999956e-20 -3.682065999999999964e-21 -6.811550000000000215e-20 -1.406537000000000077e-19 -4.380577000000000075e-19 -1.292567000000000088e-18 -3.885988999999999946e-18 -1.186499999999999965e-17 -3.664399999999999699e-17 -7.371962999999999790e-17 -1.815458000000000085e-15
-1.091231999999999979e-14 -6.240114000000000013e-16 -7.240180999999999762e-17 -4.832699999999999869e-17 -4.250253999999999910e-17 -5.004856000000000141e-17 -5.857812000000000058e-17 -5.942497000000000466e-17 -6.083873000000000045e-17 -6.135388000000000498e-17 -6.131118000000000135e-17 -6.118701999999999599e-17 -6.115354999999999458e-17 -6.114779999999999444e-17 -6.103959000000000170e-17 -6.089383000000000256e-17 -6.060972000000000138e-17 -6.013179999999999923e-17 -5.937277999999999632e-17 -5.838305000000000459e-17 7.425753000000000620e-11 1.872538000000000136e-14 6.827855999999999615e-15 2.316414000000000173e-15 7.647672999999999936e-16 2.433376000000000140e-16 7.256598999999999608e-17 2.207765000000000054e-17 6.176861999999999912e-18 1.522686000000000088e-18 3.900922000000000123e-19 1.721367000000000119e-19 8.264206000000000251e-20 -3.552213999999999885e-21 -4.875927999999999788e-21 -1.476541000000000099e-20 3.213924000000000029e-22 2.922171999999999860e-21 -2.682064000000000146e-20 -1.564237000000000113e-19
-2.522591000000000131e-14 -1.111807999999999941e-14 -3.686378000000000123e-16 2.846124000000000279e-17 3.624244000000000265e-17 1.047281999999999971e-17 -6.020499000000000154e-18 -1.254311000000000043e-17 -1.527167999999999915e-17 -1.612236999999999905e-17 -1.641687000000000007e-17 -1.640127999999999968e-17 -1.630555999999999846e-17 -1.627876999999999924e-17 -1.611656999999999867e-17 -1.583660000000000092e-17 -1.541342000000000099e-17 -1.477751999999999962e-17 -1.383373999999999955e-17 -1.242083000000000018e-17 1.872538000000000136e-14 4.373066999999999949e-11 1.918031999999999925e-14 6.730635000000000160e-15 2.222684000000000127e-15 7.022983000000000034e-16 2.129769000000000026e-16 6.261671999999999386e-17 1.777785999999999948e-17 4.950741000000000179e-18 1.321749000000000022e-18 3.822981000000000219e-19 1.751539000000000058e-19 2.871722999999999725e-20 -8.064494000000000491e-21 -1.485745000000000125e-20 -2.720270999999999935e-20 -5.223539000000000245e-20 -9.625554999999999470e-20 -1.532798999999999951e-19
-2.923234999999999862e-15 -2.649681000000000072e-14 -1.116301000000000072e-14 -8.213643000000000384e-17 1.340808000000000053e-16 6.881101000000000591e-17 2.332829999999999935e-17 2.555612999999999915e-18 -5.000286000000000173e-18 -7.526683000000000767e-18 -8.290235000000000631e-18 -8.602459000000000241e-18 -8.560393999999999379e-18 -8.649608999999999255e-18 -8.736727999999999323e-18 -8.748066000000000117e-18 -8.803211000000000296e-18 -8.885505000000000083e-18 -8.998128000000000104e-18 -9.111091000000000541e-18 6.827855999999999615e-15 1.918031999999999925e-14 2.575952000000000089e-11 1.925606999999999895e-14 6.488371999999999796e-15 2.052743000000000153e-15 6.224075000000000464e-16 1.818418000000000087e-16 5.160087000000000021e-17 1.436772000000000046e-17 4.001717999999999740e-18 1.057475999999999927e-18 3.847007000000000167e-19 1.158406999999999939e-19 -9.444074000000000310e-21 4.289956000000000332e-22 4.219630999999999737e-21 1.536603999999999947e-20 2.784965000000000125e-20 5.010263000000000033e-20
2.840354999999999904e-14 -3.773787999999999703e-15 -2.737382999999999934e-14 -1.087752999999999987e-14 2.579896999999999824e-16 2.376362999999999779e-16 1.016087999999999951e-16 3.861668999999999755e-17 1.544195999999999945e-17 7.731078000000000363e-18 5.379770999999999968e-18 4.744617999999999847e-18 4.592583999999999844e-18 4.599427999999999775e-18 4.482338000000000346e-18 4.496231999999999789e-18 4.519491999999999771e-18 4.530356000000000086e-18 4.524225999999999795e-18 4.514757000000000235e-18 2.316414000000000173e-15 6.730635000000000160e-15 1.925606999999999895e-14 1.517971000000000015e-11 1.888363000000000034e-14 6.063468000000000258e-15 1.833558000000000122e-15 5.333104000000000091e-16 1.506558999999999904e-16 4.167776000000000278e-17 1.139962999999999979e-17 3.152981000000000125e-18 9.034787000000000057e-19 3.329740000000000106e-19 4.564548999999999727e-20 1.733464000000000069e-21 8.004344999999999667e-21 1.318381000000000020e-20 4.116190000000000100e-21 -3.664532999999999911e-21
5.194011000000000298e-14 2.712858000000000033e-14 -4.528474000000000070e-15 -2.773046000000000135e-14 -1.029770000000000007e-14 6.110441999999999984e-16 3.052454000000000198e-16 1.066479000000000009e-16 3.384793999999999894e-17 1.038254000000000053e-17 3.395027999999999851e-18 1.480338000000000065e-18 8.907318999999999558e-19 8.643148999999999637e-19 7.900529000000000349e-19 7.432489999999999807e-19 7.967019000000000216e-19 8.118080999999999613e-19 8.018201000000000303e-19 7.963003000000000383e-19 7.647672999999999936e-16 2.222684000000000127e-15 6.488371999999999796e-15 1.888363000000000034e-14 8.950806000000000423e-12 1.804864999999999954e-14 5.483847999999999726e-15 1.582072999999999942e-15 4.430553000000000032e-16 1.217854999999999996e-16 3.323969999999999732e-17 9.161597000000000540e-18 2.525041000000000060e-18 7.958529000000000348e-19 2.333688000000000035e-19 2.529037999999999948e-20 2.652869999999999871e-20 2.508098999999999913e-20 7.830090000000000055e-21 -3.534106000000000078e-21
6.488215999999999957e-14 4.898558000000000189e-14 2.530462999999999956e-14 -5.100872999999999849e-15 -2.742749999999999849e-14 -9.413759999999999361e-15 9.437028000000000195e-16 3.460656000000000238e-16 1.039837000000000024e-16 2.899362999999999723e-17 7.336681999999999955e-18 1.496323000000000023e-18 4.232239999999999734e-20 -4.219144000000000139e-19 -4.295480000000000215e-19 -5.269179000000000095e-19 -4.783980000000000062e-19 -4.509969999999999700e-19 -4.668072000000000024e-19 -4.828314000000000438e-19 2.433376000000000140e-16 7.022983000000000034e-16 2.052743000000000153e-15 6.063468000000000258e-15 1.804864999999999954e-14 5.282946000000000338e-12 1.676939000000000012e-14 4.797365000000000203e-15 1.322982999999999907e-15 3.592662000000000120e-16 9.717667000000000386e-17 2.657352000000000064e-17 7.521000999999999783e-18 2.136834000000000027e-18 7.024785000000000173e-19 1.661961999999999914e-19 6.617001999999999473e-20 4.888028999999999888e-20 1.922930999999999952e-20 -1.557075000000000088e-21
6.901309999999999802e-14 5.976829999999999737e-14 4.506927000000000275e-14 2.306815999999999972e-14 -5.406813000000000241e-15 -2.643165999999999847e-14 -8.289946000000000462e-15 1.207436000000000082e-15 3.551845000000000131e-16 9.464981000000000435e-17 2.432624999999999950e-17 6.082392999999999649e-18 1.494816000000000020e-18 4.320328999999999843e-19 1.803320999999999972e-19 1.133222999999999910e-19 7.175013999999999716e-20 1.392624000000000088e-19 1.319261999999999997e-19 1.097212999999999985e-19 7.256598999999999608e-17 2.129769000000000026e-16 6.224075000000000464e-16 1.833558000000000122e-15 5.483847999999999726e-15 1.676939000000000012e-14 3.122472000000000066e-12 1.512893000000000107e-14 4.066732000000000150e-15 1.078482999999999977e-15 2.871455000000000133e-16 7.772251999999999864e-17 2.170407999999999891e-17 6.365532999999999823e-18 1.961017999999999883e-18 6.319991999999999551e-19 1.720286999999999901e-19 9.976715000000000178e-20 4.551824000000000219e-20 4.670261000000000008e-21
6.701812999999999708e-14 6.196502000000000045e-14 5.367612000000000257e-14 4.045884999999999754e-14 2.057084000000000118e-14 -5.411948000000000274e-15 -2.478809000000000083e-14 -7.029935999999999932e-15 1.365417999999999974e-15 3.329087999999999892e-16 7.923360000000000031e-17 1.864227000000000057e-17 4.267097000000000121e-18 9.164775999999999342e-19 1.897062000000000063e-19 1.087847999999999968e-19 1.226168000000000056e-20 4.129842000000000197e-20 6.209237000000000241e-20 3.633347000000000051e-20 2.207765000000000054e-17 6.261671999999999386e-17 1.818418000000000087e-16 5.333104000000000091e-16 1.582072999999999942e-15 4.797365000000000203e-15 1.512893000000000107e-14 1.849183999999999888e-12 1.325854999999999927e-14 3.355290000000000135e-15 8.651549999999999544e-16 2.296007999999999778e-16 6.340660999999999791e-17 1.839103000000000097e-17 5.648893000000000376e-18 1.890406000000000124e-18 6.056861000000000076e-19 2.247123999999999807e-19 1.056924000000000042e-19 2.733719999999999834e-20
6.133251000000000469e-14 5.869234999999999376e-14 5.429115000000000263e-14 4.705847999999999943e-14 3.548945999999999825e-14 1.798364000000000048e-14 -5.128147999999999883e-15 -2.261780000000000082e-14 -5.750544999999999650e-15 1.406004000000000038e-15 2.885424999999999944e-16 6.175899999999999932e-17 1.327776999999999957e-17 2.713600999999999848e-18 5.095020999999999808e-19 3.194223999999999760e-20 2.386912999999999924e-20 -2.931751000000000229e-20 2.028481999999999910e-20 -6.238598999999999714e-22 6.176861999999999912e-18 1.777785999999999948e-17 5.160087000000000021e-17 1.506558999999999904e-16 4.430553000000000032e-16 1.322982999999999907e-15 4.066732000000000150e-15 1.325854999999999927e-14 1.098083000000000017e-12 1.131276999999999943e-14 2.715211000000000015e-15 6.920477999999999762e-16 1.868543000000000088e-16 5.361167999999999698e-17 1.641218000000000013e-17 5.302375000000000261e-18 1.856060999999999865e-18 6.304092999999999594e-19 2.642730999999999797e-19 9.364322999999999728e-20
5.387544999999999865e-14 5.254135999999999752e-14 5.029784999999999984e-14 4.655421000000000041e-14 4.039192999999999842e-14 3.050596000000000237e-14 1.546370999999999899e-14 -4.613979000000000264e-15 -2.009900999999999919e-14 -4.559403000000000144e-15 1.339022000000000048e-15 2.327704999999999926e-16 4.485960000000000125e-17 8.679466999999999855e-18 1.559147000000000021e-18 2.160026999999999881e-19 -3.076915000000000284e-20 -3.427985000000000272e-20 -1.193139000000000045e-20 1.500725999999999956e-20 1.522686000000000088e-18 4.950741000000000179e-18 1.436772000000000046e-17 4.167776000000000278e-17 1.217854999999999996e-16 3.592662000000000120e-16 1.078482999999999977e-15 3.355290000000000135e-15 1.131276999999999943e-14 6.544109000000000505e-13 9.439459999999999758e-15 2.179550999999999905e-15 5.613069999999999916e-16 1.574008999999999896e-16 4.764755999999999701e-17 1.542783999999999941e-17 5.238511000000000305e-18 1.865445999999999988e-18 6.836654999999999619e-19 2.725023999999999976e-19
4.602351000000000147e-14 4.536453999999999857e-14 4.425181000000000307e-14 4.237988999999999927e-14 3.925390000000000150e-14 3.410102000000000049e-14 2.581302999999999969e-14 1.313971999999999966e-14 -3.954175000000000005e-15 -1.743431999999999967e-14 -3.535587999999999895e-15 1.190452000000000081e-15 1.751829999999999961e-16 3.003869999999999717e-17 5.049962000000000154e-18 6.410975999999999983e-19 -4.019686000000000191e-20 -8.294009999999999625e-20 -7.662391999999999770e-20 -3.682065999999999964e-21 3.900922000000000123e-19 1.321749000000000022e-18 4.001717999999999740e-18 1.139962999999999979e-17 3.323969999999999732e-17 9.717667000000000386e-17 2.871455000000000133e-16 8.651549999999999544e-16 2.715211000000000015e-15 9.439459999999999758e-15 3.918401999999999887e-13 7.755962999999999374e-15 1.761536999999999972e-15 4.696847999999999954e-16 1.391402999999999991e-16 4.462280999999999776e-17 1.517319999999999873e-17 5.387299000000000318e-18 1.937599999999999997e-18 7.373666000000000327e-19
3.867514000000000311e-14 3.835407000000000123e-14 3.781035999999999698e-14 3.689193999999999891e-14 3.534670000000000301e-14 3.276468000000000055e-14 2.850445999999999697e-14 2.163952999999999923e-14 1.110231000000000034e-14 -3.237339999999999865e-15 -1.481616000000000053e-14 -2.721866000000000120e-15 9.936719000000000844e-16 1.224079000000000095e-16 1.802490999999999848e-17 2.214631000000000030e-18 -9.705817999999999543e-20 -2.699014999999999944e-19 -1.380649000000000004e-19 -6.811550000000000215e-20 1.721367000000000119e-19 3.822981000000000219e-19 1.057475999999999927e-18 3.152981000000000125e-18 9.161597000000000540e-18 2.657352000000000064e-17 7.772251999999999864e-17 2.296007999999999778e-16 6.920477999999999762e-16 2.179550999999999905e-15 7.755962999999999374e-15 2.360714000000000234e-13 6.336653000000000377e-15 1.457885000000000023e-15 4.112871000000000030e-16 1.296153999999999890e-16 4.380485999999999819e-17 1.550786999999999974e-17 5.666701000000000336e-18 2.070521000000000032e-18
3.234271000000000209e-14 3.218649000000000051e-14 3.192171999999999759e-14 3.147331999999999922e-14 3.071561000000000214e-14 2.944089000000000260e-14 2.731043999999999891e-14 2.379411000000000041e-14 1.812343000000000033e-14 9.401927999999999684e-15 -2.538608999999999832e-15 -1.240043999999999921e-14 -2.126459000000000028e-15 7.803645999999999837e-16 7.792284999999999671e-17 8.625963999999999255e-18 -6.378943000000000442e-20 -7.481121000000000346e-19 -4.508560999999999810e-19 -1.406537000000000077e-19 8.264206000000000251e-20 1.751539000000000058e-19 3.847007000000000167e-19 9.034787000000000057e-19 2.525041000000000060e-18 7.521000999999999783e-18 2.170407999999999891e-17 6.340660999999999791e-17 1.868543000000000088e-16 5.613069999999999916e-16 1.761536999999999972e-15 6.336653000000000377e-15 1.434001000000000071e-13 5.212116999999999729e-15 1.254951000000000027e-15 3.793135000000000055e-16 1.266729999999999977e-16 4.470902000000000094e-17 1.627436000000000128e-17 6.025804999999999808e-18
2.724641000000000012e-14 2.716952999999999876e-14 2.703914999999999919e-14 2.681822999999999954e-14 2.644416999999999914e-14 2.581208000000000034e-14 2.474881000000000150e-14 2.297230999999999956e-14 2.004127000000000074e-14 1.531699999999999863e-14 8.053543000000000553e-15 -1.910113000000000042e-15 -1.029328000000000068e-14 -1.731651000000000062e-15 5.747532000000000364e-16 4.233500000000000161e-17 1.103232000000000009e-18 -2.070636000000000127e-18 -1.285445000000000096e-18 -4.380577000000000075e-19 -3.552213999999999885e-21 2.871722999999999725e-20 1.158406999999999939e-19 3.329740000000000106e-19 7.958529000000000348e-19 2.136834000000000027e-18 6.365532999999999823e-18 1.839103000000000097e-17 5.361167999999999698e-17 1.574008999999999896e-16 4.696847999999999954e-16 1.457885000000000023e-15 5.212116999999999729e-15 8.810349000000000095e-14 4.376974999999999697e-15 1.134687000000000051e-15 3.674639999999999793e-16 1.287970999999999970e-16 4.686362999999999844e-17 1.732258999999999928e-17
2.340674000000000137e-14 2.336808999999999906e-14 2.330243000000000027e-14 2.319099999999999996e-14 2.300213999999999949e-14 2.268251000000000025e-14 2.214268999999999930e-14 2.123479000000000046e-14 1.971915999999999993e-14 1.722149000000000130e-14 1.320365000000000068e-14 7.044397000000000386e-15 -1.379503999999999904e-15 -8.549790000000000430e-15 -1.505599000000000033e-15 3.913061000000000043e-16 1.388166000000000014e-17 -5.358442000000000226e-18 -3.724557999999999899e-18 -1.292567000000000088e-18 -4.875927999999999788e-21 -8.064494000000000491e-21 -9.444074000000000310e-21 4.564548999999999727e-20 2.333688000000000035e-19 7.024785000000000173e-19 1.961017999999999883e-18 5.648893000000000376e-18 1.641218000000000013e-17 4.764755999999999701e-17 1.391402999999999991e-16 4.112871000000000030e-16 1.254951000000000027e-15 4.376974999999999697e-15 5.502242000000000159e-14 3.802330000000000394e-15 1.078913000000000064e-15 3.709967000000000159e-16 1.346657999999999941e-16 4.981090000000000048e-17
2.072323999999999948e-14 2.070313000000000081e-14 2.066897000000000106e-14 2.061094000000000118e-14 2.051241000000000074e-14 2.034535999999999895e-14 2.006269000000000021e-14 1.958566999999999863e-14 1.878376000000000134e-14 1.744660999999999893e-14 1.524716999999999962e-14 1.172033000000000008e-14 6.342323000000000329e-15 -9.553346000000000442e-16 -7.182641999999999933e-15 -1.413452999999999975e-15 2.344259999999999758e-16 -9.774980999999999248e-18 -1.069117999999999953e-17 -3.885988999999999946e-18 -1.476541000000000099e-20 -1.485745000000000125e-20 4.289956000000000332e-22 1.733464000000000069e-21 2.529037999999999948e-20 1.661961999999999914e-19 6.319991999999999551e-19 1.890406000000000124e-18 5.302375000000000261e-18 1.542783999999999941e-17 4.462280999999999776e-17 1.296153999999999890e-16 3.793135000000000055e-16 1.134687000000000051e-15 3.802330000000000394e-15 3.520427999999999704e-14 3.448065000000000149e-15 1.072606000000000019e-15 3.859808999999999982e-16 1.428614999999999944e-16
1.903479999999999920e-14 1.902389000000000077e-14 1.900533999999999892e-14 1.897383999999999988e-14 1.892038000000000079e-14 1.882968000000000111e-14 1.867587000000000108e-14 1.841561000000000028e-14 1.797663999999999859e-14 1.723928999999999934e-14 1.601131999999999844e-14 1.399603000000000035e-14 1.077706000000000004e-14 5.901957999999999730e-15 -6.366225000000000220e-16 -6.177306000000000117e-15 -1.425676000000000055e-15 1.023658999999999985e-16 -2.903010999999999906e-17 -1.186499999999999965e-17 3.213924000000000029e-22 -2.720270999999999935e-20 4.219630999999999737e-21 8.004344999999999667e-21 2.652869999999999871e-20 6.617001999999999473e-20 1.720286999999999901e-19 6.056861000000000076e-19 1.856060999999999865e-18 5.238511000000000305e-18 1.517319999999999873e-17 4.380485999999999819e-17 1.266729999999999977e-16 3.674639999999999793e-16 1.078913000000000064e-15 3.448065000000000149e-15 2.334684999999999874e-14 3.272742999999999861e-15 1.103326000000000053e-15 4.080696999999999973e-16
1.815494999999999892e-14 1.814875999999999950e-14 1.813824999999999847e-14 1.812041000000000132e-14 1.809014999999999992e-14 1.803879999999999958e-14 1.795172999999999953e-14 1.780415999999999938e-14 1.755449000000000099e-14 1.713342999999999963e-14 1.642687999999999922e-14 1.525165999999999903e-14 1.332745000000000005e-14 1.026640999999999952e-14 5.664480000000000095e-15 -4.243789000000000060e-16 -5.506138000000000331e-15 -1.519278000000000072e-15 -5.180947000000000078e-18 -3.664399999999999699e-17 2.922171999999999860e-21 -5.223539000000000245e-20 1.536603999999999947e-20 1.318381000000000020e-20 2.508098999999999913e-20 4.888028999999999888e-20 9.976715000000000178e-20 2.247123999999999807e-19 6.304092999999999594e-19 1.865445999999999988e-18 5.387299000000000318e-18 1.550786999999999974e-17 4.470902000000000094e-17 1.287970999999999970e-16 3.709967000000000159e-16 1.072606000000000019e-15 3.272742999999999861e-15 1.629774000000000044e-14 3.237330999999999908e-15 1.157592999999999994e-15
1.787471999999999949e-14 1.787107000000000031e-14 1.786493000000000136e-14 1.785447000000000079e-14 1.783672000000000006e-14 1.780659000000000049e-14 1.775548999999999932e-14 1.766883999999999939e-14 1.752205999999999900e-14 1.727381000000000054e-14 1.685518999999999848e-14 1.615332000000000114e-14 1.498723000000000116e-14 1.308196999999999986e-14 1.006241999999999993e-14 5.554443999999999661e-15 -3.286613000000000124e-16 -5.133956000000000233e-15 -1.666048000000000088e-15 -7.371962999999999790e-17 -2.682064000000000146e-20 -9.625554999999999470e-20 2.784965000000000125e-20 4.116190000000000100e-21 7.830090000000000055e-21 1.922930999999999952e-20 4.551824000000000219e-20 1.056924000000000042e-19 2.642730999999999797e-19 6.836654999999999619e-19 1.937599999999999997e-18 5.666701000000000336e-18 1.627436000000000128e-17 4.686362999999999844e-17 1.346657999999999941e-16 3.859808999999999982e-16 1.103326000000000053e-15 3.237330999999999908e-15 1.217064999999999987e-14 3.298738000000000000e-15
1.794298999999999853e-14 1.794075999999999928e-14 1.793712999999999965e-14 1.793085999999999886e-14 1.792021999999999914e-14 1.790214999999999923e-14 1.787145999999999951e-14 1.781938999999999944e-14 1.773108999999999995e-14 1.758155000000000108e-14 1.732870999999999912e-14 1.690248999999999907e-14 1.618825999999999930e-14 1.500288999999999952e-14 1.306954000000000056e-14 1.001528000000000050e-14 5.483228999999999942e-15 -3.562736999999999934e-16 -5.000280000000000070e-15 -1.815458000000000085e-15 -1.564237000000000113e-19 -1.532798999999999951e-19 5.010263000000000033e-20 -3.664532999999999911e-21 -3.534106000000000078e-21 -1.557075000000000088e-21 4.670261000000000008e-21 2.733719999999999834e-20 9.364322999999999728e-20 2.725023999999999976e-19 7.373666000000000327e-19 2.070521000000000032e-18 6.025804999999999808e-18 1.732258999999999928e-17 4.981090000000000048e-17 1.428614999999999944e-16 4.080696999999999973e-16 1.157592999999999994e-15 3.298738000000000000e-15 9.810646999999999927e-15
