# Please cite the following papers in research using this covariance:
# arXiv: 1601.05779, https://arxiv.org/abs/1601.05779
# arXiv: 1911.11947, https://arxiv.org/abs/1911.11947
# arXiv: 2004.04833, https://arxiv.org/abs/2004.04833
########################################################
20 20 3.369410e-04 3.369410e-04 0 0 0 0 7.425753e-11 3.476777e-14
20 21 3.369410e-04 4.391424e-04 0 0 0 0 1.872538e-14 3.596428e-14
20 22 3.369410e-04 5.723437e-04 0 0 0 0 6.827856e-15 3.736751e-14
20 23 3.369410e-04 7.459478e-04 0 0 0 0 2.316414e-15 3.825379e-14
20 24 3.369410e-04 9.722096e-04 0 0 0 0 7.647673e-16 3.846391e-14
20 25 3.369410e-04 1.267102e-03 0 0 0 0 2.433376e-16 3.787062e-14
20 26 3.369410e-04 1.651440e-03 0 0 0 0 7.256599e-17 3.628177e-14
20 27 3.369410e-04 2.152358e-03 0 0 0 0 2.207765e-17 3.391748e-14
20 28 3.369410e-04 2.805213e-03 0 0 0 0 6.176862e-18 3.064683e-14
20 29 3.369410e-04 3.656095e-03 0 0 0 0 1.522686e-18 2.696580e-14
20 30 3.369410e-04 4.765066e-03 0 0 0 0 3.900922e-19 2.294927e-14
20 31 3.369410e-04 6.210412e-03 0 0 0 0 1.721367e-19 1.903566e-14
20 32 3.369410e-04 8.094162e-03 0 0 0 0 8.264206e-20 1.548239e-14
20 33 3.369410e-04 1.054929e-02 0 0 0 0 -3.552214e-21 1.232878e-14
20 34 3.369410e-04 1.374912e-02 0 0 0 0 -4.875928e-21 9.861873e-15
20 35 3.369410e-04 1.791952e-02 0 0 0 0 -1.476541e-20 7.816307e-15
20 36 3.369410e-04 2.335489e-02 0 0 0 0 3.213924e-22 6.338849e-15
20 37 3.369410e-04 3.043893e-02 0 0 0 0 2.922172e-21 5.184196e-15
20 38 3.369410e-04 3.967171e-02 0 0 0 0 -2.682064e-20 4.321477e-15
20 39 3.369410e-04 5.170498e-02 0 0 0 0 -1.564237e-19 3.654002e-15
21 20 4.391424e-04 3.369410e-04 0 0 0 0 1.872538e-14 3.596428e-14
21 21 4.391424e-04 4.391424e-04 0 0 0 0 4.373067e-11 3.724145e-14
21 22 4.391424e-04 5.723437e-04 0 0 0 0 1.918032e-14 3.873809e-14
21 23 4.391424e-04 7.459478e-04 0 0 0 0 6.730635e-15 3.969702e-14
21 24 4.391424e-04 9.722096e-04 0 0 0 0 2.222684e-15 3.995814e-14
21 25 4.391424e-04 1.267102e-03 0 0 0 0 7.022983e-16 3.938790e-14
21 26 4.391424e-04 1.651440e-03 0 0 0 0 2.129769e-16 3.778444e-14
21 27 4.391424e-04 2.152358e-03 0 0 0 0 6.261672e-17 3.537107e-14
21 28 4.391424e-04 2.805213e-03 0 0 0 0 1.777786e-17 3.200740e-14
21 29 4.391424e-04 3.656095e-03 0 0 0 0 4.950741e-18 2.820086e-14
21 30 4.391424e-04 4.765066e-03 0 0 0 0 1.321749e-18 2.402734e-14
21 31 4.391424e-04 6.210412e-03 0 0 0 0 3.822981e-19 1.994501e-14
21 32 4.391424e-04 8.094162e-03 0 0 0 0 1.751539e-19 1.622464e-14
21 33 4.391424e-04 1.054929e-02 0 0 0 0 2.871723e-20 1.291682e-14
21 34 4.391424e-04 1.374912e-02 0 0 0 0 -8.064494e-21 1.032643e-14
21 35 4.391424e-04 1.791952e-02 0 0 0 0 -1.485745e-20 8.176211e-15
21 36 4.391424e-04 2.335489e-02 0 0 0 0 -2.720271e-20 6.624869e-15
21 37 4.391424e-04 3.043893e-02 0 0 0 0 -5.223539e-20 5.412082e-15
21 38 4.391424e-04 3.967171e-02 0 0 0 0 -9.625555e-20 4.508081e-15
21 39 4.391424e-04 5.170498e-02 0 0 0 0 -1.532799e-19 3.809670e-15
22 20 5.723437e-04 3.369410e-04 0 0 0 0 6.827856e-15 3.736751e-14
22 21 5.723437e-04 4.391424e-04 0 0 0 0 1.918032e-14 3.873809e-14
22 22 5.723437e-04 5.723437e-04 0 0 0 0 2.575952e-11 4.034991e-14
22 23 5.723437e-04 7.459478e-04 0 0 0 0 1.925607e-14 4.141093e-14
22 24 5.723437e-04 9.722096e-04 0 0 0 0 6.488372e-15 4.175061e-14
22 25 5.723437e-04 1.267102e-03 0 0 0 0 2.052743e-15 4.121565e-14
22 26 5.723437e-04 1.651440e-03 0 0 0 0 6.224075e-16 3.959940e-14
22 27 5.723437e-04 2.152358e-03 0 0 0 0 1.818418e-16 3.713519e-14
22 28 5.723437e-04 2.805213e-03 0 0 0 0 5.160087e-17 3.366902e-14
22 29 5.723437e-04 3.656095e-03 0 0 0 0 1.436772e-17 2.971894e-14
22 30 5.723437e-04 4.765066e-03 0 0 0 0 4.001718e-18 2.536156e-14
22 31 5.723437e-04 6.210412e-03 0 0 0 0 1.057476e-18 2.107741e-14
22 32 5.723437e-04 8.094162e-03 0 0 0 0 3.847007e-19 1.715310e-14
22 33 5.723437e-04 1.054929e-02 0 0 0 0 1.158407e-19 1.365462e-14
22 34 5.723437e-04 1.374912e-02 0 0 0 0 -9.444074e-21 1.090922e-14
22 35 5.723437e-04 1.791952e-02 0 0 0 0 4.289956e-22 8.626671e-15
22 36 5.723437e-04 2.335489e-02 0 0 0 0 4.219631e-21 6.981592e-15
22 37 5.723437e-04 3.043893e-02 0 0 0 0 1.536604e-20 5.694671e-15
22 38 5.723437e-04 3.967171e-02 0 0 0 0 2.784965e-20 4.738546e-15
22 39 5.723437e-04 5.170498e-02 0 0 0 0 5.010263e-20 4.001186e-15
23 20 7.459478e-04 3.369410e-04 0 0 0 0 2.316414e-15 3.825379e-14
23 21 7.459478e-04 4.391424e-04 0 0 0 0 6.730635e-15 3.969702e-14
23 22 7.459478e-04 5.723437e-04 0 0 0 0 1.925607e-14 4.141093e-14
23 23 7.459478e-04 7.459478e-04 0 0 0 0 1.517971e-11 4.258950e-14
23 24 7.459478e-04 9.722096e-04 0 0 0 0 1.888363e-14 4.303945e-14
23 25 7.459478e-04 1.267102e-03 0 0 0 0 6.063468e-15 4.257070e-14
23 26 7.459478e-04 1.651440e-03 0 0 0 0 1.833558e-15 4.098135e-14
23 27 7.459478e-04 2.152358e-03 0 0 0 0 5.333104e-16 3.851438e-14
23 28 7.459478e-04 2.805213e-03 0 0 0 0 1.506559e-16 3.500243e-14
23 29 7.459478e-04 3.656095e-03 0 0 0 0 4.167776e-17 3.096756e-14
23 30 7.459478e-04 4.765066e-03 0 0 0 0 1.139963e-17 2.648487e-14
23 31 7.459478e-04 6.210412e-03 0 0 0 0 3.152981e-18 2.204867e-14
23 32 7.459478e-04 8.094162e-03 0 0 0 0 9.034787e-19 1.795858e-14
23 33 7.459478e-04 1.054929e-02 0 0 0 0 3.329740e-19 1.429840e-14
23 34 7.459478e-04 1.374912e-02 0 0 0 0 4.564549e-20 1.141609e-14
23 35 7.459478e-04 1.791952e-02 0 0 0 0 1.733464e-21 9.014104e-15
23 36 7.459478e-04 2.335489e-02 0 0 0 0 8.004345e-21 7.284131e-15
23 37 7.459478e-04 3.043893e-02 0 0 0 0 1.318381e-20 5.929187e-15
23 38 7.459478e-04 3.967171e-02 0 0 0 0 4.116190e-21 4.926790e-15
23 39 7.459478e-04 5.170498e-02 0 0 0 0 -3.664533e-21 4.155320e-15
24 20 9.722096e-04 3.369410e-04 0 0 0 0 7.647673e-16 3.846391e-14
24 21 9.722096e-04 4.391424e-04 0 0 0 0 2.222684e-15 3.995814e-14
24 22 9.722096e-04 5.723437e-04 0 0 0 0 6.488372e-15 4.175061e-14
24 23 9.722096e-04 7.459478e-04 0 0 0 0 1.888363e-14 4.303945e-14
24 24 9.722096e-04 9.722096e-04 0 0 0 0 8.950806e-12 4.361842e-14
24 25 9.722096e-04 1.267102e-03 0 0 0 0 1.804865e-14 4.326743e-14
24 26 9.722096e-04 1.651440e-03 0 0 0 0 5.483848e-15 4.177827e-14
24 27 9.722096e-04 2.152358e-03 0 0 0 0 1.582073e-15 3.937181e-14
24 28 9.722096e-04 2.805213e-03 0 0 0 0 4.430553e-16 3.587857e-14
24 29 9.722096e-04 3.656095e-03 0 0 0 0 1.217855e-16 3.183333e-14
24 30 9.722096e-04 4.765066e-03 0 0 0 0 3.323970e-17 2.730450e-14
24 31 9.722096e-04 6.210412e-03 0 0 0 0 9.161597e-18 2.278451e-14
24 32 9.722096e-04 8.094162e-03 0 0 0 0 2.525041e-18 1.858344e-14
24 33 9.722096e-04 1.054929e-02 0 0 0 0 7.958529e-19 1.480450e-14
24 34 9.722096e-04 1.374912e-02 0 0 0 0 2.333688e-19 1.181298e-14
24 35 9.722096e-04 1.791952e-02 0 0 0 0 2.529038e-20 9.311761e-15
24 36 9.722096e-04 2.335489e-02 0 0 0 0 2.652870e-20 7.510309e-15
24 37 9.722096e-04 3.043893e-02 0 0 0 0 2.508099e-20 6.096742e-15
24 38 9.722096e-04 3.967171e-02 0 0 0 0 7.830090e-21 5.056583e-15
24 39 9.722096e-04 5.170498e-02 0 0 0 0 -3.534106e-21 4.257852e-15
25 20 1.267102e-03 3.369410e-04 0 0 0 0 2.433376e-16 3.787062e-14
25 21 1.267102e-03 4.391424e-04 0 0 0 0 7.022983e-16 3.938790e-14
25 22 1.267102e-03 5.723437e-04 0 0 0 0 2.052743e-15 4.121565e-14
25 23 1.267102e-03 7.459478e-04 0 0 0 0 6.063468e-15 4.257070e-14
25 24 1.267102e-03 9.722096e-04 0 0 0 0 1.804865e-14 4.326743e-14
25 25 1.267102e-03 1.267102e-03 0 0 0 0 5.282946e-12 4.309176e-14
25 26 1.267102e-03 1.651440e-03 0 0 0 0 1.676939e-14 4.179913e-14
25 27 1.267102e-03 2.152358e-03 0 0 0 0 4.797365e-15 3.952865e-14
25 28 1.267102e-03 2.805213e-03 0 0 0 0 1.322983e-15 3.612710e-14
25 29 1.267102e-03 3.656095e-03 0 0 0 0 3.592662e-16 3.215779e-14
25 30 1.267102e-03 4.765066e-03 0 0 0 0 9.717667e-17 2.767702e-14
25 31 1.267102e-03 6.210412e-03 0 0 0 0 2.657352e-17 2.316179e-14
25 32 1.267102e-03 8.094162e-03 0 0 0 0 7.521001e-18 1.892930e-14
25 33 1.267102e-03 1.054929e-02 0 0 0 0 2.136834e-18 1.509700e-14
25 34 1.267102e-03 1.374912e-02 0 0 0 0 7.024785e-19 1.204172e-14
25 35 1.267102e-03 1.791952e-02 0 0 0 0 1.661962e-19 9.476209e-15
25 36 1.267102e-03 2.335489e-02 0 0 0 0 6.617002e-20 7.625925e-15
25 37 1.267102e-03 3.043893e-02 0 0 0 0 4.888029e-20 6.170265e-15
25 38 1.267102e-03 3.967171e-02 0 0 0 0 1.922931e-20 5.105768e-15
25 39 1.267102e-03 5.170498e-02 0 0 0 0 -1.557075e-21 4.290075e-15
26 20 1.651440e-03 3.369410e-04 0 0 0 0 7.256599e-17 3.628177e-14
26 21 1.651440e-03 4.391424e-04 0 0 0 0 2.129769e-16 3.778444e-14
26 22 1.651440e-03 5.723437e-04 0 0 0 0 6.224075e-16 3.959940e-14
26 23 1.651440e-03 7.459478e-04 0 0 0 0 1.833558e-15 4.098135e-14
26 24 1.651440e-03 9.722096e-04 0 0 0 0 5.483848e-15 4.177827e-14
26 25 1.651440e-03 1.267102e-03 0 0 0 0 1.676939e-14 4.179913e-14
26 26 1.651440e-03 1.651440e-03 0 0 0 0 3.122472e-12 4.077152e-14
26 27 1.651440e-03 2.152358e-03 0 0 0 0 1.512893e-14 3.874606e-14
26 28 1.651440e-03 2.805213e-03 0 0 0 0 4.066732e-15 3.557424e-14
26 29 1.651440e-03 3.656095e-03 0 0 0 0 1.078483e-15 3.179809e-14
26 30 1.651440e-03 4.765066e-03 0 0 0 0 2.871455e-16 2.746689e-14
26 31 1.651440e-03 6.210412e-03 0 0 0 0 7.772252e-17 2.306358e-14
26 32 1.651440e-03 8.094162e-03 0 0 0 0 2.170408e-17 1.890369e-14
26 33 1.651440e-03 1.054929e-02 0 0 0 0 6.365533e-18 1.510296e-14
26 34 1.651440e-03 1.374912e-02 0 0 0 0 1.961018e-18 1.204582e-14
26 35 1.651440e-03 1.791952e-02 0 0 0 0 6.319992e-19 9.464267e-15
26 36 1.651440e-03 2.335489e-02 0 0 0 0 1.720287e-19 7.596145e-15
26 37 1.651440e-03 3.043893e-02 0 0 0 0 9.976715e-20 6.121452e-15
26 38 1.651440e-03 3.967171e-02 0 0 0 0 4.551824e-20 5.050812e-15
26 39 1.651440e-03 5.170498e-02 0 0 0 0 4.670261e-21 4.231909e-15
27 20 2.152358e-03 3.369410e-04 0 0 0 0 2.207765e-17 3.391748e-14
27 21 2.152358e-03 4.391424e-04 0 0 0 0 6.261672e-17 3.537107e-14
27 22 2.152358e-03 5.723437e-04 0 0 0 0 1.818418e-16 3.713519e-14
27 23 2.152358e-03 7.459478e-04 0 0 0 0 5.333104e-16 3.851438e-14
27 24 2.152358e-03 9.722096e-04 0 0 0 0 1.582073e-15 3.937181e-14
27 25 2.152358e-03 1.267102e-03 0 0 0 0 4.797365e-15 3.952865e-14
27 26 2.152358e-03 1.651440e-03 0 0 0 0 1.512893e-14 3.874606e-14
27 27 2.152358e-03 2.152358e-03 0 0 0 0 1.849184e-12 3.706625e-14
27 28 2.152358e-03 2.805213e-03 0 0 0 0 1.325855e-14 3.429453e-14
27 29 2.152358e-03 3.656095e-03 0 0 0 0 3.355290e-15 3.082307e-14
27 30 2.152358e-03 4.765066e-03 0 0 0 0 8.651550e-16 2.671066e-14
27 31 2.152358e-03 6.210412e-03 0 0 0 0 2.296008e-16 2.250705e-14
27 32 2.152358e-03 8.094162e-03 0 0 0 0 6.340661e-17 1.851283e-14
27 33 2.152358e-03 1.054929e-02 0 0 0 0 1.839103e-17 1.482226e-14
27 34 2.152358e-03 1.374912e-02 0 0 0 0 5.648893e-18 1.182768e-14
27 35 2.152358e-03 1.791952e-02 0 0 0 0 1.890406e-18 9.281363e-15
27 36 2.152358e-03 2.335489e-02 0 0 0 0 6.056861e-19 7.428418e-15
27 37 2.152358e-03 3.043893e-02 0 0 0 0 2.247124e-19 5.960002e-15
27 38 2.152358e-03 3.967171e-02 0 0 0 0 1.056924e-19 4.901593e-15
27 39 2.152358e-03 5.170498e-02 0 0 0 0 2.733720e-20 4.092865e-15
28 20 2.805213e-03 3.369410e-04 0 0 0 0 6.176862e-18 3.064683e-14
28 21 2.805213e-03 4.391424e-04 0 0 0 0 1.777786e-17 3.200740e-14
28 22 2.805213e-03 5.723437e-04 0 0 0 0 5.160087e-17 3.366902e-14
28 23 2.805213e-03 7.459478e-04 0 0 0 0 1.506559e-16 3.500243e-14
28 24 2.805213e-03 9.722096e-04 0 0 0 0 4.430553e-16 3.587857e-14
28 25 2.805213e-03 1.267102e-03 0 0 0 0 1.322983e-15 3.612710e-14
28 26 2.805213e-03 1.651440e-03 0 0 0 0 4.066732e-15 3.557424e-14
28 27 2.805213e-03 2.152358e-03 0 0 0 0 1.325855e-14 3.429453e-14
28 28 2.805213e-03 2.805213e-03 0 0 0 0 1.098083e-12 3.204218e-14
28 29 2.805213e-03 3.656095e-03 0 0 0 0 1.131277e-14 2.901586e-14
28 30 2.805213e-03 4.765066e-03 0 0 0 0 2.715211e-15 2.527302e-14
28 31 2.805213e-03 6.210412e-03 0 0 0 0 6.920478e-16 2.139730e-14
28 32 2.805213e-03 8.094162e-03 0 0 0 0 1.868543e-16 1.766383e-14
28 33 2.805213e-03 1.054929e-02 0 0 0 0 5.361168e-17 1.417532e-14
28 34 2.805213e-03 1.374912e-02 0 0 0 0 1.641218e-17 1.132498e-14
28 35 2.805213e-03 1.791952e-02 0 0 0 0 5.302375e-18 8.878307e-15
28 36 2.805213e-03 2.335489e-02 0 0 0 0 1.856061e-18 7.085789e-15
28 37 2.805213e-03 3.043893e-02 0 0 0 0 6.304093e-19 5.658076e-15
28 38 2.805213e-03 3.967171e-02 0 0 0 0 2.642731e-19 4.635151e-15
28 39 2.805213e-03 5.170498e-02 0 0 0 0 9.364323e-20 3.853585e-15
29 20 3.656095e-03 3.369410e-04 0 0 0 0 1.522686e-18 2.696580e-14
29 21 3.656095e-03 4.391424e-04 0 0 0 0 4.950741e-18 2.820086e-14
29 22 3.656095e-03 5.723437e-04 0 0 0 0 1.436772e-17 2.971894e-14
29 23 3.656095e-03 7.459478e-04 0 0 0 0 4.167776e-17 3.096756e-14
29 24 3.656095e-03 9.722096e-04 0 0 0 0 1.217855e-16 3.183333e-14
29 25 3.656095e-03 1.267102e-03 0 0 0 0 3.592662e-16 3.215779e-14
29 26 3.656095e-03 1.651440e-03 0 0 0 0 1.078483e-15 3.179809e-14
29 27 3.656095e-03 2.152358e-03 0 0 0 0 3.355290e-15 3.082307e-14
29 28 3.656095e-03 2.805213e-03 0 0 0 0 1.131277e-14 2.901586e-14
29 29 3.656095e-03 3.656095e-03 0 0 0 0 6.544109e-13 2.652535e-14
29 30 3.656095e-03 4.765066e-03 0 0 0 0 9.439460e-15 2.335437e-14
29 31 3.656095e-03 6.210412e-03 0 0 0 0 2.179551e-15 1.992555e-14
29 32 3.656095e-03 8.094162e-03 0 0 0 0 5.613070e-16 1.648694e-14
29 33 3.656095e-03 1.054929e-02 0 0 0 0 1.574009e-16 1.325576e-14
29 34 3.656095e-03 1.374912e-02 0 0 0 0 4.764756e-17 1.060849e-14
29 35 3.656095e-03 1.791952e-02 0 0 0 0 1.542784e-17 8.308259e-15
29 36 3.656095e-03 2.335489e-02 0 0 0 0 5.238511e-18 6.616878e-15
29 37 3.656095e-03 3.043893e-02 0 0 0 0 1.865446e-18 5.260486e-15
29 38 3.656095e-03 3.967171e-02 0 0 0 0 6.836655e-19 4.290462e-15
29 39 3.656095e-03 5.170498e-02 0 0 0 0 2.725024e-19 3.548657e-15
30 20 4.765066e-03 3.369410e-04 0 0 0 0 3.900922e-19 2.294927e-14
30 21 4.765066e-03 4.391424e-04 0 0 0 0 1.321749e-18 2.402734e-14
30 22 4.765066e-03 5.723437e-04 0 0 0 0 4.001718e-18 2.536156e-14
30 23 4.765066e-03 7.459478e-04 0 0 0 0 1.139963e-17 2.648487e-14
30 24 4.765066e-03 9.722096e-04 0 0 0 0 3.323970e-17 2.730450e-14
30 25 4.765066e-03 1.267102e-03 0 0 0 0 9.717667e-17 2.767702e-14
30 26 4.765066e-03 1.651440e-03 0 0 0 0 2.871455e-16 2.746689e-14
30 27 4.765066e-03 2.152358e-03 0 0 0 0 8.651550e-16 2.671066e-14
30 28 4.765066e-03 2.805213e-03 0 0 0 0 2.715211e-15 2.527302e-14
30 29 4.765066e-03 3.656095e-03 0 0 0 0 9.439460e-15 2.335437e-14
30 30 4.765066e-03 4.765066e-03 0 0 0 0 3.918402e-13 2.088366e-14
30 31 4.765066e-03 6.210412e-03 0 0 0 0 7.755963e-15 1.801518e-14
30 32 4.765066e-03 8.094162e-03 0 0 0 0 1.761537e-15 1.495727e-14
30 33 4.765066e-03 1.054929e-02 0 0 0 0 4.696848e-16 1.206182e-14
30 34 4.765066e-03 1.374912e-02 0 0 0 0 1.391403e-16 9.667983e-15
30 35 4.765066e-03 1.791952e-02 0 0 0 0 4.462281e-17 7.561453e-15
30 36 4.765066e-03 2.335489e-02 0 0 0 0 1.517320e-17 6.015242e-15
30 37 4.765066e-03 3.043893e-02 0 0 0 0 5.387299e-18 4.762891e-15
30 38 4.765066e-03 3.967171e-02 0 0 0 0 1.937600e-18 3.865785e-15
30 39 4.765066e-03 5.170498e-02 0 0 0 0 7.373666e-19 3.178205e-15
31 20 6.210412e-03 3.369410e-04 0 0 0 0 1.721367e-19 1.903566e-14
31 21 6.210412e-03 4.391424e-04 0 0 0 0 3.822981e-19 1.994501e-14
31 22 6.210412e-03 5.723437e-04 0 0 0 0 1.057476e-18 2.107741e-14
31 23 6.210412e-03 7.459478e-04 0 0 0 0 3.152981e-18 2.204867e-14
31 24 6.210412e-03 9.722096e-04 0 0 0 0 9.161597e-18 2.278451e-14
31 25 6.210412e-03 1.267102e-03 0 0 0 0 2.657352e-17 2.316179e-14
31 26 6.210412e-03 1.651440e-03 0 0 0 0 7.772252e-17 2.306358e-14
31 27 6.210412e-03 2.152358e-03 0 0 0 0 2.296008e-16 2.250705e-14
31 28 6.210412e-03 2.805213e-03 0 0 0 0 6.920478e-16 2.139730e-14
31 29 6.210412e-03 3.656095e-03 0 0 0 0 2.179551e-15 1.992555e-14
31 30 6.210412e-03 4.765066e-03 0 0 0 0 7.755963e-15 1.801518e-14
31 31 6.210412e-03 6.210412e-03 0 0 0 0 2.360714e-13 1.572805e-14
31 32 6.210412e-03 8.094162e-03 0 0 0 0 6.336653e-15 1.320888e-14
31 33 6.210412e-03 1.054929e-02 0 0 0 0 1.457885e-15 1.074027e-14
31 34 6.210412e-03 1.374912e-02 0 0 0 0 4.112871e-16 8.606410e-15
31 35 6.210412e-03 1.791952e-02 0 0 0 0 1.296154e-16 6.717957e-15
31 36 6.210412e-03 2.335489e-02 0 0 0 0 4.380486e-17 5.341730e-15
31 37 6.210412e-03 3.043893e-02 0 0 0 0 1.550787e-17 4.211672e-15
31 38 6.210412e-03 3.967171e-02 0 0 0 0 5.666701e-18 3.402901e-15
31 39 6.210412e-03 5.170498e-02 0 0 0 0 2.070521e-18 2.780678e-15
32 20 8.094162e-03 3.369410e-04 0 0 0 0 8.264206e-20 1.548239e-14
32 21 8.094162e-03 4.391424e-04 0 0 0 0 1.751539e-19 1.622464e-14
32 22 8.094162e-03 5.723437e-04 0 0 0 0 3.847007e-19 1.715310e-14
32 23 8.094162e-03 7.459478e-04 0 0 0 0 9.034787e-19 1.795858e-14
32 24 8.094162e-03 9.722096e-04 0 0 0 0 2.525041e-18 1.858344e-14
32 25 8.094162e-03 1.267102e-03 0 0 0 0 7.521001e-18 1.892930e-14
32 26 8.094162e-03 1.651440e-03 0 0 0 0 2.170408e-17 1.890369e-14
32 27 8.094162e-03 2.152358e-03 0 0 0 0 6.340661e-17 1.851283e-14
32 28 8.094162e-03 2.805213e-03 0 0 0 0 1.868543e-16 1.766383e-14
32 29 8.094162e-03 3.656095e-03 0 0 0 0 5.613070e-16 1.648694e-14
32 30 8.094162e-03 4.765066e-03 0 0 0 0 1.761537e-15 1.495727e-14
32 31 8.094162e-03 6.210412e-03 0 0 0 0 6.336653e-15 1.320888e-14
32 32 8.094162e-03 8.094162e-03 0 0 0 0 1.434001e-13 1.131896e-14
32 33 8.094162e-03 1.054929e-02 0 0 0 0 5.212117e-15 9.339117e-15
32 34 8.094162e-03 1.374912e-02 0 0 0 0 1.254951e-15 7.482121e-15
32 35 8.094162e-03 1.791952e-02 0 0 0 0 3.793135e-16 5.836159e-15
32 36 8.094162e-03 2.335489e-02 0 0 0 0 1.266730e-16 4.638960e-15
32 37 8.094162e-03 3.043893e-02 0 0 0 0 4.470902e-17 3.640017e-15
32 38 8.094162e-03 3.967171e-02 0 0 0 0 1.627436e-17 2.930452e-15
32 39 8.094162e-03 5.170498e-02 0 0 0 0 6.025805e-18 2.381230e-15
33 20 1.054929e-02 3.369410e-04 0 0 0 0 -3.552214e-21 1.232878e-14
33 21 1.054929e-02 4.391424e-04 0 0 0 0 2.871723e-20 1.291682e-14
33 22 1.054929e-02 5.723437e-04 0 0 0 0 1.158407e-19 1.365462e-14
33 23 1.054929e-02 7.459478e-04 0 0 0 0 3.329740e-19 1.429840e-14
33 24 1.054929e-02 9.722096e-04 0 0 0 0 7.958529e-19 1.480450e-14
33 25 1.054929e-02 1.267102e-03 0 0 0 0 2.136834e-18 1.509700e-14
33 26 1.054929e-02 1.651440e-03 0 0 0 0 6.365533e-18 1.510296e-14
33 27 1.054929e-02 2.152358e-03 0 0 0 0 1.839103e-17 1.482226e-14
33 28 1.054929e-02 2.805213e-03 0 0 0 0 5.361168e-17 1.417532e-14
33 29 1.054929e-02 3.656095e-03 0 0 0 0 1.574009e-16 1.325576e-14
33 30 1.054929e-02 4.765066e-03 0 0 0 0 4.696848e-16 1.206182e-14
33 31 1.054929e-02 6.210412e-03 0 0 0 0 1.457885e-15 1.074027e-14
33 32 1.054929e-02 8.094162e-03 0 0 0 0 5.212117e-15 9.339117e-15
33 33 1.054929e-02 1.054929e-02 0 0 0 0 8.810349e-14 7.817817e-15
33 34 1.054929e-02 1.374912e-02 0 0 0 0 4.376975e-15 6.323095e-15
33 35 1.054929e-02 1.791952e-02 0 0 0 0 1.134687e-15 4.967748e-15
33 36 1.054929e-02 2.335489e-02 0 0 0 0 3.674640e-16 3.939912e-15
33 37 1.054929e-02 3.043893e-02 0 0 0 0 1.287971e-16 3.073061e-15
33 38 1.054929e-02 3.967171e-02 0 0 0 0 4.686363e-17 2.466844e-15
33 39 1.054929e-02 5.170498e-02 0 0 0 0 1.732259e-17 1.993246e-15
34 20 1.374912e-02 3.369410e-04 0 0 0 0 -4.875928e-21 9.861873e-15
34 21 1.374912e-02 4.391424e-04 0 0 0 0 -8.064494e-21 1.032643e-14
34 22 1.374912e-02 5.723437e-04 0 0 0 0 -9.444074e-21 1.090922e-14
34 23 1.374912e-02 7.459478e-04 0 0 0 0 4.564549e-20 1.141609e-14
34 24 1.374912e-02 9.722096e-04 0 0 0 0 2.333688e-19 1.181298e-14
34 25 1.374912e-02 1.267102e-03 0 0 0 0 7.024785e-19 1.204172e-14
34 26 1.374912e-02 1.651440e-03 0 0 0 0 1.961018e-18 1.204582e-14
34 27 1.374912e-02 2.152358e-03 0 0 0 0 5.648893e-18 1.182768e-14
34 28 1.374912e-02 2.805213e-03 0 0 0 0 1.641218e-17 1.132498e-14
34 29 1.374912e-02 3.656095e-03 0 0 0 0 4.764756e-17 1.060849e-14
34 30 1.374912e-02 4.765066e-03 0 0 0 0 1.391403e-16 9.667983e-15
34 31 1.374912e-02 6.210412e-03 0 0 0 0 4.112871e-16 8.606410e-15
34 32 1.374912e-02 8.094162e-03 0 0 0 0 1.254951e-15 7.482121e-15
34 33 1.374912e-02 1.054929e-02 0 0 0 0 4.376975e-15 6.323095e-15
34 34 1.374912e-02 1.374912e-02 0 0 0 0 5.502242e-14 5.234896e-15
34 35 1.374912e-02 1.791952e-02 0 0 0 0 3.802330e-15 4.190901e-15
34 36 1.374912e-02 2.335489e-02 0 0 0 0 1.078913e-15 3.312285e-15
34 37 1.374912e-02 3.043893e-02 0 0 0 0 3.709967e-16 2.569990e-15
34 38 1.374912e-02 3.967171e-02 0 0 0 0 1.346658e-16 2.059227e-15
34 39 1.374912e-02 5.170498e-02 0 0 0 0 4.981090e-17 1.655079e-15
35 20 1.791952e-02 3.369410e-04 0 0 0 0 -1.476541e-20 7.816307e-15
35 21 1.791952e-02 4.391424e-04 0 0 0 0 -1.485745e-20 8.176211e-15
35 22 1.791952e-02 5.723437e-04 0 0 0 0 4.289956e-22 8.626671e-15
35 23 1.791952e-02 7.459478e-04 0 0 0 0 1.733464e-21 9.014104e-15
35 24 1.791952e-02 9.722096e-04 0 0 0 0 2.529038e-20 9.311761e-15
35 25 1.791952e-02 1.267102e-03 0 0 0 0 1.661962e-19 9.476209e-15
35 26 1.791952e-02 1.651440e-03 0 0 0 0 6.319992e-19 9.464267e-15
35 27 1.791952e-02 2.152358e-03 0 0 0 0 1.890406e-18 9.281363e-15
35 28 1.791952e-02 2.805213e-03 0 0 0 0 5.302375e-18 8.878307e-15
35 29 1.791952e-02 3.656095e-03 0 0 0 0 1.542784e-17 8.308259e-15
35 30 1.791952e-02 4.765066e-03 0 0 0 0 4.462281e-17 7.561453e-15
35 31 1.791952e-02 6.210412e-03 0 0 0 0 1.296154e-16 6.717957e-15
35 32 1.791952e-02 8.094162e-03 0 0 0 0 3.793135e-16 5.836159e-15
35 33 1.791952e-02 1.054929e-02 0 0 0 0 1.134687e-15 4.967748e-15
35 34 1.791952e-02 1.374912e-02 0 0 0 0 3.802330e-15 4.190901e-15
35 35 1.791952e-02 1.791952e-02 0 0 0 0 3.520428e-14 3.417491e-15
35 36 1.791952e-02 2.335489e-02 0 0 0 0 3.448065e-15 2.716592e-15
35 37 1.791952e-02 3.043893e-02 0 0 0 0 1.072606e-15 2.116350e-15
35 38 1.791952e-02 3.967171e-02 0 0 0 0 3.859809e-16 1.691850e-15
35 39 1.791952e-02 5.170498e-02 0 0 0 0 1.428615e-16 1.350526e-15
36 20 2.335489e-02 3.369410e-04 0 0 0 0 3.213924e-22 6.338849e-15
36 21 2.335489e-02 4.391424e-04 0 0 0 0 -2.720271e-20 6.624869e-15
36 22 2.335489e-02 5.723437e-04 0 0 0 0 4.219631e-21 6.981592e-15
36 23 2.335489e-02 7.459478e-04 0 0 0 0 8.004345e-21 7.284131e-15
36 24 2.335489e-02 9.722096e-04 0 0 0 0 2.652870e-20 7.510309e-15
36 25 2.335489e-02 1.267102e-03 0 0 0 0 6.617002e-20 7.625925e-15
36 26 2.335489e-02 1.651440e-03 0 0 0 0 1.720287e-19 7.596145e-15
36 27 2.335489e-02 2.152358e-03 0 0 0 0 6.056861e-19 7.428418e-15
36 28 2.335489e-02 2.805213e-03 0 0 0 0 1.856061e-18 7.085789e-15
36 29 2.335489e-02 3.656095e-03 0 0 0 0 5.238511e-18 6.616878e-15
36 30 2.335489e-02 4.765066e-03 0 0 0 0 1.517320e-17 6.015242e-15
36 31 2.335489e-02 6.210412e-03 0 0 0 0 4.380486e-17 5.341730e-15
36 32 2.335489e-02 8.094162e-03 0 0 0 0 1.266730e-16 4.638960e-15
36 33 2.335489e-02 1.054929e-02 0 0 0 0 3.674640e-16 3.939912e-15
36 34 2.335489e-02 1.374912e-02 0 0 0 0 1.078913e-15 3.312285e-15
36 35 2.335489e-02 1.791952e-02 0 0 0 0 3.448065e-15 2.716592e-15
36 36 2.335489e-02 2.335489e-02 0 0 0 0 2.334685e-14 2.208735e-15
36 37 2.335489e-02 3.043893e-02 0 0 0 0 3.272743e-15 1.757705e-15
36 38 2.335489e-02 3.967171e-02 0 0 0 0 1.103326e-15 1.401287e-15
36 39 2.335489e-02 5.170498e-02 0 0 0 0 4.080697e-16 1.110322e-15
37 20 3.043893e-02 3.369410e-04 0 0 0 0 2.922172e-21 5.184196e-15
37 21 3.043893e-02 4.391424e-04 0 0 0 0 -5.223539e-20 5.412082e-15
37 22 3.043893e-02 5.723437e-04 0 0 0 0 1.536604e-20 5.694671e-15
37 23 3.043893e-02 7.459478e-04 0 0 0 0 1.318381e-20 5.929187e-15
37 24 3.043893e-02 9.722096e-04 0 0 0 0 2.508099e-20 6.096742e-15
37 25 3.043893e-02 1.267102e-03 0 0 0 0 4.888029e-20 6.170265e-15
37 26 3.043893e-02 1.651440e-03 0 0 0 0 9.976715e-20 6.121452e-15
37 27 3.043893e-02 2.152358e-03 0 0 0 0 2.247124e-19 5.960002e-15
37 28 3.043893e-02 2.805213e-03 0 0 0 0 6.304093e-19 5.658076e-15
37 29 3.043893e-02 3.656095e-03 0 0 0 0 1.865446e-18 5.260486e-15
37 30 3.043893e-02 4.765066e-03 0 0 0 0 5.387299e-18 4.762891e-15
37 31 3.043893e-02 6.210412e-03 0 0 0 0 1.550787e-17 4.211672e-15
37 32 3.043893e-02 8.094162e-03 0 0 0 0 4.470902e-17 3.640017e-15
37 33 3.043893e-02 1.054929e-02 0 0 0 0 1.287971e-16 3.073061e-15
37 34 3.043893e-02 1.374912e-02 0 0 0 0 3.709967e-16 2.569990e-15
37 35 3.043893e-02 1.791952e-02 0 0 0 0 1.072606e-15 2.116350e-15
37 36 3.043893e-02 2.335489e-02 0 0 0 0 3.272743e-15 1.757705e-15
37 37 3.043893e-02 3.043893e-02 0 0 0 0 1.629774e-14 1.431249e-15
37 38 3.043893e-02 3.967171e-02 0 0 0 0 3.237331e-15 1.145763e-15
37 39 3.043893e-02 5.170498e-02 0 0 0 0 1.157593e-15 9.086562e-16
38 20 3.967171e-02 3.369410e-04 0 0 0 0 -2.682064e-20 4.321477e-15
38 21 3.967171e-02 4.391424e-04 0 0 0 0 -9.625555e-20 4.508081e-15
38 22 3.967171e-02 5.723437e-04 0 0 0 0 2.784965e-20 4.738546e-15
38 23 3.967171e-02 7.459478e-04 0 0 0 0 4.116190e-21 4.926790e-15
38 24 3.967171e-02 9.722096e-04 0 0 0 0 7.830090e-21 5.056583e-15
38 25 3.967171e-02 1.267102e-03 0 0 0 0 1.922931e-20 5.105768e-15
38 26 3.967171e-02 1.651440e-03 0 0 0 0 4.551824e-20 5.050812e-15
38 27 3.967171e-02 2.152358e-03 0 0 0 0 1.056924e-19 4.901593e-15
38 28 3.967171e-02 2.805213e-03 0 0 0 0 2.642731e-19 4.635151e-15
38 29 3.967171e-02 3.656095e-03 0 0 0 0 6.836655e-19 4.290462e-15
38 30 3.967171e-02 4.765066e-03 0 0 0 0 1.937600e-18 3.865785e-15
38 31 3.967171e-02 6.210412e-03 0 0 0 0 5.666701e-18 3.402901e-15
38 32 3.967171e-02 8.094162e-03 0 0 0 0 1.627436e-17 2.930452e-15
38 33 3.967171e-02 1.054929e-02 0 0 0 0 4.686363e-17 2.466844e-15
38 34 3.967171e-02 1.374912e-02 0 0 0 0 1.346658e-16 2.059227e-15
38 35 3.967171e-02 1.791952e-02 0 0 0 0 3.859809e-16 1.691850e-15
38 36 3.967171e-02 2.335489e-02 0 0 0 0 1.103326e-15 1.401287e-15
38 37 3.967171e-02 3.043893e-02 0 0 0 0 3.237331e-15 1.145763e-15
38 38 3.967171e-02 3.967171e-02 0 0 0 0 1.217065e-14 9.333868e-16
38 39 3.967171e-02 5.170498e-02 0 0 0 0 3.298738e-15 7.547029e-16
39 20 5.170498e-02 3.369410e-04 0 0 0 0 -1.564237e-19 3.654002e-15
39 21 5.170498e-02 4.391424e-04 0 0 0 0 -1.532799e-19 3.809670e-15
39 22 5.170498e-02 5.723437e-04 0 0 0 0 5.010263e-20 4.001186e-15
39 23 5.170498e-02 7.459478e-04 0 0 0 0 -3.664533e-21 4.155320e-15
39 24 5.170498e-02 9.722096e-04 0 0 0 0 -3.534106e-21 4.257852e-15
39 25 5.170498e-02 1.267102e-03 0 0 0 0 -1.557075e-21 4.290075e-15
39 26 5.170498e-02 1.651440e-03 0 0 0 0 4.670261e-21 4.231909e-15
39 27 5.170498e-02 2.152358e-03 0 0 0 0 2.733720e-20 4.092865e-15
39 28 5.170498e-02 2.805213e-03 0 0 0 0 9.364323e-20 3.853585e-15
39 29 5.170498e-02 3.656095e-03 0 0 0 0 2.725024e-19 3.548657e-15
39 30 5.170498e-02 4.765066e-03 0 0 0 0 7.373666e-19 3.178205e-15
39 31 5.170498e-02 6.210412e-03 0 0 0 0 2.070521e-18 2.780678e-15
39 32 5.170498e-02 8.094162e-03 0 0 0 0 6.025805e-18 2.381230e-15
39 33 5.170498e-02 1.054929e-02 0 0 0 0 1.732259e-17 1.993246e-15
39 34 5.170498e-02 1.374912e-02 0 0 0 0 4.981090e-17 1.655079e-15
39 35 5.170498e-02 1.791952e-02 0 0 0 0 1.428615e-16 1.350526e-15
39 36 5.170498e-02 2.335489e-02 0 0 0 0 4.080697e-16 1.110322e-15
39 37 5.170498e-02 3.043893e-02 0 0 0 0 1.157593e-15 9.086562e-16
39 38 5.170498e-02 3.967171e-02 0 0 0 0 3.298738e-15 7.547029e-16
39 39 5.170498e-02 5.170498e-02 0 0 0 0 9.810647e-15 6.250585e-16
