# Please cite the following papers in research using this covariance:
# arXiv: 1601.05779, https://arxiv.org/abs/1601.05779
# arXiv: 1911.11947, https://arxiv.org/abs/1911.11947
# arXiv: 2004.04833, https://arxiv.org/abs/2004.04833
########################################################
0 20 3.369410e-04 3.369410e-04 0 0 0 0 -1.091232e-14 2.985954e-13
0 21 3.369410e-04 4.391424e-04 0 0 0 0 -2.522591e-14 3.118428e-13
0 22 3.369410e-04 5.723437e-04 0 0 0 0 -2.923235e-15 3.281305e-13
0 23 3.369410e-04 7.459478e-04 0 0 0 0 2.840355e-14 3.413940e-13
0 24 3.369410e-04 9.722096e-04 0 0 0 0 5.194011e-14 3.503818e-13
0 25 3.369410e-04 1.267102e-03 0 0 0 0 6.488216e-14 3.533445e-13
0 26 3.369410e-04 1.651440e-03 0 0 0 0 6.901310e-14 3.484585e-13
0 27 3.369410e-04 2.152358e-03 0 0 0 0 6.701813e-14 3.362845e-13
0 28 3.369410e-04 2.805213e-03 0 0 0 0 6.133251e-14 3.150812e-13
0 29 3.369410e-04 3.656095e-03 0 0 0 0 5.387545e-14 2.878315e-13
0 30 3.369410e-04 4.765066e-03 0 0 0 0 4.602351e-14 2.545444e-13
0 31 3.369410e-04 6.210412e-03 0 0 0 0 3.867514e-14 2.188905e-13
0 32 3.369410e-04 8.094162e-03 0 0 0 0 3.234271e-14 1.832460e-13
0 33 3.369410e-04 1.054929e-02 0 0 0 0 2.724641e-14 1.492193e-13
0 34 3.369410e-04 1.374912e-02 0 0 0 0 2.340674e-14 1.204240e-13
0 35 3.369410e-04 1.791952e-02 0 0 0 0 2.072324e-14 9.515575e-14
0 36 3.369410e-04 2.335489e-02 0 0 0 0 1.903480e-14 7.621555e-14
0 37 3.369410e-04 3.043893e-02 0 0 0 0 1.815495e-14 6.074421e-14
0 38 3.369410e-04 3.967171e-02 0 0 0 0 1.787472e-14 4.951164e-14
0 39 3.369410e-04 5.170498e-02 0 0 0 0 1.794299e-14 4.077397e-14
1 20 4.391424e-04 3.369410e-04 0 0 0 0 -6.240114e-16 2.579259e-13
1 21 4.391424e-04 4.391424e-04 0 0 0 0 -1.111808e-14 2.695453e-13
1 22 4.391424e-04 5.723437e-04 0 0 0 0 -2.649681e-14 2.838774e-13
1 23 4.391424e-04 7.459478e-04 0 0 0 0 -3.773788e-15 2.957097e-13
1 24 4.391424e-04 9.722096e-04 0 0 0 0 2.712858e-14 3.039959e-13
1 25 4.391424e-04 1.267102e-03 0 0 0 0 4.898558e-14 3.072158e-13
1 26 4.391424e-04 1.651440e-03 0 0 0 0 5.976830e-14 3.037772e-13
1 27 4.391424e-04 2.152358e-03 0 0 0 0 6.196502e-14 2.940368e-13
1 28 4.391424e-04 2.805213e-03 0 0 0 0 5.869235e-14 2.764436e-13
1 29 4.391424e-04 3.656095e-03 0 0 0 0 5.254136e-14 2.534357e-13
1 30 4.391424e-04 4.765066e-03 0 0 0 0 4.536454e-14 2.249545e-13
1 31 4.391424e-04 6.210412e-03 0 0 0 0 3.835407e-14 1.941339e-13
1 32 4.391424e-04 8.094162e-03 0 0 0 0 3.218649e-14 1.630155e-13
1 33 4.391424e-04 1.054929e-02 0 0 0 0 2.716953e-14 1.330847e-13
1 34 4.391424e-04 1.374912e-02 0 0 0 0 2.336809e-14 1.075500e-13
1 35 4.391424e-04 1.791952e-02 0 0 0 0 2.070313e-14 8.501972e-14
1 36 4.391424e-04 2.335489e-02 0 0 0 0 1.902389e-14 6.805517e-14
1 37 4.391424e-04 3.043893e-02 0 0 0 0 1.814876e-14 5.413825e-14
1 38 4.391424e-04 3.967171e-02 0 0 0 0 1.787107e-14 4.404410e-14
1 39 4.391424e-04 5.170498e-02 0 0 0 0 1.794076e-14 3.617958e-14
2 20 5.723437e-04 3.369410e-04 0 0 0 0 -7.240181e-17 2.193259e-13
2 21 5.723437e-04 4.391424e-04 0 0 0 0 -3.686378e-16 2.293536e-13
2 22 5.723437e-04 5.723437e-04 0 0 0 0 -1.116301e-14 2.417515e-13
2 23 5.723437e-04 7.459478e-04 0 0 0 0 -2.737383e-14 2.520998e-13
2 24 5.723437e-04 9.722096e-04 0 0 0 0 -4.528474e-15 2.595573e-13
2 25 5.723437e-04 1.267102e-03 0 0 0 0 2.530463e-14 2.628499e-13
2 26 5.723437e-04 1.651440e-03 0 0 0 0 4.506927e-14 2.606140e-13
2 27 5.723437e-04 2.152358e-03 0 0 0 0 5.367612e-14 2.530525e-13
2 28 5.723437e-04 2.805213e-03 0 0 0 0 5.429115e-14 2.388015e-13
2 29 5.723437e-04 3.656095e-03 0 0 0 0 5.029785e-14 2.197839e-13
2 30 5.723437e-04 4.765066e-03 0 0 0 0 4.425181e-14 1.958863e-13
2 31 5.723437e-04 6.210412e-03 0 0 0 0 3.781036e-14 1.697275e-13
2 32 5.723437e-04 8.094162e-03 0 0 0 0 3.192172e-14 1.430215e-13
2 33 5.723437e-04 1.054929e-02 0 0 0 0 2.703915e-14 1.171159e-13
2 34 5.723437e-04 1.374912e-02 0 0 0 0 2.330243e-14 9.481114e-14
2 35 5.723437e-04 1.791952e-02 0 0 0 0 2.066897e-14 7.500779e-14
2 36 5.723437e-04 2.335489e-02 0 0 0 0 1.900534e-14 6.001460e-14
2 37 5.723437e-04 3.043893e-02 0 0 0 0 1.813825e-14 4.765388e-14
2 38 5.723437e-04 3.967171e-02 0 0 0 0 1.786493e-14 3.869195e-14
2 39 5.723437e-04 5.170498e-02 0 0 0 0 1.793713e-14 3.169412e-14
3 20 7.459478e-04 3.369410e-04 0 0 0 0 -4.832700e-17 1.830795e-13
3 21 7.459478e-04 4.391424e-04 0 0 0 0 2.846124e-17 1.915621e-13
3 22 7.459478e-04 5.723437e-04 0 0 0 0 -8.213643e-17 2.020744e-13
3 23 7.459478e-04 7.459478e-04 0 0 0 0 -1.087753e-14 2.109340e-13
3 24 7.459478e-04 9.722096e-04 0 0 0 0 -2.773046e-14 2.174705e-13
3 25 7.459478e-04 1.267102e-03 0 0 0 0 -5.100873e-15 2.206331e-13
3 26 7.459478e-04 1.651440e-03 0 0 0 0 2.306816e-14 2.193074e-13
3 27 7.459478e-04 2.152358e-03 0 0 0 0 4.045885e-14 2.136314e-13
3 28 7.459478e-04 2.805213e-03 0 0 0 0 4.705848e-14 2.024160e-13
3 29 7.459478e-04 3.656095e-03 0 0 0 0 4.655421e-14 1.870966e-13
3 30 7.459478e-04 4.765066e-03 0 0 0 0 4.237989e-14 1.675192e-13
3 31 7.459478e-04 6.210412e-03 0 0 0 0 3.689194e-14 1.458106e-13
3 32 7.459478e-04 8.094162e-03 0 0 0 0 3.147332e-14 1.233661e-13
3 33 7.459478e-04 1.054929e-02 0 0 0 0 2.681823e-14 1.013854e-13
3 34 7.459478e-04 1.374912e-02 0 0 0 0 2.319100e-14 8.226039e-14
3 35 7.459478e-04 1.791952e-02 0 0 0 0 2.061094e-14 6.515915e-14
3 36 7.459478e-04 2.335489e-02 0 0 0 0 1.897384e-14 5.212616e-14
3 37 7.459478e-04 3.043893e-02 0 0 0 0 1.812041e-14 4.131927e-14
3 38 7.459478e-04 3.967171e-02 0 0 0 0 1.785447e-14 3.348014e-14
3 39 7.459478e-04 5.170498e-02 0 0 0 0 1.793086e-14 2.734054e-14
4 20 9.722096e-04 3.369410e-04 0 0 0 0 -4.250254e-17 1.501129e-13
4 21 9.722096e-04 4.391424e-04 0 0 0 0 3.624244e-17 1.571388e-13
4 22 9.722096e-04 5.723437e-04 0 0 0 0 1.340808e-16 1.658762e-13
4 23 9.722096e-04 7.459478e-04 0 0 0 0 2.579897e-16 1.733140e-13
4 24 9.722096e-04 9.722096e-04 0 0 0 0 -1.029770e-14 1.788968e-13
4 25 9.722096e-04 1.267102e-03 0 0 0 0 -2.742750e-14 1.817433e-13
4 26 9.722096e-04 1.651440e-03 0 0 0 0 -5.406813e-15 1.810047e-13
4 27 9.722096e-04 2.152358e-03 0 0 0 0 2.057084e-14 1.768441e-13
4 28 9.722096e-04 2.805213e-03 0 0 0 0 3.548946e-14 1.682408e-13
4 29 9.722096e-04 3.656095e-03 0 0 0 0 4.039193e-14 1.562119e-13
4 30 9.722096e-04 4.765066e-03 0 0 0 0 3.925390e-14 1.405760e-13
4 31 9.722096e-04 6.210412e-03 0 0 0 0 3.534670e-14 1.229838e-13
4 32 9.722096e-04 8.094162e-03 0 0 0 0 3.071561e-14 1.045313e-13
4 33 9.722096e-04 1.054929e-02 0 0 0 0 2.644417e-14 8.627033e-14
4 34 9.722096e-04 1.374912e-02 0 0 0 0 2.300214e-14 7.019178e-14
4 35 9.722096e-04 1.791952e-02 0 0 0 0 2.051241e-14 5.570054e-14
4 36 9.722096e-04 2.335489e-02 0 0 0 0 1.892038e-14 4.457118e-14
4 37 9.722096e-04 3.043893e-02 0 0 0 0 1.809015e-14 3.528109e-14
4 38 9.722096e-04 3.967171e-02 0 0 0 0 1.783672e-14 2.853070e-14
4 39 9.722096e-04 5.170498e-02 0 0 0 0 1.792022e-14 2.322283e-14
5 20 1.267102e-03 3.369410e-04 0 0 0 0 -5.004856e-17 1.211606e-13
5 21 1.267102e-03 4.391424e-04 0 0 0 0 1.047282e-17 1.268598e-13
5 22 1.267102e-03 5.723437e-04 0 0 0 0 6.881101e-17 1.339734e-13
5 23 1.267102e-03 7.459478e-04 0 0 0 0 2.376363e-16 1.400795e-13
5 24 1.267102e-03 9.722096e-04 0 0 0 0 6.110442e-16 1.447155e-13
5 25 1.267102e-03 1.267102e-03 0 0 0 0 -9.413760e-15 1.471445e-13
5 26 1.267102e-03 1.651440e-03 0 0 0 0 -2.643166e-14 1.467314e-13
5 27 1.267102e-03 2.152358e-03 0 0 0 0 -5.411948e-15 1.436608e-13
5 28 1.267102e-03 2.805213e-03 0 0 0 0 1.798364e-14 1.371127e-13
5 29 1.267102e-03 3.656095e-03 0 0 0 0 3.050596e-14 1.278567e-13
5 30 1.267102e-03 4.765066e-03 0 0 0 0 3.410102e-14 1.156876e-13
5 31 1.267102e-03 6.210412e-03 0 0 0 0 3.276468e-14 1.017730e-13
5 32 1.267102e-03 8.094162e-03 0 0 0 0 2.944089e-14 8.694451e-14
5 33 1.267102e-03 1.054929e-02 0 0 0 0 2.581208e-14 7.210918e-14
5 34 1.267102e-03 1.374912e-02 0 0 0 0 2.268251e-14 5.886931e-14
5 35 1.267102e-03 1.791952e-02 0 0 0 0 2.034536e-14 4.683484e-14
5 36 1.267102e-03 2.335489e-02 0 0 0 0 1.882968e-14 3.750987e-14
5 37 1.267102e-03 3.043893e-02 0 0 0 0 1.803880e-14 2.966674e-14
5 38 1.267102e-03 3.967171e-02 0 0 0 0 1.780659e-14 2.394864e-14
5 39 1.267102e-03 5.170498e-02 0 0 0 0 1.790215e-14 1.942979e-14
6 20 1.651440e-03 3.369410e-04 0 0 0 0 -5.857812e-17 9.650870e-14
6 21 1.651440e-03 4.391424e-04 0 0 0 0 -6.020499e-18 1.010395e-13
6 22 1.651440e-03 5.723437e-04 0 0 0 0 2.332830e-17 1.067083e-13
6 23 1.651440e-03 7.459478e-04 0 0 0 0 1.016088e-16 1.115963e-13
6 24 1.651440e-03 9.722096e-04 0 0 0 0 3.052454e-16 1.153431e-13
6 25 1.651440e-03 1.267102e-03 0 0 0 0 9.437028e-16 1.173603e-13
6 26 1.651440e-03 1.651440e-03 0 0 0 0 -8.289946e-15 1.171235e-13
6 27 1.651440e-03 2.152358e-03 0 0 0 0 -2.478809e-14 1.147500e-13
6 28 1.651440e-03 2.805213e-03 0 0 0 0 -5.128148e-15 1.096655e-13
6 29 1.651440e-03 3.656095e-03 0 0 0 0 1.546371e-14 1.026030e-13
6 30 1.651440e-03 4.765066e-03 0 0 0 0 2.581303e-14 9.334240e-14
6 31 1.651440e-03 6.210412e-03 0 0 0 0 2.850446e-14 8.258856e-14
6 32 1.651440e-03 8.094162e-03 0 0 0 0 2.731044e-14 7.095492e-14
6 33 1.651440e-03 1.054929e-02 0 0 0 0 2.474881e-14 5.918500e-14
6 34 1.651440e-03 1.374912e-02 0 0 0 0 2.214269e-14 4.851377e-14
6 35 1.651440e-03 1.791952e-02 0 0 0 0 2.006269e-14 3.872954e-14
6 36 1.651440e-03 2.335489e-02 0 0 0 0 1.867587e-14 3.106903e-14
6 37 1.651440e-03 3.043893e-02 0 0 0 0 1.795173e-14 2.457119e-14
6 38 1.651440e-03 3.967171e-02 0 0 0 0 1.775549e-14 1.980944e-14
6 39 1.651440e-03 5.170498e-02 0 0 0 0 1.787146e-14 1.602314e-14
7 20 2.152358e-03 3.369410e-04 0 0 0 0 -5.942497e-17 7.636312e-14
7 21 2.152358e-03 4.391424e-04 0 0 0 0 -1.254311e-17 7.991062e-14
7 22 2.152358e-03 5.723437e-04 0 0 0 0 2.555613e-18 8.435303e-14
7 23 2.152358e-03 7.459478e-04 0 0 0 0 3.861669e-17 8.818241e-14
7 24 2.152358e-03 9.722096e-04 0 0 0 0 1.066479e-16 9.112932e-14
7 25 2.152358e-03 1.267102e-03 0 0 0 0 3.460656e-16 9.274087e-14
7 26 2.152358e-03 1.651440e-03 0 0 0 0 1.207436e-15 9.255881e-14
7 27 2.152358e-03 2.152358e-03 0 0 0 0 -7.029936e-15 9.061613e-14
7 28 2.152358e-03 2.805213e-03 0 0 0 0 -2.261780e-14 8.654035e-14
7 29 2.152358e-03 3.656095e-03 0 0 0 0 -4.613979e-15 8.106729e-14
7 30 2.152358e-03 4.765066e-03 0 0 0 0 1.313972e-14 7.401183e-14
7 31 2.152358e-03 6.210412e-03 0 0 0 0 2.163953e-14 6.580449e-14
7 32 2.152358e-03 8.094162e-03 0 0 0 0 2.379411e-14 5.688774e-14
7 33 2.152358e-03 1.054929e-02 0 0 0 0 2.297231e-14 4.776023e-14
7 34 2.152358e-03 1.374912e-02 0 0 0 0 2.123479e-14 3.933381e-14
7 35 2.152358e-03 1.791952e-02 0 0 0 0 1.958567e-14 3.154589e-14
7 36 2.152358e-03 2.335489e-02 0 0 0 0 1.841561e-14 2.536881e-14
7 37 2.152358e-03 3.043893e-02 0 0 0 0 1.780416e-14 2.008318e-14
7 38 2.152358e-03 3.967171e-02 0 0 0 0 1.766884e-14 1.618325e-14
7 39 2.152358e-03 5.170498e-02 0 0 0 0 1.781939e-14 1.305955e-14
8 20 2.805213e-03 3.369410e-04 0 0 0 0 -6.083873e-17 6.030380e-14
8 21 2.805213e-03 4.391424e-04 0 0 0 0 -1.527168e-17 6.305641e-14
8 22 2.805213e-03 5.723437e-04 0 0 0 0 -5.000286e-18 6.650129e-14
8 23 2.805213e-03 7.459478e-04 0 0 0 0 1.544196e-17 6.945242e-14
8 24 2.805213e-03 9.722096e-04 0 0 0 0 3.384794e-17 7.170016e-14
8 25 2.805213e-03 1.267102e-03 0 0 0 0 1.039837e-16 7.290047e-14
8 26 2.805213e-03 1.651440e-03 0 0 0 0 3.551845e-16 7.269163e-14
8 27 2.805213e-03 2.152358e-03 0 0 0 0 1.365418e-15 7.109805e-14
8 28 2.805213e-03 2.805213e-03 0 0 0 0 -5.750545e-15 6.781624e-14
8 29 2.805213e-03 3.656095e-03 0 0 0 0 -2.009901e-14 6.342177e-14
8 30 2.805213e-03 4.765066e-03 0 0 0 0 -3.954175e-15 5.783867e-14
8 31 2.805213e-03 6.210412e-03 0 0 0 0 1.110231e-14 5.154126e-14
8 32 2.805213e-03 8.094162e-03 0 0 0 0 1.812343e-14 4.484711e-14
8 33 2.805213e-03 1.054929e-02 0 0 0 0 2.004127e-14 3.791434e-14
8 34 2.805213e-03 1.374912e-02 0 0 0 0 1.971916e-14 3.139957e-14
8 35 2.805213e-03 1.791952e-02 0 0 0 0 1.878376e-14 2.533752e-14
8 36 2.805213e-03 2.335489e-02 0 0 0 0 1.797664e-14 2.044190e-14
8 37 2.805213e-03 3.043893e-02 0 0 0 0 1.755449e-14 1.621909e-14
8 38 2.805213e-03 3.967171e-02 0 0 0 0 1.752206e-14 1.307774e-14
8 39 2.805213e-03 5.170498e-02 0 0 0 0 1.773109e-14 1.054049e-14
9 20 3.656095e-03 3.369410e-04 0 0 0 0 -6.135388e-17 4.783074e-14
9 21 3.656095e-03 4.391424e-04 0 0 0 0 -1.612237e-17 4.996785e-14
9 22 3.656095e-03 5.723437e-04 0 0 0 0 -7.526683e-18 5.263514e-14
9 23 3.656095e-03 7.459478e-04 0 0 0 0 7.731078e-18 5.489176e-14
9 24 3.656095e-03 9.722096e-04 0 0 0 0 1.038254e-17 5.656950e-14
9 25 3.656095e-03 1.267102e-03 0 0 0 0 2.899363e-17 5.741090e-14
9 26 3.656095e-03 1.651440e-03 0 0 0 0 9.464981e-17 5.715184e-14
9 27 3.656095e-03 2.152358e-03 0 0 0 0 3.329088e-16 5.584179e-14
9 28 3.656095e-03 2.805213e-03 0 0 0 0 1.406004e-15 5.318209e-14
9 29 3.656095e-03 3.656095e-03 0 0 0 0 -4.559403e-15 4.952982e-14
9 30 3.656095e-03 4.765066e-03 0 0 0 0 -1.743432e-14 4.491480e-14
9 31 3.656095e-03 6.210412e-03 0 0 0 0 -3.237340e-15 3.995650e-14
9 32 3.656095e-03 8.094162e-03 0 0 0 0 9.401928e-15 3.490674e-14
9 33 3.656095e-03 1.054929e-02 0 0 0 0 1.531700e-14 2.967661e-14
9 34 3.656095e-03 1.374912e-02 0 0 0 0 1.722149e-14 2.474263e-14
9 35 3.656095e-03 1.791952e-02 0 0 0 0 1.744661e-14 2.012205e-14
9 36 3.656095e-03 2.335489e-02 0 0 0 0 1.723929e-14 1.629832e-14
9 37 3.656095e-03 3.043893e-02 0 0 0 0 1.713343e-14 1.298126e-14
9 38 3.656095e-03 3.967171e-02 0 0 0 0 1.727381e-14 1.048713e-14
9 39 3.656095e-03 5.170498e-02 0 0 0 0 1.758155e-14 8.454523e-15
10 20 4.765066e-03 3.369410e-04 0 0 0 0 -6.131118e-17 3.831586e-14
10 21 4.765066e-03 4.391424e-04 0 0 0 0 -1.641687e-17 3.999226e-14
10 22 4.765066e-03 5.723437e-04 0 0 0 0 -8.290235e-18 4.207609e-14
10 23 4.765066e-03 7.459478e-04 0 0 0 0 5.379771e-18 4.381158e-14
10 24 4.765066e-03 9.722096e-04 0 0 0 0 3.395028e-18 4.506237e-14
10 25 4.765066e-03 1.267102e-03 0 0 0 0 7.336682e-18 4.563148e-14
10 26 4.765066e-03 1.651440e-03 0 0 0 0 2.432625e-17 4.531104e-14
10 27 4.765066e-03 2.152358e-03 0 0 0 0 7.923360e-17 4.415706e-14
10 28 4.765066e-03 2.805213e-03 0 0 0 0 2.885425e-16 4.192474e-14
10 29 4.765066e-03 3.656095e-03 0 0 0 0 1.339022e-15 3.889039e-14
10 30 4.765066e-03 4.765066e-03 0 0 0 0 -3.535588e-15 3.508762e-14
10 31 4.765066e-03 6.210412e-03 0 0 0 0 -1.481616e-14 3.104979e-14
10 32 4.765066e-03 8.094162e-03 0 0 0 0 -2.538609e-15 2.702093e-14
10 33 4.765066e-03 1.054929e-02 0 0 0 0 8.053543e-15 2.298586e-14
10 34 4.765066e-03 1.374912e-02 0 0 0 0 1.320365e-14 1.931126e-14
10 35 4.765066e-03 1.791952e-02 0 0 0 0 1.524717e-14 1.584392e-14
10 36 4.765066e-03 2.335489e-02 0 0 0 0 1.601132e-14 1.289716e-14
10 37 4.765066e-03 3.043893e-02 0 0 0 0 1.642688e-14 1.033581e-14
10 38 4.765066e-03 3.967171e-02 0 0 0 0 1.685519e-14 8.376103e-15
10 39 4.765066e-03 5.170498e-02 0 0 0 0 1.732871e-14 6.765293e-15
11 20 6.210412e-03 3.369410e-04 0 0 0 0 -6.118702e-17 3.084422e-14
11 21 6.210412e-03 4.391424e-04 0 0 0 0 -1.640128e-17 3.217481e-14
11 22 6.210412e-03 5.723437e-04 0 0 0 0 -8.602459e-18 3.382258e-14
11 23 6.210412e-03 7.459478e-04 0 0 0 0 4.744618e-18 3.517568e-14
11 24 6.210412e-03 9.722096e-04 0 0 0 0 1.480338e-18 3.612073e-14
11 25 6.210412e-03 1.267102e-03 0 0 0 0 1.496323e-18 3.649975e-14
11 26 6.210412e-03 1.651440e-03 0 0 0 0 6.082393e-18 3.614288e-14
11 27 6.210412e-03 2.152358e-03 0 0 0 0 1.864227e-17 3.510945e-14
11 28 6.210412e-03 2.805213e-03 0 0 0 0 6.175900e-17 3.322901e-14
11 29 6.210412e-03 3.656095e-03 0 0 0 0 2.327705e-16 3.076566e-14
11 30 6.210412e-03 4.765066e-03 0 0 0 0 1.190452e-15 2.770002e-14
11 31 6.210412e-03 6.210412e-03 0 0 0 0 -2.721866e-15 2.434424e-14
11 32 6.210412e-03 8.094162e-03 0 0 0 0 -1.240044e-14 2.094426e-14
11 33 6.210412e-03 1.054929e-02 0 0 0 0 -1.910113e-15 1.771221e-14
11 34 6.210412e-03 1.374912e-02 0 0 0 0 7.044397e-15 1.496095e-14
11 35 6.210412e-03 1.791952e-02 0 0 0 0 1.172033e-14 1.236198e-14
11 36 6.210412e-03 2.335489e-02 0 0 0 0 1.399603e-14 1.012732e-14
11 37 6.210412e-03 3.043893e-02 0 0 0 0 1.525166e-14 8.186937e-15
11 38 6.210412e-03 3.967171e-02 0 0 0 0 1.615332e-14 6.661258e-15
11 39 6.210412e-03 5.170498e-02 0 0 0 0 1.690249e-14 5.398674e-15
12 20 8.094162e-03 3.369410e-04 0 0 0 0 -6.115355e-17 2.513749e-14
12 21 8.094162e-03 4.391424e-04 0 0 0 0 -1.630556e-17 2.621354e-14
12 22 8.094162e-03 5.723437e-04 0 0 0 0 -8.560394e-18 2.754195e-14
12 23 8.094162e-03 7.459478e-04 0 0 0 0 4.592584e-18 2.862112e-14
12 24 8.094162e-03 9.722096e-04 0 0 0 0 8.907319e-19 2.935556e-14
12 25 8.094162e-03 1.267102e-03 0 0 0 0 4.232240e-20 2.961586e-14
12 26 8.094162e-03 1.651440e-03 0 0 0 0 1.494816e-18 2.926338e-14
12 27 8.094162e-03 2.152358e-03 0 0 0 0 4.267097e-18 2.835574e-14
12 28 8.094162e-03 2.805213e-03 0 0 0 0 1.327777e-17 2.675978e-14
12 29 8.094162e-03 3.656095e-03 0 0 0 0 4.485960e-17 2.470399e-14
12 30 8.094162e-03 4.765066e-03 0 0 0 0 1.751830e-16 2.216341e-14
12 31 8.094162e-03 6.210412e-03 0 0 0 0 9.936719e-16 1.936613e-14
12 32 8.094162e-03 8.094162e-03 0 0 0 0 -2.126459e-15 1.652028e-14
12 33 8.094162e-03 1.054929e-02 0 0 0 0 -1.029328e-14 1.385206e-14
12 34 8.094162e-03 1.374912e-02 0 0 0 0 -1.379504e-15 1.164081e-14
12 35 8.094162e-03 1.791952e-02 0 0 0 0 6.342323e-15 9.612200e-15
12 36 8.094162e-03 2.335489e-02 0 0 0 0 1.077706e-14 7.937312e-15
12 37 8.094162e-03 3.043893e-02 0 0 0 0 1.332745e-14 6.484779e-15
12 38 8.094162e-03 3.967171e-02 0 0 0 0 1.498723e-14 5.303117e-15
12 39 8.094162e-03 5.170498e-02 0 0 0 0 1.618826e-14 4.322590e-15
13 20 1.054929e-02 3.369410e-04 0 0 0 0 -6.114780e-17 2.031536e-14
13 21 1.054929e-02 4.391424e-04 0 0 0 0 -1.627877e-17 2.118295e-14
13 22 1.054929e-02 5.723437e-04 0 0 0 0 -8.649609e-18 2.225305e-14
13 23 1.054929e-02 7.459478e-04 0 0 0 0 4.599428e-18 2.311920e-14
13 24 1.054929e-02 9.722096e-04 0 0 0 0 8.643149e-19 2.370279e-14
13 25 1.054929e-02 1.267102e-03 0 0 0 0 -4.219144e-19 2.389746e-14
13 26 1.054929e-02 1.651440e-03 0 0 0 0 4.320329e-19 2.358841e-14
13 27 1.054929e-02 2.152358e-03 0 0 0 0 9.164776e-19 2.282071e-14
13 28 1.054929e-02 2.805213e-03 0 0 0 0 2.713601e-18 2.148613e-14
13 29 1.054929e-02 3.656095e-03 0 0 0 0 8.679467e-18 1.977867e-14
13 30 1.054929e-02 4.765066e-03 0 0 0 0 3.003870e-17 1.769547e-14
13 31 1.054929e-02 6.210412e-03 0 0 0 0 1.224079e-16 1.544876e-14
13 32 1.054929e-02 8.094162e-03 0 0 0 0 7.803646e-16 1.318049e-14
13 33 1.054929e-02 1.054929e-02 0 0 0 0 -1.731651e-15 1.097946e-14
13 34 1.054929e-02 1.374912e-02 0 0 0 0 -8.549790e-15 9.081524e-15
13 35 1.054929e-02 1.791952e-02 0 0 0 0 -9.553346e-16 7.421879e-15
13 36 1.054929e-02 2.335489e-02 0 0 0 0 5.901958e-15 6.170977e-15
13 37 1.054929e-02 3.043893e-02 0 0 0 0 1.026641e-14 5.088403e-15
13 38 1.054929e-02 3.967171e-02 0 0 0 0 1.308197e-14 4.185803e-15
13 39 1.054929e-02 5.170498e-02 0 0 0 0 1.500289e-14 3.438662e-15
14 20 1.374912e-02 3.369410e-04 0 0 0 0 -6.103959e-17 1.645312e-14
14 21 1.374912e-02 4.391424e-04 0 0 0 0 -1.611657e-17 1.716079e-14
14 22 1.374912e-02 5.723437e-04 0 0 0 0 -8.736728e-18 1.803444e-14
14 23 1.374912e-02 7.459478e-04 0 0 0 0 4.482338e-18 1.874429e-14
14 24 1.374912e-02 9.722096e-04 0 0 0 0 7.900529e-19 1.922602e-14
14 25 1.374912e-02 1.267102e-03 0 0 0 0 -4.295480e-19 1.939090e-14
14 26 1.374912e-02 1.651440e-03 0 0 0 0 1.803321e-19 1.914414e-14
14 27 1.374912e-02 2.152358e-03 0 0 0 0 1.897062e-19 1.851924e-14
14 28 1.374912e-02 2.805213e-03 0 0 0 0 5.095021e-19 1.742771e-14
14 29 1.374912e-02 3.656095e-03 0 0 0 0 1.559147e-18 1.602995e-14
14 30 1.374912e-02 4.765066e-03 0 0 0 0 5.049962e-18 1.432688e-14
14 31 1.374912e-02 6.210412e-03 0 0 0 0 1.802491e-17 1.249728e-14
14 32 1.374912e-02 8.094162e-03 0 0 0 0 7.792285e-17 1.064757e-14
14 33 1.374912e-02 1.054929e-02 0 0 0 0 5.747532e-16 8.822534e-15
14 34 1.374912e-02 1.374912e-02 0 0 0 0 -1.505599e-15 7.216962e-15
14 35 1.374912e-02 1.791952e-02 0 0 0 0 -7.182642e-15 5.832276e-15
14 36 1.374912e-02 2.335489e-02 0 0 0 0 -6.366225e-16 4.831190e-15
14 37 1.374912e-02 3.043893e-02 0 0 0 0 5.664480e-15 3.983264e-15
14 38 1.374912e-02 3.967171e-02 0 0 0 0 1.006242e-14 3.299115e-15
14 39 1.374912e-02 5.170498e-02 0 0 0 0 1.306954e-14 2.738262e-15
15 20 1.791952e-02 3.369410e-04 0 0 0 0 -6.089383e-17 1.302202e-14
15 21 1.791952e-02 4.391424e-04 0 0 0 0 -1.583660e-17 1.358644e-14
15 22 1.791952e-02 5.723437e-04 0 0 0 0 -8.748066e-18 1.428466e-14
15 23 1.791952e-02 7.459478e-04 0 0 0 0 4.496232e-18 1.485595e-14
15 24 1.791952e-02 9.722096e-04 0 0 0 0 7.432490e-19 1.524978e-14
15 25 1.791952e-02 1.267102e-03 0 0 0 0 -5.269179e-19 1.539477e-14
15 26 1.791952e-02 1.651440e-03 0 0 0 0 1.133223e-19 1.521528e-14
15 27 1.791952e-02 2.152358e-03 0 0 0 0 1.087848e-19 1.473412e-14
15 28 1.791952e-02 2.805213e-03 0 0 0 0 3.194224e-20 1.387724e-14
15 29 1.791952e-02 3.656095e-03 0 0 0 0 2.160027e-19 1.276535e-14
15 30 1.791952e-02 4.765066e-03 0 0 0 0 6.410976e-19 1.139817e-14
15 31 1.791952e-02 6.210412e-03 0 0 0 0 2.214631e-18 9.925855e-15
15 32 1.791952e-02 8.094162e-03 0 0 0 0 8.625964e-18 8.442047e-15
15 33 1.791952e-02 1.054929e-02 0 0 0 0 4.233500e-17 6.997946e-15
15 34 1.791952e-02 1.374912e-02 0 0 0 0 3.913061e-16 5.742486e-15
15 35 1.791952e-02 1.791952e-02 0 0 0 0 -1.413453e-15 4.624472e-15
15 36 1.791952e-02 2.335489e-02 0 0 0 0 -6.177306e-15 3.768265e-15
15 37 1.791952e-02 3.043893e-02 0 0 0 0 -4.243789e-16 3.066860e-15
15 38 1.791952e-02 3.967171e-02 0 0 0 0 5.554444e-15 2.555726e-15
15 39 1.791952e-02 5.170498e-02 0 0 0 0 1.001528e-14 2.143055e-15
16 20 2.335489e-02 3.369410e-04 0 0 0 0 -6.060972e-17 1.012973e-14
16 21 2.335489e-02 4.391424e-04 0 0 0 0 -1.541342e-17 1.057591e-14
16 22 2.335489e-02 5.723437e-04 0 0 0 0 -8.803211e-18 1.113017e-14
16 23 2.335489e-02 7.459478e-04 0 0 0 0 4.519492e-18 1.159042e-14
16 24 2.335489e-02 9.722096e-04 0 0 0 0 7.967019e-19 1.191812e-14
16 25 2.335489e-02 1.267102e-03 0 0 0 0 -4.783980e-19 1.205618e-14
16 26 2.335489e-02 1.651440e-03 0 0 0 0 7.175014e-20 1.194491e-14
16 27 2.335489e-02 2.152358e-03 0 0 0 0 1.226168e-20 1.159673e-14
16 28 2.335489e-02 2.805213e-03 0 0 0 0 2.386913e-20 1.095123e-14
16 29 2.335489e-02 3.656095e-03 0 0 0 0 -3.076915e-20 1.009722e-14
16 30 2.335489e-02 4.765066e-03 0 0 0 0 -4.019686e-20 9.032548e-15
16 31 2.335489e-02 6.210412e-03 0 0 0 0 -9.705818e-20 7.877447e-15
16 32 2.335489e-02 8.094162e-03 0 0 0 0 -6.378943e-20 6.708029e-15
16 33 2.335489e-02 1.054929e-02 0 0 0 0 1.103232e-18 5.570988e-15
16 34 2.335489e-02 1.374912e-02 0 0 0 0 1.388166e-17 4.580962e-15
16 35 2.335489e-02 1.791952e-02 0 0 0 0 2.344260e-16 3.677094e-15
16 36 2.335489e-02 2.335489e-02 0 0 0 0 -1.425676e-15 2.957119e-15
16 37 2.335489e-02 3.043893e-02 0 0 0 0 -5.506138e-15 2.372917e-15
16 38 2.335489e-02 3.967171e-02 0 0 0 0 -3.286613e-16 1.973702e-15
16 39 2.335489e-02 5.170498e-02 0 0 0 0 5.483229e-15 1.658156e-15
17 20 3.043893e-02 3.369410e-04 0 0 0 0 -6.013180e-17 7.628144e-15
17 21 3.043893e-02 4.391424e-04 0 0 0 0 -1.477752e-17 7.969844e-15
17 22 3.043893e-02 5.723437e-04 0 0 0 0 -8.885505e-18 8.396193e-15
17 23 3.043893e-02 7.459478e-04 0 0 0 0 4.530356e-18 8.755676e-15
17 24 3.043893e-02 9.722096e-04 0 0 0 0 8.118081e-19 9.020004e-15
17 25 3.043893e-02 1.267102e-03 0 0 0 0 -4.509970e-19 9.144966e-15
17 26 3.043893e-02 1.651440e-03 0 0 0 0 1.392624e-19 9.084988e-15
17 27 3.043893e-02 2.152358e-03 0 0 0 0 4.129842e-20 8.845306e-15
17 28 3.043893e-02 2.805213e-03 0 0 0 0 -2.931751e-20 8.379316e-15
17 29 3.043893e-02 3.656095e-03 0 0 0 0 -3.427985e-20 7.751146e-15
17 30 3.043893e-02 4.765066e-03 0 0 0 0 -8.294010e-20 6.956535e-15
17 31 3.043893e-02 6.210412e-03 0 0 0 0 -2.699015e-19 6.083708e-15
17 32 3.043893e-02 8.094162e-03 0 0 0 0 -7.481121e-19 5.188808e-15
17 33 3.043893e-02 1.054929e-02 0 0 0 0 -2.070636e-18 4.310188e-15
17 34 3.043893e-02 1.374912e-02 0 0 0 0 -5.358442e-18 3.539573e-15
17 35 3.043893e-02 1.791952e-02 0 0 0 0 -9.774981e-18 2.840208e-15
17 36 3.043893e-02 2.335489e-02 0 0 0 0 1.023659e-16 2.290617e-15
17 37 3.043893e-02 3.043893e-02 0 0 0 0 -1.519278e-15 1.834113e-15
17 38 3.043893e-02 3.967171e-02 0 0 0 0 -5.133956e-15 1.505529e-15
17 39 3.043893e-02 5.170498e-02 0 0 0 0 -3.562737e-16 1.249239e-15
18 20 3.967171e-02 3.369410e-04 0 0 0 0 -5.937278e-17 5.523984e-15
18 21 3.967171e-02 4.391424e-04 0 0 0 0 -1.383374e-17 5.776758e-15
18 22 3.967171e-02 5.723437e-04 0 0 0 0 -8.998128e-18 6.094042e-15
18 23 3.967171e-02 7.459478e-04 0 0 0 0 4.524226e-18 6.366963e-15
18 24 3.967171e-02 9.722096e-04 0 0 0 0 8.018201e-19 6.575924e-15
18 25 3.967171e-02 1.267102e-03 0 0 0 0 -4.668072e-19 6.688069e-15
18 26 3.967171e-02 1.651440e-03 0 0 0 0 1.319262e-19 6.670157e-15
18 27 3.967171e-02 2.152358e-03 0 0 0 0 6.209237e-20 6.522171e-15
18 28 3.967171e-02 2.805213e-03 0 0 0 0 2.028482e-20 6.209166e-15
18 29 3.967171e-02 3.656095e-03 0 0 0 0 -1.193139e-20 5.773821e-15
18 30 3.967171e-02 4.765066e-03 0 0 0 0 -7.662392e-20 5.210370e-15
18 31 3.967171e-02 6.210412e-03 0 0 0 0 -1.380649e-19 4.580175e-15
18 32 3.967171e-02 8.094162e-03 0 0 0 0 -4.508561e-19 3.922564e-15
18 33 3.967171e-02 1.054929e-02 0 0 0 0 -1.285445e-18 3.268154e-15
18 34 3.967171e-02 1.374912e-02 0 0 0 0 -3.724558e-18 2.687512e-15
18 35 3.967171e-02 1.791952e-02 0 0 0 0 -1.069118e-17 2.160975e-15
18 36 3.967171e-02 2.335489e-02 0 0 0 0 -2.903011e-17 1.749826e-15
18 37 3.967171e-02 3.043893e-02 0 0 0 0 -5.180947e-18 1.398751e-15
18 38 3.967171e-02 3.967171e-02 0 0 0 0 -1.666048e-15 1.132076e-15
18 39 3.967171e-02 5.170498e-02 0 0 0 0 -5.000280e-15 9.239317e-16
19 20 5.170498e-02 3.369410e-04 0 0 0 0 -5.838305e-17 3.843744e-15
19 21 5.170498e-02 4.391424e-04 0 0 0 0 -1.242083e-17 4.023623e-15
19 22 5.170498e-02 5.723437e-04 0 0 0 0 -9.111091e-18 4.250817e-15
19 23 5.170498e-02 7.459478e-04 0 0 0 0 4.514757e-18 4.450270e-15
19 24 5.170498e-02 9.722096e-04 0 0 0 0 7.963003e-19 4.609070e-15
19 25 5.170498e-02 1.267102e-03 0 0 0 0 -4.828314e-19 4.703852e-15
19 26 5.170498e-02 1.651440e-03 0 0 0 0 1.097213e-19 4.711623e-15
19 27 5.170498e-02 2.152358e-03 0 0 0 0 3.633347e-20 4.629772e-15
19 28 5.170498e-02 2.805213e-03 0 0 0 0 -6.238599e-22 4.432670e-15
19 29 5.170498e-02 3.656095e-03 0 0 0 0 1.500726e-20 4.146058e-15
19 30 5.170498e-02 4.765066e-03 0 0 0 0 -3.682066e-21 3.763965e-15
19 31 5.170498e-02 6.210412e-03 0 0 0 0 -6.811550e-20 3.327878e-15
19 32 5.170498e-02 8.094162e-03 0 0 0 0 -1.406537e-19 2.864498e-15
19 33 5.170498e-02 1.054929e-02 0 0 0 0 -4.380577e-19 2.397392e-15
19 34 5.170498e-02 1.374912e-02 0 0 0 0 -1.292567e-18 1.977229e-15
19 35 5.170498e-02 1.791952e-02 0 0 0 0 -3.885989e-18 1.591077e-15
19 36 5.170498e-02 2.335489e-02 0 0 0 0 -1.186500e-17 1.285486e-15
19 37 5.170498e-02 3.043893e-02 0 0 0 0 -3.664400e-17 1.023977e-15
19 38 5.170498e-02 3.967171e-02 0 0 0 0 -7.371963e-17 8.278652e-16
19 39 5.170498e-02 5.170498e-02 0 0 0 0 -1.815458e-15 6.729459e-16
