# Please cite the following papers in research using this covariance:
# arXiv: 1601.05779, https://arxiv.org/abs/1601.05779
# arXiv: 1911.11947, https://arxiv.org/abs/1911.11947
# arXiv: 2004.04833, https://arxiv.org/abs/2004.04833
########################################################
0 0 3.369410e-04 3.369410e-04 0 0 0 0 7.500485e-11 3.180320e-12
0 1 3.369410e-04 4.391424e-04 0 0 0 0 7.039504e-13 2.802449e-12
0 2 3.369410e-04 5.723437e-04 0 0 0 0 6.127014e-13 2.433503e-12
0 3 3.369410e-04 7.459478e-04 0 0 0 0 5.290618e-13 2.075925e-12
0 4 3.369410e-04 9.722096e-04 0 0 0 0 4.562709e-13 1.738991e-12
0 5 3.369410e-04 1.267102e-03 0 0 0 0 3.949121e-13 1.430744e-12
0 6 3.369410e-04 1.651440e-03 0 0 0 0 3.443908e-13 1.156965e-12
0 7 3.369410e-04 2.152358e-03 0 0 0 0 3.033733e-13 9.227673e-13
0 8 3.369410e-04 2.805213e-03 0 0 0 0 2.701318e-13 7.282064e-13
0 9 3.369410e-04 3.656095e-03 0 0 0 0 2.428578e-13 5.720186e-13
0 10 3.369410e-04 4.765066e-03 0 0 0 0 2.198552e-13 4.502447e-13
0 11 3.369410e-04 6.210412e-03 0 0 0 0 1.996638e-13 3.555657e-13
0 12 3.369410e-04 8.094162e-03 0 0 0 0 1.811125e-13 2.842439e-13
0 13 3.369410e-04 1.054929e-02 0 0 0 0 1.633218e-13 2.268932e-13
0 14 3.369410e-04 1.374912e-02 0 0 0 0 1.456838e-13 1.829171e-13
0 15 3.369410e-04 1.791952e-02 0 0 0 0 1.278410e-13 1.450928e-13
0 16 3.369410e-04 2.335489e-02 0 0 0 0 1.096827e-13 1.144448e-13
0 17 3.369410e-04 3.043893e-02 0 0 0 0 9.135987e-14 8.775428e-14
0 18 3.369410e-04 3.967171e-02 0 0 0 0 7.329164e-14 6.545442e-14
0 19 3.369410e-04 5.170498e-02 0 0 0 0 5.610829e-14 4.711045e-14
1 0 4.391424e-04 3.369410e-04 0 0 0 0 7.039504e-13 2.802449e-12
1 1 4.391424e-04 4.391424e-04 0 0 0 0 4.438939e-11 2.474012e-12
1 2 4.391424e-04 5.723437e-04 0 0 0 0 6.199658e-13 2.152546e-12
1 3 4.391424e-04 7.459478e-04 0 0 0 0 5.346310e-13 1.840084e-12
1 4 4.391424e-04 9.722096e-04 0 0 0 0 4.597123e-13 1.544664e-12
1 5 4.391424e-04 1.267102e-03 0 0 0 0 3.968380e-13 1.273356e-12
1 6 4.391424e-04 1.651440e-03 0 0 0 0 3.453929e-13 1.031436e-12
1 7 4.391424e-04 2.152358e-03 0 0 0 0 3.038592e-13 8.235980e-13
1 8 4.391424e-04 2.805213e-03 0 0 0 0 2.703536e-13 6.502429e-13
1 9 4.391424e-04 3.656095e-03 0 0 0 0 2.429531e-13 5.105919e-13
1 10 4.391424e-04 4.765066e-03 0 0 0 0 2.198934e-13 4.014070e-13
1 11 4.391424e-04 6.210412e-03 0 0 0 0 1.996785e-13 3.164911e-13
1 12 4.391424e-04 8.094162e-03 0 0 0 0 1.811181e-13 2.525347e-13
1 13 4.391424e-04 1.054929e-02 0 0 0 0 1.633244e-13 2.013108e-13
1 14 4.391424e-04 1.374912e-02 0 0 0 0 1.456857e-13 1.621644e-13
1 15 4.391424e-04 1.791952e-02 0 0 0 0 1.278430e-13 1.286220e-13
1 16 4.391424e-04 2.335489e-02 0 0 0 0 1.096849e-13 1.015517e-13
1 17 4.391424e-04 3.043893e-02 0 0 0 0 9.136228e-14 7.797839e-14
1 18 4.391424e-04 3.967171e-02 0 0 0 0 7.329418e-14 5.830803e-14
1 19 4.391424e-04 5.170498e-02 0 0 0 0 5.611082e-14 4.208617e-14
2 0 5.723437e-04 3.369410e-04 0 0 0 0 6.127014e-13 2.433503e-12
2 1 5.723437e-04 4.391424e-04 0 0 0 0 6.199658e-13 2.152546e-12
2 2 5.723437e-04 5.723437e-04 0 0 0 0 2.633710e-11 1.876905e-12
2 3 5.723437e-04 7.459478e-04 0 0 0 0 5.439387e-13 1.608191e-12
2 4 5.723437e-04 9.722096e-04 0 0 0 0 4.657973e-13 1.353213e-12
2 5 5.723437e-04 1.267102e-03 0 0 0 0 4.002475e-13 1.118066e-12
2 6 5.723437e-04 1.651440e-03 0 0 0 0 3.471544e-13 9.074655e-13
2 7 5.723437e-04 2.152358e-03 0 0 0 0 3.047124e-13 7.256531e-13
2 8 5.723437e-04 2.805213e-03 0 0 0 0 2.707451e-13 5.733217e-13
2 9 5.723437e-04 3.656095e-03 0 0 0 0 2.431252e-13 4.501071e-13
2 10 5.723437e-04 4.765066e-03 0 0 0 0 2.199679e-13 3.534438e-13
2 11 5.723437e-04 6.210412e-03 0 0 0 0 1.997123e-13 2.782108e-13
2 12 5.723437e-04 8.094162e-03 0 0 0 0 1.811366e-13 2.215309e-13
2 13 5.723437e-04 1.054929e-02 0 0 0 0 1.633376e-13 1.763204e-13
2 14 5.723437e-04 1.374912e-02 0 0 0 0 1.456977e-13 1.418862e-13
2 15 5.723437e-04 1.791952e-02 0 0 0 0 1.278550e-13 1.125123e-13
2 16 5.723437e-04 2.335489e-02 0 0 0 0 1.096971e-13 8.891202e-14
2 17 5.723437e-04 3.043893e-02 0 0 0 0 9.137449e-14 6.837012e-14
2 18 5.723437e-04 3.967171e-02 0 0 0 0 7.330621e-14 5.125829e-14
2 19 5.723437e-04 5.170498e-02 0 0 0 0 5.612237e-14 3.710972e-14
3 0 7.459478e-04 3.369410e-04 0 0 0 0 5.290618e-13 2.075925e-12
3 1 7.459478e-04 4.391424e-04 0 0 0 0 5.346310e-13 1.840084e-12
3 2 7.459478e-04 5.723437e-04 0 0 0 0 5.439387e-13 1.608191e-12
3 3 7.459478e-04 7.459478e-04 0 0 0 0 1.568461e-11 1.381491e-12
3 4 7.459478e-04 9.722096e-04 0 0 0 0 4.765220e-13 1.165612e-12
3 5 7.459478e-04 1.267102e-03 0 0 0 0 4.064023e-13 9.656379e-13
3 6 7.459478e-04 1.651440e-03 0 0 0 0 3.502869e-13 7.856288e-13
3 7 7.459478e-04 2.152358e-03 0 0 0 0 3.062003e-13 6.293594e-13
3 8 7.459478e-04 2.805213e-03 0 0 0 0 2.714107e-13 4.977649e-13
3 9 7.459478e-04 3.656095e-03 0 0 0 0 2.434054e-13 3.908121e-13
3 10 7.459478e-04 4.765066e-03 0 0 0 0 2.200785e-13 3.065567e-13
3 11 7.459478e-04 6.210412e-03 0 0 0 0 1.997529e-13 2.408982e-13
3 12 7.459478e-04 8.094162e-03 0 0 0 0 1.811509e-13 1.913841e-13
3 13 7.459478e-04 1.054929e-02 0 0 0 0 1.633432e-13 1.520519e-13
3 14 7.459478e-04 1.374912e-02 0 0 0 0 1.457011e-13 1.221920e-13
3 15 7.459478e-04 1.791952e-02 0 0 0 0 1.278585e-13 9.685122e-14
3 16 7.459478e-04 2.335489e-02 0 0 0 0 1.097011e-13 7.659293e-14
3 17 7.459478e-04 3.043893e-02 0 0 0 0 9.137906e-14 5.897856e-14
3 18 7.459478e-04 3.967171e-02 0 0 0 0 7.331112e-14 4.433833e-14
3 19 7.459478e-04 5.170498e-02 0 0 0 0 5.612747e-14 3.220190e-14
4 0 9.722096e-04 3.369410e-04 0 0 0 0 4.562709e-13 1.738991e-12
4 1 9.722096e-04 4.391424e-04 0 0 0 0 4.597123e-13 1.544664e-12
4 2 9.722096e-04 5.723437e-04 0 0 0 0 4.657973e-13 1.353213e-12
4 3 9.722096e-04 7.459478e-04 0 0 0 0 4.765220e-13 1.165612e-12
4 4 9.722096e-04 9.722096e-04 0 0 0 0 9.391985e-12 9.864266e-13
4 5 9.722096e-04 1.267102e-03 0 0 0 0 4.178519e-13 8.197211e-13
4 6 9.722096e-04 1.651440e-03 0 0 0 0 3.560966e-13 6.688152e-13
4 7 9.722096e-04 2.152358e-03 0 0 0 0 3.088915e-13 5.369931e-13
4 8 9.722096e-04 2.805213e-03 0 0 0 0 2.725861e-13 4.253445e-13
4 9 9.722096e-04 3.656095e-03 0 0 0 0 2.438881e-13 3.340793e-13
4 10 9.722096e-04 4.765066e-03 0 0 0 0 2.202616e-13 2.618324e-13
4 11 9.722096e-04 6.210412e-03 0 0 0 0 1.998142e-13 2.054273e-13
4 12 9.722096e-04 8.094162e-03 0 0 0 0 1.811662e-13 1.628108e-13
4 13 9.722096e-04 1.054929e-02 0 0 0 0 1.633437e-13 1.290917e-13
4 14 9.722096e-04 1.374912e-02 0 0 0 0 1.456978e-13 1.035644e-13
4 15 9.722096e-04 1.791952e-02 0 0 0 0 1.278554e-13 8.202461e-14
4 16 9.722096e-04 2.335489e-02 0 0 0 0 1.096990e-13 6.489852e-14
4 17 9.722096e-04 3.043893e-02 0 0 0 0 9.137774e-14 5.003514e-14
4 18 9.722096e-04 3.967171e-02 0 0 0 0 7.331024e-14 3.771686e-14
4 19 9.722096e-04 5.170498e-02 0 0 0 0 5.612664e-14 2.748041e-14
5 0 1.267102e-03 3.369410e-04 0 0 0 0 3.949121e-13 1.430744e-12
5 1 1.267102e-03 4.391424e-04 0 0 0 0 3.968380e-13 1.273356e-12
5 2 1.267102e-03 5.723437e-04 0 0 0 0 4.002475e-13 1.118066e-12
5 3 1.267102e-03 7.459478e-04 0 0 0 0 4.064023e-13 9.656379e-13
5 4 1.267102e-03 9.722096e-04 0 0 0 0 4.178519e-13 8.197211e-13
5 5 1.267102e-03 1.267102e-03 0 0 0 0 5.669310e-12 6.834857e-13
5 6 1.267102e-03 1.651440e-03 0 0 0 0 3.675373e-13 5.595362e-13
5 7 1.267102e-03 2.152358e-03 0 0 0 0 3.140354e-13 4.505734e-13
5 8 1.267102e-03 2.805213e-03 0 0 0 0 2.747561e-13 3.576386e-13
5 9 1.267102e-03 3.656095e-03 0 0 0 0 2.447585e-13 2.811242e-13
5 10 1.267102e-03 4.765066e-03 0 0 0 0 2.205879e-13 2.202301e-13
5 11 1.267102e-03 6.210412e-03 0 0 0 0 1.999238e-13 1.725598e-13
5 12 1.267102e-03 8.094162e-03 0 0 0 0 1.811958e-13 1.364288e-13
5 13 1.267102e-03 1.054929e-02 0 0 0 0 1.633470e-13 1.079456e-13
5 14 1.267102e-03 1.374912e-02 0 0 0 0 1.456949e-13 8.641991e-14
5 15 1.267102e-03 1.791952e-02 0 0 0 0 1.278525e-13 6.836862e-14
5 16 1.267102e-03 2.335489e-02 0 0 0 0 1.096979e-13 5.409680e-14
5 17 1.267102e-03 3.043893e-02 0 0 0 0 9.137799e-14 4.174607e-14
5 18 1.267102e-03 3.967171e-02 0 0 0 0 7.331121e-14 3.154637e-14
5 19 1.267102e-03 5.170498e-02 0 0 0 0 5.612772e-14 2.305318e-14
6 0 1.651440e-03 3.369410e-04 0 0 0 0 3.443908e-13 1.156965e-12
6 1 1.651440e-03 4.391424e-04 0 0 0 0 3.453929e-13 1.031436e-12
6 2 1.651440e-03 5.723437e-04 0 0 0 0 3.471544e-13 9.074655e-13
6 3 1.651440e-03 7.459478e-04 0 0 0 0 3.502869e-13 7.856288e-13
6 4 1.651440e-03 9.722096e-04 0 0 0 0 3.560966e-13 6.688152e-13
6 5 1.651440e-03 1.267102e-03 0 0 0 0 3.675373e-13 5.595362e-13
6 6 1.651440e-03 1.651440e-03 0 0 0 0 3.462358e-12 4.598257e-13
6 7 1.651440e-03 2.152358e-03 0 0 0 0 3.247928e-13 3.716944e-13
6 8 1.651440e-03 2.805213e-03 0 0 0 0 2.790292e-13 2.958838e-13
6 9 1.651440e-03 3.656095e-03 0 0 0 0 2.463926e-13 2.329108e-13
6 10 1.651440e-03 4.765066e-03 0 0 0 0 2.211822e-13 1.824958e-13
6 11 1.651440e-03 6.210412e-03 0 0 0 0 2.001205e-13 1.428581e-13
6 12 1.651440e-03 8.094162e-03 0 0 0 0 1.812488e-13 1.126814e-13
6 13 1.651440e-03 1.054929e-02 0 0 0 0 1.633539e-13 8.897178e-14
6 14 1.651440e-03 1.374912e-02 0 0 0 0 1.456906e-13 7.105575e-14
6 15 1.651440e-03 1.791952e-02 0 0 0 0 1.278483e-13 5.612961e-14
6 16 1.651440e-03 2.335489e-02 0 0 0 0 1.096965e-13 4.439200e-14
6 17 1.651440e-03 3.043893e-02 0 0 0 0 9.137913e-14 3.427409e-14
6 18 1.651440e-03 3.967171e-02 0 0 0 0 7.331358e-14 2.595290e-14
6 19 1.651440e-03 5.170498e-02 0 0 0 0 5.613025e-14 1.901402e-14
7 0 2.152358e-03 3.369410e-04 0 0 0 0 3.033733e-13 9.227673e-13
7 1 2.152358e-03 4.391424e-04 0 0 0 0 3.038592e-13 8.235980e-13
7 2 2.152358e-03 5.723437e-04 0 0 0 0 3.047124e-13 7.256531e-13
7 3 2.152358e-03 7.459478e-04 0 0 0 0 3.062003e-13 6.293594e-13
7 4 2.152358e-03 9.722096e-04 0 0 0 0 3.088915e-13 5.369931e-13
7 5 2.152358e-03 1.267102e-03 0 0 0 0 3.140354e-13 4.505734e-13
7 6 2.152358e-03 1.651440e-03 0 0 0 0 3.247928e-13 3.716944e-13
7 7 2.152358e-03 2.152358e-03 0 0 0 0 2.149986e-12 3.017564e-13
7 8 2.152358e-03 2.805213e-03 0 0 0 0 2.885792e-13 2.411459e-13
7 9 2.152358e-03 3.656095e-03 0 0 0 0 2.497196e-13 1.903419e-13
7 10 2.152358e-03 4.765066e-03 0 0 0 0 2.223216e-13 1.493374e-13
7 11 2.152358e-03 6.210412e-03 0 0 0 0 2.004846e-13 1.168430e-13
7 12 2.152358e-03 8.094162e-03 0 0 0 0 1.813455e-13 9.197834e-14
7 13 2.152358e-03 1.054929e-02 0 0 0 0 1.633666e-13 7.249249e-14
7 14 2.152358e-03 1.374912e-02 0 0 0 0 1.456833e-13 5.773591e-14
7 15 2.152358e-03 1.791952e-02 0 0 0 0 1.278412e-13 4.552863e-14
7 16 2.152358e-03 2.335489e-02 0 0 0 0 1.096939e-13 3.596811e-14
7 17 2.152358e-03 3.043893e-02 0 0 0 0 9.138070e-14 2.776587e-14
7 18 2.152358e-03 3.967171e-02 0 0 0 0 7.331730e-14 2.105102e-14
7 19 2.152358e-03 5.170498e-02 0 0 0 0 5.613420e-14 1.544988e-14
8 0 2.805213e-03 3.369410e-04 0 0 0 0 2.701318e-13 7.282064e-13
8 1 2.805213e-03 4.391424e-04 0 0 0 0 2.703536e-13 6.502429e-13
8 2 2.805213e-03 5.723437e-04 0 0 0 0 2.707451e-13 5.733217e-13
8 3 2.805213e-03 7.459478e-04 0 0 0 0 2.714107e-13 4.977649e-13
8 4 2.805213e-03 9.722096e-04 0 0 0 0 2.725861e-13 4.253445e-13
8 5 2.805213e-03 1.267102e-03 0 0 0 0 2.747561e-13 3.576386e-13
8 6 2.805213e-03 1.651440e-03 0 0 0 0 2.790292e-13 2.958838e-13
8 7 2.805213e-03 2.152358e-03 0 0 0 0 2.885792e-13 2.411459e-13
8 8 2.805213e-03 2.805213e-03 0 0 0 0 1.366019e-12 1.936479e-13
8 9 2.805213e-03 3.656095e-03 0 0 0 0 2.577357e-13 1.536064e-13
8 10 2.805213e-03 4.765066e-03 0 0 0 0 2.247367e-13 1.208788e-13
8 11 2.805213e-03 6.210412e-03 0 0 0 0 2.012049e-13 9.458580e-14
8 12 2.805213e-03 8.094162e-03 0 0 0 0 1.815315e-13 7.436377e-14
8 13 2.805213e-03 1.054929e-02 0 0 0 0 1.633928e-13 5.851915e-14
8 14 2.805213e-03 1.374912e-02 0 0 0 0 1.456718e-13 4.646726e-14
8 15 2.805213e-03 1.791952e-02 0 0 0 0 1.278290e-13 3.658074e-14
8 16 2.805213e-03 2.335489e-02 0 0 0 0 1.096896e-13 2.884881e-14
8 17 2.805213e-03 3.043893e-02 0 0 0 0 9.138334e-14 2.224909e-14
8 18 2.805213e-03 3.967171e-02 0 0 0 0 7.332368e-14 1.687180e-14
8 19 2.805213e-03 5.170498e-02 0 0 0 0 5.614097e-14 1.239210e-14
9 0 3.656095e-03 3.369410e-04 0 0 0 0 2.428578e-13 5.720186e-13
9 1 3.656095e-03 4.391424e-04 0 0 0 0 2.429531e-13 5.105919e-13
9 2 3.656095e-03 5.723437e-04 0 0 0 0 2.431252e-13 4.501071e-13
9 3 3.656095e-03 7.459478e-04 0 0 0 0 2.434054e-13 3.908121e-13
9 4 3.656095e-03 9.722096e-04 0 0 0 0 2.438881e-13 3.340793e-13
9 5 3.656095e-03 1.267102e-03 0 0 0 0 2.447585e-13 2.811242e-13
9 6 3.656095e-03 1.651440e-03 0 0 0 0 2.463926e-13 2.329108e-13
9 7 3.656095e-03 2.152358e-03 0 0 0 0 2.497196e-13 1.903419e-13
9 8 3.656095e-03 2.805213e-03 0 0 0 0 2.577357e-13 1.536064e-13
9 9 3.656095e-03 3.656095e-03 0 0 0 0 8.944311e-13 1.226297e-13
9 10 3.656095e-03 4.765066e-03 0 0 0 0 2.310915e-13 9.698288e-14
9 11 3.656095e-03 6.210412e-03 0 0 0 0 2.028162e-13 7.603922e-14
9 12 3.656095e-03 8.094162e-03 0 0 0 0 1.819214e-13 5.980331e-14
9 13 3.656095e-03 1.054929e-02 0 0 0 0 1.634515e-13 4.699461e-14
9 14 3.656095e-03 1.374912e-02 0 0 0 0 1.456548e-13 3.720221e-14
9 15 3.656095e-03 1.791952e-02 0 0 0 0 1.278087e-13 2.924694e-14
9 16 3.656095e-03 2.335489e-02 0 0 0 0 1.096822e-13 2.301126e-14
9 17 3.656095e-03 3.043893e-02 0 0 0 0 9.138782e-14 1.771750e-14
9 18 3.656095e-03 3.967171e-02 0 0 0 0 7.333448e-14 1.342225e-14
9 19 3.656095e-03 5.170498e-02 0 0 0 0 5.615253e-14 9.854175e-15
10 0 4.765066e-03 3.369410e-04 0 0 0 0 2.198552e-13 4.502447e-13
10 1 4.765066e-03 4.391424e-04 0 0 0 0 2.198934e-13 4.014070e-13
10 2 4.765066e-03 5.723437e-04 0 0 0 0 2.199679e-13 3.534438e-13
10 3 4.765066e-03 7.459478e-04 0 0 0 0 2.200785e-13 3.065567e-13
10 4 4.765066e-03 9.722096e-04 0 0 0 0 2.202616e-13 2.618324e-13
10 5 4.765066e-03 1.267102e-03 0 0 0 0 2.205879e-13 2.202301e-13
10 6 4.765066e-03 1.651440e-03 0 0 0 0 2.211822e-13 1.824958e-13
10 7 4.765066e-03 2.152358e-03 0 0 0 0 2.223216e-13 1.493374e-13
10 8 4.765066e-03 2.805213e-03 0 0 0 0 2.247367e-13 1.208788e-13
10 9 4.765066e-03 3.656095e-03 0 0 0 0 2.310915e-13 9.698288e-14
10 10 4.765066e-03 4.765066e-03 0 0 0 0 6.076574e-13 7.719264e-14
10 11 4.765066e-03 6.210412e-03 0 0 0 0 2.075524e-13 6.090142e-14
10 12 4.765066e-03 8.094162e-03 0 0 0 0 1.828764e-13 4.805639e-14
10 13 4.765066e-03 1.054929e-02 0 0 0 0 1.636009e-13 3.771275e-14
10 14 4.765066e-03 1.374912e-02 0 0 0 0 1.456342e-13 2.977601e-14
10 15 4.765066e-03 1.791952e-02 0 0 0 0 1.277753e-13 2.338146e-14
10 16 4.765066e-03 2.335489e-02 0 0 0 0 1.096696e-13 1.834095e-14
10 17 4.765066e-03 3.043893e-02 0 0 0 0 9.139531e-14 1.409234e-14
10 18 4.765066e-03 3.967171e-02 0 0 0 0 7.335266e-14 1.065369e-14
10 19 4.765066e-03 5.170498e-02 0 0 0 0 5.617214e-14 7.807902e-15
11 0 6.210412e-03 3.369410e-04 0 0 0 0 1.996638e-13 3.555657e-13
11 1 6.210412e-03 4.391424e-04 0 0 0 0 1.996785e-13 3.164911e-13
11 2 6.210412e-03 5.723437e-04 0 0 0 0 1.997123e-13 2.782108e-13
11 3 6.210412e-03 7.459478e-04 0 0 0 0 1.997529e-13 2.408982e-13
11 4 6.210412e-03 9.722096e-04 0 0 0 0 1.998142e-13 2.054273e-13
11 5 6.210412e-03 1.267102e-03 0 0 0 0 1.999238e-13 1.725598e-13
11 6 6.210412e-03 1.651440e-03 0 0 0 0 2.001205e-13 1.428581e-13
11 7 6.210412e-03 2.152358e-03 0 0 0 0 2.004846e-13 1.168430e-13
11 8 6.210412e-03 2.805213e-03 0 0 0 0 2.012049e-13 9.458580e-14
11 9 6.210412e-03 3.656095e-03 0 0 0 0 2.028162e-13 7.603922e-14
11 10 6.210412e-03 4.765066e-03 0 0 0 0 2.075524e-13 6.090142e-14
11 11 6.210412e-03 6.210412e-03 0 0 0 0 4.302831e-13 4.850497e-14
11 12 6.210412e-03 8.094162e-03 0 0 0 0 1.861614e-13 3.852088e-14
11 13 6.210412e-03 1.054929e-02 0 0 0 0 1.640597e-13 3.024053e-14
11 14 6.210412e-03 1.374912e-02 0 0 0 0 1.456291e-13 2.385478e-14
11 15 6.210412e-03 1.791952e-02 0 0 0 0 1.277221e-13 1.870542e-14
11 16 6.210412e-03 2.335489e-02 0 0 0 0 1.096480e-13 1.462025e-14
11 17 6.210412e-03 3.043893e-02 0 0 0 0 9.140755e-14 1.121299e-14
11 18 6.210412e-03 3.967171e-02 0 0 0 0 7.338340e-14 8.455047e-15
11 19 6.210412e-03 5.170498e-02 0 0 0 0 5.620529e-14 6.180618e-15
12 0 8.094162e-03 3.369410e-04 0 0 0 0 1.811125e-13 2.842439e-13
12 1 8.094162e-03 4.391424e-04 0 0 0 0 1.811181e-13 2.525347e-13
12 2 8.094162e-03 5.723437e-04 0 0 0 0 1.811366e-13 2.215309e-13
12 3 8.094162e-03 7.459478e-04 0 0 0 0 1.811509e-13 1.913841e-13
12 4 8.094162e-03 9.722096e-04 0 0 0 0 1.811662e-13 1.628108e-13
12 5 8.094162e-03 1.267102e-03 0 0 0 0 1.811958e-13 1.364288e-13
12 6 8.094162e-03 1.651440e-03 0 0 0 0 1.812488e-13 1.126814e-13
12 7 8.094162e-03 2.152358e-03 0 0 0 0 1.813455e-13 9.197834e-14
12 8 8.094162e-03 2.805213e-03 0 0 0 0 1.815315e-13 7.436377e-14
12 9 8.094162e-03 3.656095e-03 0 0 0 0 1.819214e-13 5.980331e-14
12 10 8.094162e-03 4.765066e-03 0 0 0 0 1.828764e-13 4.805639e-14
12 11 8.094162e-03 6.210412e-03 0 0 0 0 1.861614e-13 3.852088e-14
12 12 8.094162e-03 8.094162e-03 0 0 0 0 3.176697e-13 3.083043e-14
12 13 8.094162e-03 1.054929e-02 0 0 0 0 1.661382e-13 2.436210e-14
12 14 8.094162e-03 1.374912e-02 0 0 0 0 1.457514e-13 1.928407e-14
12 15 8.094162e-03 1.791952e-02 0 0 0 0 1.276464e-13 1.508948e-14
12 16 8.094162e-03 2.335489e-02 0 0 0 0 1.096113e-13 1.174839e-14
12 17 8.094162e-03 3.043893e-02 0 0 0 0 9.142719e-14 8.998491e-15
12 18 8.094162e-03 3.967171e-02 0 0 0 0 7.343482e-14 6.764839e-15
12 19 8.094162e-03 5.170498e-02 0 0 0 0 5.626143e-14 4.928960e-15
13 0 1.054929e-02 3.369410e-04 0 0 0 0 1.633218e-13 2.268932e-13
13 1 1.054929e-02 4.391424e-04 0 0 0 0 1.633244e-13 2.013108e-13
13 2 1.054929e-02 5.723437e-04 0 0 0 0 1.633376e-13 1.763204e-13
13 3 1.054929e-02 7.459478e-04 0 0 0 0 1.633432e-13 1.520519e-13
13 4 1.054929e-02 9.722096e-04 0 0 0 0 1.633437e-13 1.290917e-13
13 5 1.054929e-02 1.267102e-03 0 0 0 0 1.633470e-13 1.079456e-13
13 6 1.054929e-02 1.651440e-03 0 0 0 0 1.633539e-13 8.897178e-14
13 7 1.054929e-02 2.152358e-03 0 0 0 0 1.633666e-13 7.249249e-14
13 8 1.054929e-02 2.805213e-03 0 0 0 0 1.633928e-13 5.851915e-14
13 9 1.054929e-02 3.656095e-03 0 0 0 0 1.634515e-13 4.699461e-14
13 10 1.054929e-02 4.765066e-03 0 0 0 0 1.636009e-13 3.771275e-14
13 11 1.054929e-02 6.210412e-03 0 0 0 0 1.640597e-13 3.024053e-14
13 12 1.054929e-02 8.094162e-03 0 0 0 0 1.661382e-13 2.436210e-14
13 13 1.054929e-02 1.054929e-02 0 0 0 0 2.433769e-13 1.948573e-14
13 14 1.054929e-02 1.374912e-02 0 0 0 0 1.469091e-13 1.554677e-14
13 15 1.054929e-02 1.791952e-02 0 0 0 0 1.275894e-13 1.214624e-14
13 16 1.054929e-02 2.335489e-02 0 0 0 0 1.095510e-13 9.432543e-15
13 17 1.054929e-02 3.043893e-02 0 0 0 0 9.145722e-14 7.218551e-15
13 18 1.054929e-02 3.967171e-02 0 0 0 0 7.352013e-14 5.410380e-15
13 19 1.054929e-02 5.170498e-02 0 0 0 0 5.635606e-14 3.931647e-15
14 0 1.374912e-02 3.369410e-04 0 0 0 0 1.456838e-13 1.829171e-13
14 1 1.374912e-02 4.391424e-04 0 0 0 0 1.456857e-13 1.621644e-13
14 2 1.374912e-02 5.723437e-04 0 0 0 0 1.456977e-13 1.418862e-13
14 3 1.374912e-02 7.459478e-04 0 0 0 0 1.457011e-13 1.221920e-13
14 4 1.374912e-02 9.722096e-04 0 0 0 0 1.456978e-13 1.035644e-13
14 5 1.374912e-02 1.267102e-03 0 0 0 0 1.456949e-13 8.641991e-14
14 6 1.374912e-02 1.651440e-03 0 0 0 0 1.456906e-13 7.105575e-14
14 7 1.374912e-02 2.152358e-03 0 0 0 0 1.456833e-13 5.773591e-14
14 8 1.374912e-02 2.805213e-03 0 0 0 0 1.456718e-13 4.646726e-14
14 9 1.374912e-02 3.656095e-03 0 0 0 0 1.456548e-13 3.720221e-14
14 10 1.374912e-02 4.765066e-03 0 0 0 0 1.456342e-13 2.977601e-14
14 11 1.374912e-02 6.210412e-03 0 0 0 0 1.456291e-13 2.385478e-14
14 12 1.374912e-02 8.094162e-03 0 0 0 0 1.457514e-13 1.928407e-14
14 13 1.374912e-02 1.054929e-02 0 0 0 0 1.469091e-13 1.554677e-14
14 14 1.374912e-02 1.374912e-02 0 0 0 0 1.917678e-13 1.250995e-14
14 15 1.374912e-02 1.791952e-02 0 0 0 0 1.281330e-13 9.823922e-15
14 16 1.374912e-02 2.335489e-02 0 0 0 0 1.094730e-13 7.652242e-15
14 17 1.374912e-02 3.043893e-02 0 0 0 0 9.149972e-14 5.848431e-15
14 18 1.374912e-02 3.967171e-02 0 0 0 0 7.365903e-14 4.367128e-15
14 19 1.374912e-02 5.170498e-02 0 0 0 0 5.651472e-14 3.169612e-15
15 0 1.791952e-02 3.369410e-04 0 0 0 0 1.278410e-13 1.450928e-13
15 1 1.791952e-02 4.391424e-04 0 0 0 0 1.278430e-13 1.286220e-13
15 2 1.791952e-02 5.723437e-04 0 0 0 0 1.278550e-13 1.125123e-13
15 3 1.791952e-02 7.459478e-04 0 0 0 0 1.278585e-13 9.685122e-14
15 4 1.791952e-02 9.722096e-04 0 0 0 0 1.278554e-13 8.202461e-14
15 5 1.791952e-02 1.267102e-03 0 0 0 0 1.278525e-13 6.836862e-14
15 6 1.791952e-02 1.651440e-03 0 0 0 0 1.278483e-13 5.612961e-14
15 7 1.791952e-02 2.152358e-03 0 0 0 0 1.278412e-13 4.552863e-14
15 8 1.791952e-02 2.805213e-03 0 0 0 0 1.278290e-13 3.658074e-14
15 9 1.791952e-02 3.656095e-03 0 0 0 0 1.278087e-13 2.924694e-14
15 10 1.791952e-02 4.765066e-03 0 0 0 0 1.277753e-13 2.338146e-14
15 11 1.791952e-02 6.210412e-03 0 0 0 0 1.277221e-13 1.870542e-14
15 12 1.791952e-02 8.094162e-03 0 0 0 0 1.276464e-13 1.508948e-14
15 13 1.791952e-02 1.054929e-02 0 0 0 0 1.275894e-13 1.214624e-14
15 14 1.791952e-02 1.374912e-02 0 0 0 0 1.281330e-13 9.823922e-15
15 15 1.791952e-02 1.791952e-02 0 0 0 0 1.536674e-13 7.813530e-15
15 16 1.791952e-02 2.335489e-02 0 0 0 0 1.097185e-13 6.144649e-15
15 17 1.791952e-02 3.043893e-02 0 0 0 0 9.155711e-14 4.689189e-15
15 18 1.791952e-02 3.967171e-02 0 0 0 0 7.387774e-14 3.489415e-15
15 19 1.791952e-02 5.170498e-02 0 0 0 0 5.677793e-14 2.534141e-15
16 0 2.335489e-02 3.369410e-04 0 0 0 0 1.096827e-13 1.144448e-13
16 1 2.335489e-02 4.391424e-04 0 0 0 0 1.096849e-13 1.015517e-13
16 2 2.335489e-02 5.723437e-04 0 0 0 0 1.096971e-13 8.891202e-14
16 3 2.335489e-02 7.459478e-04 0 0 0 0 1.097011e-13 7.659293e-14
16 4 2.335489e-02 9.722096e-04 0 0 0 0 1.096990e-13 6.489852e-14
16 5 2.335489e-02 1.267102e-03 0 0 0 0 1.096979e-13 5.409680e-14
16 6 2.335489e-02 1.651440e-03 0 0 0 0 1.096965e-13 4.439200e-14
16 7 2.335489e-02 2.152358e-03 0 0 0 0 1.096939e-13 3.596811e-14
16 8 2.335489e-02 2.805213e-03 0 0 0 0 1.096896e-13 2.884881e-14
16 9 2.335489e-02 3.656095e-03 0 0 0 0 1.096822e-13 2.301126e-14
16 10 2.335489e-02 4.765066e-03 0 0 0 0 1.096696e-13 1.834095e-14
16 11 2.335489e-02 6.210412e-03 0 0 0 0 1.096480e-13 1.462025e-14
16 12 2.335489e-02 8.094162e-03 0 0 0 0 1.096113e-13 1.174839e-14
16 13 2.335489e-02 1.054929e-02 0 0 0 0 1.095510e-13 9.432543e-15
16 14 2.335489e-02 1.374912e-02 0 0 0 0 1.094730e-13 7.652242e-15
16 15 2.335489e-02 1.791952e-02 0 0 0 0 1.097185e-13 6.144649e-15
16 16 2.335489e-02 2.335489e-02 0 0 0 0 1.238060e-13 4.880683e-15
16 17 2.335489e-02 3.043893e-02 0 0 0 0 9.181413e-14 3.740005e-15
16 18 2.335489e-02 3.967171e-02 0 0 0 0 7.420261e-14 2.790997e-15
16 19 2.335489e-02 5.170498e-02 0 0 0 0 5.720577e-14 2.030522e-15
17 0 3.043893e-02 3.369410e-04 0 0 0 0 9.135987e-14 8.775428e-14
17 1 3.043893e-02 4.391424e-04 0 0 0 0 9.136228e-14 7.797839e-14
17 2 3.043893e-02 5.723437e-04 0 0 0 0 9.137449e-14 6.837012e-14
17 3 3.043893e-02 7.459478e-04 0 0 0 0 9.137906e-14 5.897856e-14
17 4 3.043893e-02 9.722096e-04 0 0 0 0 9.137774e-14 5.003514e-14
17 5 3.043893e-02 1.267102e-03 0 0 0 0 9.137799e-14 4.174607e-14
17 6 3.043893e-02 1.651440e-03 0 0 0 0 9.137913e-14 3.427409e-14
17 7 3.043893e-02 2.152358e-03 0 0 0 0 9.138070e-14 2.776587e-14
17 8 3.043893e-02 2.805213e-03 0 0 0 0 9.138334e-14 2.224909e-14
17 9 3.043893e-02 3.656095e-03 0 0 0 0 9.138782e-14 1.771750e-14
17 10 3.043893e-02 4.765066e-03 0 0 0 0 9.139531e-14 1.409234e-14
17 11 3.043893e-02 6.210412e-03 0 0 0 0 9.140755e-14 1.121299e-14
17 12 3.043893e-02 8.094162e-03 0 0 0 0 9.142719e-14 8.998491e-15
17 13 3.043893e-02 1.054929e-02 0 0 0 0 9.145722e-14 7.218551e-15
17 14 3.043893e-02 1.374912e-02 0 0 0 0 9.149972e-14 5.848431e-15
17 15 3.043893e-02 1.791952e-02 0 0 0 0 9.155711e-14 4.689189e-15
17 16 3.043893e-02 2.335489e-02 0 0 0 0 9.181413e-14 3.740005e-15
17 17 3.043893e-02 3.043893e-02 0 0 0 0 9.927731e-14 2.899908e-15
17 18 3.043893e-02 3.967171e-02 0 0 0 0 7.473755e-14 2.189498e-15
17 19 3.043893e-02 5.170498e-02 0 0 0 0 5.787267e-14 1.595952e-15
18 0 3.967171e-02 3.369410e-04 0 0 0 0 7.329164e-14 6.545442e-14
18 1 3.967171e-02 4.391424e-04 0 0 0 0 7.329418e-14 5.830803e-14
18 2 3.967171e-02 5.723437e-04 0 0 0 0 7.330621e-14 5.125829e-14
18 3 3.967171e-02 7.459478e-04 0 0 0 0 7.331112e-14 4.433833e-14
18 4 3.967171e-02 9.722096e-04 0 0 0 0 7.331024e-14 3.771686e-14
18 5 3.967171e-02 1.267102e-03 0 0 0 0 7.331121e-14 3.154637e-14
18 6 3.967171e-02 1.651440e-03 0 0 0 0 7.331358e-14 2.595290e-14
18 7 3.967171e-02 2.152358e-03 0 0 0 0 7.331730e-14 2.105102e-14
18 8 3.967171e-02 2.805213e-03 0 0 0 0 7.332368e-14 1.687180e-14
18 9 3.967171e-02 3.656095e-03 0 0 0 0 7.333448e-14 1.342225e-14
18 10 3.967171e-02 4.765066e-03 0 0 0 0 7.335266e-14 1.065369e-14
18 11 3.967171e-02 6.210412e-03 0 0 0 0 7.338340e-14 8.455047e-15
18 12 3.967171e-02 8.094162e-03 0 0 0 0 7.343482e-14 6.764839e-15
18 13 3.967171e-02 1.054929e-02 0 0 0 0 7.352013e-14 5.410380e-15
18 14 3.967171e-02 1.374912e-02 0 0 0 0 7.365903e-14 4.367128e-15
18 15 3.967171e-02 1.791952e-02 0 0 0 0 7.387774e-14 3.489415e-15
18 16 3.967171e-02 2.335489e-02 0 0 0 0 7.420261e-14 2.790997e-15
18 17 3.967171e-02 3.043893e-02 0 0 0 0 7.473755e-14 2.189498e-15
18 18 3.967171e-02 3.967171e-02 0 0 0 0 7.856017e-14 1.676164e-15
18 19 3.967171e-02 5.170498e-02 0 0 0 0 5.887494e-14 1.229443e-15
19 0 5.170498e-02 3.369410e-04 0 0 0 0 5.610829e-14 4.711045e-14
19 1 5.170498e-02 4.391424e-04 0 0 0 0 5.611082e-14 4.208617e-14
19 2 5.170498e-02 5.723437e-04 0 0 0 0 5.612237e-14 3.710972e-14
19 3 5.170498e-02 7.459478e-04 0 0 0 0 5.612747e-14 3.220190e-14
19 4 5.170498e-02 9.722096e-04 0 0 0 0 5.612664e-14 2.748041e-14
19 5 5.170498e-02 1.267102e-03 0 0 0 0 5.612772e-14 2.305318e-14
19 6 5.170498e-02 1.651440e-03 0 0 0 0 5.613025e-14 1.901402e-14
19 7 5.170498e-02 2.152358e-03 0 0 0 0 5.613420e-14 1.544988e-14
19 8 5.170498e-02 2.805213e-03 0 0 0 0 5.614097e-14 1.239210e-14
19 9 5.170498e-02 3.656095e-03 0 0 0 0 5.615253e-14 9.854175e-15
19 10 5.170498e-02 4.765066e-03 0 0 0 0 5.617214e-14 7.807902e-15
19 11 5.170498e-02 6.210412e-03 0 0 0 0 5.620529e-14 6.180618e-15
19 12 5.170498e-02 8.094162e-03 0 0 0 0 5.626143e-14 4.928960e-15
19 13 5.170498e-02 1.054929e-02 0 0 0 0 5.635606e-14 3.931647e-15
19 14 5.170498e-02 1.374912e-02 0 0 0 0 5.651472e-14 3.169612e-15
19 15 5.170498e-02 1.791952e-02 0 0 0 0 5.677793e-14 2.534141e-15
19 16 5.170498e-02 2.335489e-02 0 0 0 0 5.720577e-14 2.030522e-15
19 17 5.170498e-02 3.043893e-02 0 0 0 0 5.787267e-14 1.595952e-15
19 18 5.170498e-02 3.967171e-02 0 0 0 0 5.887494e-14 1.229443e-15
19 19 5.170498e-02 5.170498e-02 0 0 0 0 6.091796e-14 9.129607e-16
