7.507512999999999415e-11 7.674810000000000495e-13 6.683562999999999761e-13 5.778862999999999587e-13 4.994517000000000295e-13 4.335235000000000056e-13 3.793274999999999808e-13 3.353224000000000011e-13 2.995820000000000153e-13 2.701254000000000013e-13 2.451164000000000116e-13 2.229856000000000016e-13 2.024816000000000013e-13 1.826668999999999959e-13 1.628960999999999878e-13 1.428038000000000049e-13 1.222994000000000009e-13 1.015937000000000021e-13 8.120216999999999790e-14 6.186374999999999476e-14 -1.197745999999999958e-14 -2.774149999999999847e-14 -3.299673999999999904e-15 3.092257000000000028e-14 5.647907999999999793e-14 7.037459000000000114e-14 7.465134999999999927e-14 7.230474999999999541e-14 6.602485000000000316e-14 5.790715999999999647e-14 4.943650000000000094e-14 4.156743000000000184e-14 3.483334999999999793e-14 2.945443000000000084e-14 2.544066000000000110e-14 2.267935999999999940e-14 2.099249999999999865e-14 2.017717999999999865e-14 1.999975000000000081e-14 2.016984000000000117e-14
7.674810000000000495e-13 4.445232999999999987e-11 6.765536999999999952e-13 5.840481000000000345e-13 5.032110999999999620e-13 4.356067000000000123e-13 3.804008999999999892e-13 3.358381999999999816e-13 2.998150000000000205e-13 2.702242999999999919e-13 2.451550999999999860e-13 2.229999000000000018e-13 2.024866000000000098e-13 1.826688000000000072e-13 1.628974999999999882e-13 1.428053999999999945e-13 1.223013000000000122e-13 1.015958000000000027e-13 8.120440000000000031e-14 6.186594000000000437e-14 -6.618507999999999511e-16 -1.217935000000000019e-14 -2.909419000000000192e-14 -4.224981000000000091e-15 2.946267999999999856e-14 5.312479999999999897e-14 6.465248000000000251e-14 6.685640999999999492e-14 6.318520999999999790e-14 5.647481000000000309e-14 4.872945000000000220e-14 4.122269999999999988e-14 3.466522999999999945e-14 2.937135000000000187e-14 2.539865000000000103e-14 2.265734999999999887e-14 2.098045999999999856e-14 2.017030000000000040e-14 1.999565999999999881e-14 2.016732999999999869e-14
6.683562999999999761e-13 6.765536999999999952e-13 2.639346999999999861e-11 5.944150000000000476e-13 5.098796999999999726e-13 4.393010999999999849e-13 3.822910000000000015e-13 3.367458000000000028e-13 3.002279999999999805e-13 2.704041999999999900e-13 2.452323999999999780e-13 2.230348000000000040e-13 2.025058000000000114e-13 1.826828000000000110e-13 1.629103999999999881e-13 1.428185000000000089e-13 1.223145999999999906e-13 1.016092000000000009e-13 8.121765000000000028e-14 6.187865000000000059e-14 -6.781745999999999936e-17 -3.740786999999999938e-16 -1.219218999999999982e-14 -2.999466000000000055e-14 -5.029742999999999815e-15 2.741497999999999962e-14 4.874972000000000046e-14 5.791742000000000465e-14 5.845108000000000078e-14 5.406595000000000047e-14 4.753553000000000192e-14 4.063890999999999834e-14 3.438028999999999920e-14 2.923044999999999991e-14 2.532728999999999981e-14 2.261994999999999870e-14 2.095998999999999844e-14 2.015861000000000040e-14 1.998878000000000056e-14 2.016322999999999849e-14
5.778862999999999587e-13 5.840481000000000345e-13 5.944150000000000476e-13 1.573517999999999839e-11 5.217074000000000192e-13 4.459887000000000078e-13 3.856574000000000082e-13 3.383291000000000189e-13 3.009294999999999750e-13 2.706962999999999822e-13 2.453457000000000014e-13 2.230753999999999897e-13 2.025194000000000115e-13 1.826877000000000123e-13 1.629134000000000033e-13 1.428219000000000026e-13 1.223187999999999917e-13 1.016139999999999949e-13 8.122285999999999627e-14 6.188405999999999844e-14 -4.713472000000000183e-17 4.292785000000000073e-17 -4.954307000000000180e-17 -1.183827000000000057e-14 -3.030936000000000072e-14 -5.623644000000000075e-15 2.493407000000000010e-14 4.365869000000000261e-14 5.067007000000000020e-14 5.004606000000000132e-14 4.552693999999999821e-14 3.965280999999999914e-14 3.389775000000000064e-14 2.899171999999999771e-14 2.520620000000000005e-14 2.255642000000000139e-14 2.092524000000000079e-14 2.013877000000000045e-14 1.997705999999999965e-14 2.015617999999999929e-14
4.994517000000000295e-13 5.032110999999999620e-13 5.098796999999999726e-13 5.217074000000000192e-13 9.437521000000000535e-12 4.585105000000000181e-13 3.919209999999999816e-13 3.411982000000000213e-13 3.021696999999999923e-13 2.711996000000000170e-13 2.455335000000000160e-13 2.231363000000000062e-13 2.025330999999999935e-13 1.826866999999999904e-13 1.629092000000000022e-13 1.428182000000000124e-13 1.223165000000000019e-13 1.016127000000000018e-13 8.122201999999999605e-14 6.188327000000000183e-14 -4.373118000000000091e-17 4.248103999999999964e-17 1.586346000000000110e-16 3.271453000000000091e-16 -1.116386000000000072e-14 -2.989456999999999699e-14 -5.919698999999999716e-15 2.219081999999999876e-14 3.822018999999999756e-14 4.342810999999999720e-14 4.217262000000000014e-14 3.799370000000000046e-14 3.308236000000000061e-14 2.858752999999999774e-14 2.500096999999999967e-14 2.244857000000000024e-14 2.086625000000000020e-14 2.010510000000000084e-14 1.995716999999999924e-14 2.014418999999999966e-14
4.335235000000000056e-13 4.356067000000000123e-13 4.393010999999999849e-13 4.459887000000000078e-13 4.585105000000000181e-13 5.710483999999999601e-12 4.043399000000000147e-13 3.467013999999999771e-13 3.044638999999999766e-13 2.721085999999999882e-13 2.458684999999999837e-13 2.232454000000000031e-13 2.025602000000000117e-13 1.826876000000000050e-13 1.629047000000000046e-13 1.428146000000000042e-13 1.223152000000000088e-13 1.016131000000000055e-13 8.122324000000000359e-14 6.188455999999999677e-14 -5.266915999999999809e-17 1.170774000000000023e-17 7.774400999999999990e-17 2.690806000000000163e-16 7.111647000000000443e-16 -1.016423999999999968e-14 -2.872307999999999735e-14 -5.886752000000000090e-15 1.937056999999999874e-14 3.280839999999999882e-14 3.664294000000000295e-14 3.522141999999999716e-14 3.171065000000000105e-14 2.790453000000000143e-14 2.465365000000000017e-14 2.226570999999999868e-14 2.076617999999999934e-14 2.004798999999999940e-14 1.992341000000000005e-14 2.012384000000000003e-14
3.793274999999999808e-13 3.804008999999999892e-13 3.822910000000000015e-13 3.856574000000000082e-13 3.919209999999999816e-13 4.043399000000000147e-13 3.499754000000000195e-12 3.582968999999999755e-13 3.089991999999999886e-13 2.738196000000000099e-13 2.464802999999999974e-13 2.234418999999999912e-13 2.026090000000000104e-13 1.826904999999999878e-13 1.628978999999999919e-13 1.428091000000000099e-13 1.223135000000000119e-13 1.016145000000000059e-13 8.122605000000000254e-14 6.188748999999999937e-14 -6.228172999999999500e-17 -6.999011000000000298e-18 2.604494999999999945e-17 1.126418999999999953e-16 3.400413000000000119e-16 1.067480999999999961e-15 -8.914758000000000092e-15 -2.685638999999999857e-14 -5.543879999999999673e-15 1.664178000000000040e-14 2.774755999999999920e-14 3.064729000000000264e-14 2.941822999999999919e-14 2.675574000000000116e-14 2.406708000000000058e-14 2.195631000000000040e-14 2.059648000000000134e-14 1.995113000000000122e-14 1.986613999999999902e-14 2.008927000000000152e-14
3.353224000000000011e-13 3.358381999999999816e-13 3.367458000000000028e-13 3.383291000000000189e-13 3.411982000000000213e-13 3.467013999999999771e-13 3.582968999999999755e-13 2.184082000000000063e-12 3.192222999999999917e-13 2.773194999999999878e-13 2.476577000000000121e-13 2.238070999999999996e-13 2.026987999999999986e-13 1.826964999999999930e-13 1.628862000000000032e-13 1.427997999999999930e-13 1.223103000000000074e-13 1.016164000000000046e-13 8.123049999999999653e-14 6.189210000000000241e-14 -6.323100999999999709e-17 -1.426795999999999938e-17 2.816006999999999933e-18 4.206366999999999829e-17 1.166096000000000085e-16 3.803213999999999799e-16 1.343044999999999916e-15 -7.531649000000000202e-15 -2.443529999999999851e-14 -4.959644000000000330e-15 1.414081999999999930e-14 2.327642000000000047e-14 2.563492000000000122e-14 2.483662000000000085e-14 2.308067000000000039e-14 2.143420000000000107e-14 2.030935000000000095e-14 1.978698999999999930e-14 1.976902999999999851e-14 2.003061999999999967e-14
2.995820000000000153e-13 2.998150000000000205e-13 3.002279999999999805e-13 3.009294999999999750e-13 3.021696999999999923e-13 3.044638999999999766e-13 3.089991999999999886e-13 3.192222999999999917e-13 1.397186999999999911e-12 2.858382999999999999e-13 2.501696000000000047e-13 2.245349000000000049e-13 2.028740000000000098e-13 1.827114000000000115e-13 1.628672999999999981e-13 1.427837999999999959e-13 1.223051000000000096e-13 1.016197000000000037e-13 8.123812000000000039e-14 6.189999999999999373e-14 -6.476264999999999489e-17 -1.720945999999999871e-17 -5.375021000000000051e-18 1.675120999999999886e-17 3.658069000000000006e-17 1.125168000000000113e-16 3.859852999999999949e-16 1.500471999999999940e-15 -6.142328000000000124e-15 -2.165919000000000002e-14 -4.227760999999999714e-15 1.196147000000000068e-14 1.953466000000000019e-14 2.167098999999999915e-14 2.143425999999999974e-14 2.055663000000000050e-14 1.982508000000000146e-14 1.950928000000000055e-14 1.960455000000000102e-14 1.993115999999999943e-14
2.701254000000000013e-13 2.702242999999999919e-13 2.704041999999999900e-13 2.706962999999999822e-13 2.711996000000000170e-13 2.721085999999999882e-13 2.738196000000000099e-13 2.773194999999999878e-13 2.858382999999999999e-13 9.229452999999999326e-13 2.568668000000000158e-13 2.261819999999999949e-13 2.032488999999999883e-13 1.827514000000000042e-13 1.628375000000000117e-13 1.427571000000000067e-13 1.222960000000000072e-13 1.016253000000000052e-13 8.125102999999999846e-14 6.191347000000000457e-14 -6.533900999999999850e-17 -1.816240999999999949e-17 -8.163979000000000091e-18 8.328027999999999333e-18 1.106768000000000057e-17 3.099218999999999933e-17 1.014498999999999951e-16 3.583396999999999761e-16 1.530096999999999903e-15 -4.860990000000000127e-15 -1.874943999999999884e-14 -3.443839999999999967e-15 1.015442000000000063e-14 1.657048999999999920e-14 1.872188000000000042e-14 1.909366999999999931e-14 1.901176999999999930e-14 1.904098999999999862e-14 1.932636000000000033e-14 1.976272999999999997e-14
2.451164000000000116e-13 2.451550999999999860e-13 2.452323999999999780e-13 2.453457000000000014e-13 2.455335000000000160e-13 2.458684999999999837e-13 2.464802999999999974e-13 2.476577000000000121e-13 2.501696000000000047e-13 2.568668000000000158e-13 6.337021000000000166e-13 2.311204000000000074e-13 2.041931999999999907e-13 1.828708999999999968e-13 1.627953000000000111e-13 1.427125999999999911e-13 1.222804999999999958e-13 1.016347000000000041e-13 8.127276999999999712e-14 6.193632000000000533e-14 -6.528601000000000040e-17 -1.847322999999999888e-17 -8.975187999999999516e-18 5.818104999999999750e-18 3.604716999999999953e-18 7.808001999999999385e-18 2.586376000000000050e-17 8.427549999999999503e-17 3.079782000000000057e-16 1.445032999999999987e-15 -3.769610999999999951e-15 -1.591237000000000104e-14 -2.687024999999999915e-15 8.733055000000000066e-15 1.436090000000000031e-14 1.668826999999999852e-14 1.765758999999999906e-14 1.825528999999999849e-14 1.885730000000000135e-14 1.947794000000000111e-14
2.229856000000000016e-13 2.229999000000000018e-13 2.230348000000000040e-13 2.230753999999999897e-13 2.231363000000000062e-13 2.232454000000000031e-13 2.234418999999999912e-13 2.238070999999999996e-13 2.245349000000000049e-13 2.261819999999999949e-13 2.311204000000000074e-13 4.539657999999999820e-13 2.075650999999999917e-13 1.832873000000000010e-13 1.627537000000000035e-13 1.426403999999999896e-13 1.222535999999999921e-13 1.016498999999999938e-13 8.130950999999999621e-14 6.197496000000000313e-14 -6.514708000000000418e-17 -1.844909000000000018e-17 -9.301915999999999677e-18 5.155429000000000026e-18 1.569019000000000056e-18 1.553665000000000006e-18 6.386203000000000037e-18 1.961129999999999979e-17 6.513462000000000417e-17 2.464923000000000177e-16 1.275106000000000056e-15 -2.910155000000000052e-15 -1.331207999999999996e-14 -2.010085000000000003e-15 7.681589999999999457e-15 1.283385000000000008e-14 1.543610000000000011e-14 1.694873000000000118e-14 1.807097999999999925e-14 1.899790000000000052e-14
2.024816000000000013e-13 2.024866000000000098e-13 2.025058000000000114e-13 2.025194000000000115e-13 2.025330999999999935e-13 2.025602000000000117e-13 2.026090000000000104e-13 2.026987999999999986e-13 2.028740000000000098e-13 2.032488999999999883e-13 2.041931999999999907e-13 2.075650999999999917e-13 3.390363000000000222e-13 1.853656999999999883e-13 1.628170999999999990e-13 1.425313999999999999e-13 1.222072999999999977e-13 1.016743000000000058e-13 8.137094000000000557e-14 6.204040999999999555e-14 -6.511021999999999681e-17 -1.834508000000000007e-17 -9.259778000000000557e-18 4.987714999999999656e-18 9.382741000000000555e-19 2.744018999999999798e-20 1.552161999999999977e-18 4.431062000000000312e-18 1.382796999999999992e-17 4.687583000000000212e-17 1.839737000000000089e-16 1.056915999999999956e-15 -2.287393000000000130e-15 -1.105742999999999950e-14 -1.440719000000000051e-15 6.963273000000000292e-15 1.189038999999999953e-14 1.481039000000000123e-14 1.676488999999999936e-14 1.819357999999999852e-14
1.826668999999999959e-13 1.826688000000000072e-13 1.826828000000000110e-13 1.826877000000000123e-13 1.826866999999999904e-13 1.826876000000000050e-13 1.826904999999999878e-13 1.826964999999999930e-13 1.827114000000000115e-13 1.827514000000000042e-13 1.828708999999999968e-13 1.832873000000000010e-13 1.853656999999999883e-13 2.624314999999999809e-13 1.639181000000000112e-13 1.424165999999999942e-13 1.221287000000000125e-13 1.017112000000000013e-13 8.147277999999999699e-14 6.215080000000000009e-14 -6.510122000000000248e-17 -1.831206999999999904e-17 -9.355245000000000482e-18 5.000062000000000134e-18 9.195527000000000405e-19 -4.550497999999999797e-19 4.591523999999999828e-19 9.618838999999999451e-19 2.829942000000000160e-18 9.010557999999999352e-18 3.116104999999999952e-17 1.274552000000000057e-16 8.241620000000000000e-16 -1.880417999999999862e-15 -9.203652999999999830e-15 -9.868109999999999732e-16 6.527611000000000196e-15 1.141123999999999962e-14 1.463173999999999900e-14 1.685893999999999859e-14
1.628960999999999878e-13 1.628974999999999882e-13 1.629103999999999881e-13 1.629134000000000033e-13 1.629092000000000022e-13 1.629047000000000046e-13 1.628978999999999919e-13 1.628862000000000032e-13 1.628672999999999981e-13 1.628375000000000117e-13 1.627953000000000111e-13 1.627537000000000035e-13 1.628170999999999990e-13 1.639181000000000112e-13 2.084960999999999904e-13 1.428806999999999932e-13 1.220139999999999888e-13 1.017620000000000060e-13 8.163833000000000379e-14 6.233602999999999778e-14 -6.497915000000000295e-17 -1.813089999999999957e-17 -9.451251000000000740e-18 4.873096000000000313e-18 8.388209000000000399e-19 -4.627771999999999745e-19 1.890618000000000002e-19 1.853365000000000085e-19 4.954278999999999559e-19 1.530203000000000030e-18 5.020759999999999776e-18 1.815908000000000121e-17 7.965579000000000284e-17 6.014111000000000431e-16 -1.654137000000000041e-15 -7.760942000000000672e-15 -6.477754999999999687e-16 6.307867000000000229e-15 1.125346999999999943e-14 1.468289000000000063e-14
1.428038000000000049e-13 1.428053999999999945e-13 1.428185000000000089e-13 1.428219000000000026e-13 1.428182000000000124e-13 1.428146000000000042e-13 1.428091000000000099e-13 1.427997999999999930e-13 1.427837999999999959e-13 1.427571000000000067e-13 1.427125999999999911e-13 1.426403999999999896e-13 1.425313999999999999e-13 1.424165999999999942e-13 1.428806999999999932e-13 1.680668000000000054e-13 1.221946999999999943e-13 1.018237000000000046e-13 8.189824999999999639e-14 6.264370999999999965e-14 -6.481370999999999715e-17 -1.781917000000000069e-17 -9.465728000000000605e-18 4.889146999999999828e-18 7.894343999999999946e-19 -5.656582999999999832e-19 1.215336999999999893e-19 1.122897000000000031e-19 2.169263000000000029e-20 1.954436999999999922e-19 5.773463999999999989e-19 2.023647999999999834e-18 8.096553000000000339e-18 4.141136999999999753e-17 4.033143999999999869e-16 -1.571532999999999972e-15 -6.712645000000000039e-15 -4.273939000000000166e-16 6.216691000000000263e-15 1.124737999999999936e-14
1.222994000000000009e-13 1.223013000000000122e-13 1.223145999999999906e-13 1.223187999999999917e-13 1.223165000000000019e-13 1.223152000000000088e-13 1.223135000000000119e-13 1.223103000000000074e-13 1.223051000000000096e-13 1.222960000000000072e-13 1.222804999999999958e-13 1.222535999999999921e-13 1.222072999999999977e-13 1.221287000000000125e-13 1.220139999999999888e-13 1.221946999999999943e-13 1.359144999999999961e-13 1.020653999999999959e-13 8.228051999999999855e-14 6.314452000000000315e-14 -6.449286000000000397e-17 -1.734764000000000055e-17 -9.529569999999999745e-18 4.914849000000000186e-18 8.469653000000000303e-19 -5.134831999999999803e-19 7.757201999999999865e-20 9.972093999999999348e-21 1.698536000000000100e-20 -5.544904999999999588e-20 -1.036364000000000005e-19 -2.680639999999999936e-19 -5.225728999999999760e-19 -1.554913000000000109e-19 1.045464000000000032e-17 2.333945999999999922e-16 -1.602268000000000066e-15 -6.029937999999999889e-15 -3.397220999999999929e-16 6.155648000000000111e-15
1.015937000000000021e-13 1.015958000000000027e-13 1.016092000000000009e-13 1.016139999999999949e-13 1.016127000000000018e-13 1.016131000000000055e-13 1.016145000000000059e-13 1.016164000000000046e-13 1.016197000000000037e-13 1.016253000000000052e-13 1.016347000000000041e-13 1.016498999999999938e-13 1.016743000000000058e-13 1.017112000000000013e-13 1.017620000000000060e-13 1.018237000000000046e-13 1.020653999999999959e-13 1.091895999999999960e-13 8.287598999999999874e-14 6.392522999999999922e-14 -6.395360000000000150e-17 -1.663925999999999847e-17 -9.624761999999999878e-18 4.927833000000000147e-18 8.632667000000000035e-19 -4.841875000000000284e-19 1.505639999999999929e-19 4.343124999999999736e-20 -3.357839999999999763e-20 -4.328622999999999774e-20 -1.093904999999999881e-19 -3.514428999999999860e-19 -9.876922000000000622e-19 -2.776286999999999809e-18 -7.440928000000000409e-18 -1.588526999999999898e-17 8.912343000000000526e-17 -1.722199000000000042e-15 -5.673253999999999712e-15 -3.894923000000000240e-16
8.120216999999999790e-14 8.120440000000000031e-14 8.121765000000000028e-14 8.122285999999999627e-14 8.122201999999999605e-14 8.122324000000000359e-14 8.122605000000000254e-14 8.123049999999999653e-14 8.123812000000000039e-14 8.125102999999999846e-14 8.127276999999999712e-14 8.130950999999999621e-14 8.137094000000000557e-14 8.147277999999999699e-14 8.163833000000000379e-14 8.189824999999999639e-14 8.228051999999999855e-14 8.287598999999999874e-14 8.643101999999999687e-14 6.508026000000000253e-14 -6.309823000000000294e-17 -1.558863999999999935e-17 -9.755317000000000182e-18 4.923498999999999751e-18 8.527639000000000204e-19 -5.012678999999999765e-19 1.429172999999999960e-19 6.600375999999999481e-20 2.062905000000000091e-20 -1.487227999999999952e-20 -8.851614999999999613e-20 -1.701011000000000110e-19 -5.542555999999999984e-19 -1.589884000000000021e-18 -4.593235999999999708e-18 -1.323407000000000033e-17 -3.676957000000000117e-17 -2.726892000000000081e-17 -1.896657999999999905e-15 -5.571147000000000359e-15
6.186374999999999476e-14 6.186594000000000437e-14 6.187865000000000059e-14 6.188405999999999844e-14 6.188327000000000183e-14 6.188455999999999677e-14 6.188748999999999937e-14 6.189210000000000241e-14 6.189999999999999373e-14 6.191347000000000457e-14 6.193632000000000533e-14 6.197496000000000313e-14 6.204040999999999555e-14 6.215080000000000009e-14 6.233602999999999778e-14 6.264370999999999965e-14 6.314452000000000315e-14 6.392522999999999922e-14 6.508026000000000253e-14 6.696326000000000572e-14 -6.198341999999999894e-17 -1.401769000000000079e-17 -9.889300999999999730e-18 4.916873999999999988e-18 8.471042999999999646e-19 -5.186463999999999761e-19 1.194049000000000020e-19 3.882749000000000060e-20 -1.066386999999999938e-21 1.540704000000000132e-20 -5.405388000000000120e-21 -7.537144000000000029e-20 -1.538443000000000083e-19 -4.737700999999999732e-19 -1.408844999999999956e-18 -4.294619000000000213e-18 -1.339132000000000002e-17 -4.266522000000000261e-17 -9.721627999999999682e-17 -2.067428000000000114e-15
-1.197745999999999958e-14 -6.618507999999999511e-16 -6.781745999999999936e-17 -4.713472000000000183e-17 -4.373118000000000091e-17 -5.266915999999999809e-17 -6.228172999999999500e-17 -6.323100999999999709e-17 -6.476264999999999489e-17 -6.533900999999999850e-17 -6.528601000000000040e-17 -6.514708000000000418e-17 -6.511021999999999681e-17 -6.510122000000000248e-17 -6.497915000000000295e-17 -6.481370999999999715e-17 -6.449286000000000397e-17 -6.395360000000000150e-17 -6.309823000000000294e-17 -6.198341999999999894e-17 7.426075000000000384e-11 2.054105999999999856e-14 7.466130999999999519e-15 2.523055999999999952e-15 8.291115999999999848e-16 2.629204000000000173e-16 7.806226000000000512e-17 2.366750000000000137e-17 6.619545999999999983e-18 1.619288999999999905e-18 4.146239999999999768e-19 1.864750000000000035e-19 8.936625000000000442e-20 -3.863551999999999781e-21 -5.072034000000000004e-21 -1.603873999999999879e-20 3.133675999999999881e-22 2.803218999999999934e-21 -3.101857000000000154e-20 -1.772463000000000013e-19
-2.774149999999999847e-14 -1.217935000000000019e-14 -3.740786999999999938e-16 4.292785000000000073e-17 4.248103999999999964e-17 1.170774000000000023e-17 -6.999011000000000298e-18 -1.426795999999999938e-17 -1.720945999999999871e-17 -1.816240999999999949e-17 -1.847322999999999888e-17 -1.844909000000000018e-17 -1.834508000000000007e-17 -1.831206999999999904e-17 -1.813089999999999957e-17 -1.781917000000000069e-17 -1.734764000000000055e-17 -1.663925999999999847e-17 -1.558863999999999935e-17 -1.401769000000000079e-17 2.054105999999999856e-14 4.373399000000000316e-11 2.100050000000000036e-14 7.338413000000000310e-15 2.411654999999999939e-15 7.588379000000000041e-16 2.292230000000000074e-16 6.710089999999999399e-17 1.904573000000000104e-17 5.287103999999999751e-18 1.411681000000000000e-18 4.125534000000000180e-19 1.888896999999999942e-19 3.123074999999999895e-20 -8.646928999999999380e-21 -1.632783000000000080e-20 -3.024279000000000007e-20 -5.841712000000000245e-20 -1.077837999999999944e-19 -1.718655999999999959e-19
-3.299673999999999904e-15 -2.909419000000000192e-14 -1.219218999999999982e-14 -4.954307000000000180e-17 1.586346000000000110e-16 7.774400999999999990e-17 2.604494999999999945e-17 2.816006999999999933e-18 -5.375021000000000051e-18 -8.163979000000000091e-18 -8.975187999999999516e-18 -9.301915999999999677e-18 -9.259778000000000557e-18 -9.355245000000000482e-18 -9.451251000000000740e-18 -9.465728000000000605e-18 -9.529569999999999745e-18 -9.624761999999999878e-18 -9.755317000000000182e-18 -9.889300999999999730e-18 7.466130999999999519e-15 2.100050000000000036e-14 2.576289000000000111e-11 2.103264999999999912e-14 7.049543000000000016e-15 2.219238000000000110e-15 6.701772999999999692e-16 1.949338000000000004e-16 5.526131000000000166e-17 1.535143000000000060e-17 4.281054999999999905e-18 1.139608000000000030e-18 4.146082999999999761e-19 1.262793999999999929e-19 -9.846732999999999979e-21 9.239344999999999213e-22 4.844645000000000181e-21 1.708774999999999984e-20 3.122250000000000012e-20 5.634500999999999796e-20
3.092257000000000028e-14 -4.224981000000000091e-15 -2.999466000000000055e-14 -1.183827000000000057e-14 3.271453000000000091e-16 2.690806000000000163e-16 1.126418999999999953e-16 4.206366999999999829e-17 1.675120999999999886e-17 8.328027999999999333e-18 5.818104999999999750e-18 5.155429000000000026e-18 4.987714999999999656e-18 5.000062000000000134e-18 4.873096000000000313e-18 4.889146999999999828e-18 4.914849000000000186e-18 4.927833000000000147e-18 4.923498999999999751e-18 4.916873999999999988e-18 2.523055999999999952e-15 7.338413000000000310e-15 2.103264999999999912e-14 1.518303999999999990e-11 2.056683999999999875e-14 6.564247999999999691e-15 1.975573000000000124e-15 5.720692999999999732e-16 1.613001000000000096e-16 4.454217000000000247e-17 1.219601999999999991e-17 3.394570000000000034e-18 9.738086999999999234e-19 3.630375999999999829e-19 5.060224000000000197e-20 2.874432999999999934e-21 9.028063999999999447e-21 1.432644999999999999e-20 4.488315999999999646e-21 -4.002975000000000289e-21
5.647907999999999793e-14 2.946267999999999856e-14 -5.029742999999999815e-15 -3.030936000000000072e-14 -1.116386000000000072e-14 7.111647000000000443e-16 3.400413000000000119e-16 1.166096000000000085e-16 3.658069000000000006e-17 1.106768000000000057e-17 3.604716999999999953e-18 1.569019000000000056e-18 9.382741000000000555e-19 9.195527000000000405e-19 8.388209000000000399e-19 7.894343999999999946e-19 8.469653000000000303e-19 8.632667000000000035e-19 8.527639000000000204e-19 8.471042999999999646e-19 8.291115999999999848e-16 2.411654999999999939e-15 7.049543000000000016e-15 2.056683999999999875e-14 8.954027000000000253e-12 1.959652999999999975e-14 5.916345000000000096e-15 1.698577000000000030e-15 4.743347000000000002e-16 1.301842999999999922e-16 3.557861999999999904e-17 9.849136999999999887e-18 2.724168999999999837e-18 8.680022999999999978e-19 2.561873999999999904e-19 2.989972999999999799e-20 2.966539999999999749e-20 2.735087999999999710e-20 8.559568999999999569e-21 -3.760013000000000086e-21
7.037459000000000114e-14 5.312479999999999897e-14 2.741497999999999962e-14 -5.623644000000000075e-15 -2.989456999999999699e-14 -1.016423999999999968e-14 1.067480999999999961e-15 3.803213999999999799e-16 1.125168000000000113e-16 3.099218999999999933e-17 7.808001999999999385e-18 1.553665000000000006e-18 2.744018999999999798e-20 -4.550497999999999797e-19 -4.627771999999999745e-19 -5.656582999999999832e-19 -5.134831999999999803e-19 -4.841875000000000284e-19 -5.012678999999999765e-19 -5.186463999999999761e-19 2.629204000000000173e-16 7.588379000000000041e-16 2.219238000000000110e-15 6.564247999999999691e-15 1.959652999999999975e-14 5.285977000000000348e-12 1.814975999999999932e-14 5.158359999999999672e-15 1.416944999999999993e-15 3.841381999999999949e-16 1.040282999999999967e-16 2.854203000000000188e-17 8.121306999999999737e-18 2.330045999999999812e-18 7.708937000000000290e-19 1.863827000000000063e-19 7.439549999999999637e-20 5.378794999999999870e-20 2.116090999999999989e-20 -1.404646000000000044e-21
7.465134999999999927e-14 6.465248000000000251e-14 4.874972000000000046e-14 2.493407000000000010e-14 -5.919698999999999716e-15 -2.872307999999999735e-14 -8.914758000000000092e-15 1.343044999999999916e-15 3.859852999999999949e-16 1.014498999999999951e-16 2.586376000000000050e-17 6.386203000000000037e-18 1.552161999999999977e-18 4.591523999999999828e-19 1.890618000000000002e-19 1.215336999999999893e-19 7.757201999999999865e-20 1.505639999999999929e-19 1.429172999999999960e-19 1.194049000000000020e-19 7.806226000000000512e-17 2.292230000000000074e-16 6.701772999999999692e-16 1.975573000000000124e-15 5.916345000000000096e-15 1.814975999999999932e-14 3.125249000000000066e-12 1.632368999999999842e-14 4.360775999999999766e-15 1.153557999999999920e-15 3.073149999999999953e-16 8.346089000000000426e-17 2.343489000000000026e-17 6.938699999999999910e-18 2.153299999999999936e-18 7.010501999999999777e-19 1.940685000000000105e-19 1.110607999999999934e-19 5.042966999999999816e-20 5.671466999999999646e-21
7.230474999999999541e-14 6.685640999999999492e-14 5.791742000000000465e-14 4.365869000000000261e-14 2.219081999999999876e-14 -5.886752000000000090e-15 -2.685638999999999857e-14 -7.531649000000000202e-15 1.500471999999999940e-15 3.583396999999999761e-16 8.427549999999999503e-17 1.961129999999999979e-17 4.431062000000000312e-18 9.618838999999999451e-19 1.853365000000000085e-19 1.122897000000000031e-19 9.972093999999999348e-21 4.343124999999999736e-20 6.600375999999999481e-20 3.882749000000000060e-20 2.366750000000000137e-17 6.710089999999999399e-17 1.949338000000000004e-16 5.720692999999999732e-16 1.698577000000000030e-15 5.158359999999999672e-15 1.632368999999999842e-14 1.851664999999999865e-12 1.426599000000000129e-14 3.591714000000000208e-15 9.257508999999999417e-16 2.464639000000000032e-16 6.845419000000000537e-17 2.003945999999999983e-17 6.200964000000000217e-18 2.094586999999999808e-18 6.767526000000000408e-19 2.530211000000000048e-19 1.181515999999999923e-19 3.116188000000000132e-20
6.602485000000000316e-14 6.318520999999999790e-14 5.845108000000000078e-14 5.067007000000000020e-14 3.822018999999999756e-14 1.937056999999999874e-14 -5.543879999999999673e-15 -2.443529999999999851e-14 -6.142328000000000124e-15 1.530096999999999903e-15 3.079782000000000057e-16 6.513462000000000417e-17 1.382796999999999992e-17 2.829942000000000160e-18 4.954278999999999559e-19 2.169263000000000029e-20 1.698536000000000100e-20 -3.357839999999999763e-20 2.062905000000000091e-20 -1.066386999999999938e-21 6.619545999999999983e-18 1.904573000000000104e-17 5.526131000000000166e-17 1.613001000000000096e-16 4.743347000000000002e-16 1.416944999999999993e-15 4.360775999999999766e-15 1.426599000000000129e-14 1.100248999999999909e-12 1.214601999999999931e-14 2.905681999999999950e-15 7.424268000000000006e-16 2.016437000000000081e-16 5.837306000000000361e-17 1.800963000000000083e-17 5.879773999999999695e-18 2.069036000000000074e-18 7.107247000000000374e-19 2.976191000000000063e-19 1.056276000000000031e-19
5.790715999999999647e-14 5.647481000000000309e-14 5.406595000000000047e-14 5.004606000000000132e-14 4.342810999999999720e-14 3.280839999999999882e-14 1.664178000000000040e-14 -4.959644000000000330e-15 -2.165919000000000002e-14 -4.860990000000000127e-15 1.445032999999999987e-15 2.464923000000000177e-16 4.687583000000000212e-17 9.010557999999999352e-18 1.530203000000000030e-18 1.954436999999999922e-19 -5.544904999999999588e-20 -4.328622999999999774e-20 -1.487227999999999952e-20 1.540704000000000132e-20 1.619288999999999905e-18 5.287103999999999751e-18 1.535143000000000060e-17 4.454217000000000247e-17 1.301842999999999922e-16 3.841381999999999949e-16 1.153557999999999920e-15 3.591714000000000208e-15 1.214601999999999931e-14 6.562664999999999885e-13 1.012198000000000044e-14 2.336326000000000170e-15 6.051369999999999563e-16 1.711908000000000059e-16 5.226423000000000035e-17 1.709989999999999943e-17 5.845830999999999628e-18 2.099596999999999907e-18 7.748025999999999736e-19 3.072395999999999949e-19
4.943650000000000094e-14 4.872945000000000220e-14 4.753553000000000192e-14 4.552693999999999821e-14 4.217262000000000014e-14 3.664294000000000295e-14 2.774755999999999920e-14 1.414081999999999930e-14 -4.227760999999999714e-15 -1.874943999999999884e-14 -3.769610999999999951e-15 1.275106000000000056e-15 1.839737000000000089e-16 3.116104999999999952e-17 5.020759999999999776e-18 5.773463999999999989e-19 -1.036364000000000005e-19 -1.093904999999999881e-19 -8.851614999999999613e-20 -5.405388000000000120e-21 4.146239999999999768e-19 1.411681000000000000e-18 4.281054999999999905e-18 1.219601999999999991e-17 3.557861999999999904e-17 1.040282999999999967e-16 3.073149999999999953e-16 9.257508999999999417e-16 2.905681999999999950e-15 1.012198000000000044e-14 3.934089000000000081e-13 8.316942999999999272e-15 1.895689000000000027e-15 5.099956000000000075e-16 1.525175999999999996e-16 4.943296999999999805e-17 1.693120999999999944e-17 6.061242000000000061e-18 2.197639999999999886e-18 8.347995000000000314e-19
4.156743000000000184e-14 4.122269999999999988e-14 4.063890999999999834e-14 3.965280999999999914e-14 3.799370000000000046e-14 3.522141999999999716e-14 3.064729000000000264e-14 2.327642000000000047e-14 1.196147000000000068e-14 -3.443839999999999967e-15 -1.591237000000000104e-14 -2.910155000000000052e-15 1.056915999999999956e-15 1.274552000000000057e-16 1.815908000000000121e-17 2.023647999999999834e-18 -2.680639999999999936e-19 -3.514428999999999860e-19 -1.701011000000000110e-19 -7.537144000000000029e-20 1.864750000000000035e-19 4.125534000000000180e-19 1.139608000000000030e-18 3.394570000000000034e-18 9.849136999999999887e-18 2.854203000000000188e-17 8.346089000000000426e-17 2.464639000000000032e-16 7.424268000000000006e-16 2.336326000000000170e-15 8.316942999999999272e-15 2.373906000000000043e-13 6.806450999999999812e-15 1.578591999999999915e-15 4.501817000000000395e-16 1.434361999999999887e-16 4.887557000000000131e-17 1.744362999999999937e-17 6.418108999999999997e-18 2.349587999999999889e-18
3.483334999999999793e-14 3.466522999999999945e-14 3.438028999999999920e-14 3.389775000000000064e-14 3.308236000000000061e-14 3.171065000000000105e-14 2.941822999999999919e-14 2.563492000000000122e-14 1.953466000000000019e-14 1.015442000000000063e-14 -2.687024999999999915e-15 -1.331207999999999996e-14 -2.287393000000000130e-15 8.241620000000000000e-16 7.965579000000000284e-17 8.096553000000000339e-18 -5.225728999999999760e-19 -9.876922000000000622e-19 -5.542555999999999984e-19 -1.538443000000000083e-19 8.936625000000000442e-20 1.888896999999999942e-19 4.146082999999999761e-19 9.738086999999999234e-19 2.724168999999999837e-18 8.121306999999999737e-18 2.343489000000000026e-17 6.845419000000000537e-17 2.016437000000000081e-16 6.051369999999999563e-16 1.895689000000000027e-15 6.806450999999999812e-15 1.445146999999999941e-13 5.618566999999999855e-15 1.369424999999999962e-15 4.189909000000000159e-16 1.412669999999999987e-16 5.026869000000000303e-17 1.842502999999999940e-17 6.838642000000000254e-18
2.945443000000000084e-14 2.937135000000000187e-14 2.923044999999999991e-14 2.899171999999999771e-14 2.858752999999999774e-14 2.790453000000000143e-14 2.675574000000000116e-14 2.483662000000000085e-14 2.167098999999999915e-14 1.657048999999999920e-14 8.733055000000000066e-15 -2.010085000000000003e-15 -1.105742999999999950e-14 -1.880417999999999862e-15 6.014111000000000431e-16 4.141136999999999753e-17 -1.554913000000000109e-19 -2.776286999999999809e-18 -1.589884000000000021e-18 -4.737700999999999732e-19 -3.863551999999999781e-21 3.123074999999999895e-20 1.262793999999999929e-19 3.630375999999999829e-19 8.680022999999999978e-19 2.330045999999999812e-18 6.938699999999999910e-18 2.003945999999999983e-17 5.837306000000000361e-17 1.711908000000000059e-16 5.099956000000000075e-16 1.578591999999999915e-15 5.618566999999999855e-15 8.905960999999999567e-14 4.744541000000000195e-15 1.249111999999999934e-15 4.092817000000000060e-16 1.447160999999999999e-16 5.303046999999999759e-17 1.966812000000000039e-17
2.544066000000000110e-14 2.539865000000000103e-14 2.532728999999999981e-14 2.520620000000000005e-14 2.500096999999999967e-14 2.465365000000000017e-14 2.406708000000000058e-14 2.308067000000000039e-14 2.143425999999999974e-14 1.872188000000000042e-14 1.436090000000000031e-14 7.681589999999999457e-15 -1.440719000000000051e-15 -9.203652999999999830e-15 -1.654137000000000041e-15 4.033143999999999869e-16 1.045464000000000032e-17 -7.440928000000000409e-18 -4.593235999999999708e-18 -1.408844999999999956e-18 -5.072034000000000004e-21 -8.646928999999999380e-21 -9.846732999999999979e-21 5.060224000000000197e-20 2.561873999999999904e-19 7.708937000000000290e-19 2.153299999999999936e-18 6.200964000000000217e-18 1.800963000000000083e-17 5.226423000000000035e-17 1.525175999999999996e-16 4.501817000000000395e-16 1.369424999999999962e-15 4.744541000000000195e-15 5.586495999999999812e-14 4.151659000000000277e-15 1.198064000000000055e-15 4.163286999999999901e-16 1.523115000000000049e-16 5.655114000000000614e-17
2.267935999999999940e-14 2.265734999999999887e-14 2.261994999999999870e-14 2.255642000000000139e-14 2.244857000000000024e-14 2.226570999999999868e-14 2.195631000000000040e-14 2.143420000000000107e-14 2.055663000000000050e-14 1.909366999999999931e-14 1.668826999999999852e-14 1.283385000000000008e-14 6.963273000000000292e-15 -9.868109999999999732e-16 -7.760942000000000672e-15 -1.571532999999999972e-15 2.333945999999999922e-16 -1.588526999999999898e-17 -1.323407000000000033e-17 -4.294619000000000213e-18 -1.603873999999999879e-20 -1.632783000000000080e-20 9.239344999999999213e-22 2.874432999999999934e-21 2.989972999999999799e-20 1.863827000000000063e-19 7.010501999999999777e-19 2.094586999999999808e-18 5.879773999999999695e-18 1.709989999999999943e-17 4.943296999999999805e-17 1.434361999999999887e-16 4.189909000000000159e-16 1.249111999999999934e-15 4.151659000000000277e-15 3.597395999999999735e-14 3.796272999999999910e-15 1.200545000000000066e-15 4.360875000000000086e-16 1.621473000000000000e-16
2.099249999999999865e-14 2.098045999999999856e-14 2.095998999999999844e-14 2.092524000000000079e-14 2.086625000000000020e-14 2.076617999999999934e-14 2.059648000000000134e-14 2.030935000000000095e-14 1.982508000000000146e-14 1.901176999999999930e-14 1.765758999999999906e-14 1.543610000000000011e-14 1.189038999999999953e-14 6.527611000000000196e-15 -6.477754999999999687e-16 -6.712645000000000039e-15 -1.602268000000000066e-15 8.912343000000000526e-17 -3.676957000000000117e-17 -1.339132000000000002e-17 3.133675999999999881e-22 -3.024279000000000007e-20 4.844645000000000181e-21 9.028063999999999447e-21 2.966539999999999749e-20 7.439549999999999637e-20 1.940685000000000105e-19 6.767526000000000408e-19 2.069036000000000074e-18 5.845830999999999628e-18 1.693120999999999944e-17 4.887557000000000131e-17 1.412669999999999987e-16 4.092817000000000060e-16 1.198064000000000055e-15 3.796272999999999910e-15 2.407975000000000084e-14 3.634185999999999924e-15 1.243659999999999978e-15 4.628095000000000117e-16
2.017717999999999865e-14 2.017030000000000040e-14 2.015861000000000040e-14 2.013877000000000045e-14 2.010510000000000084e-14 2.004798999999999940e-14 1.995113000000000122e-14 1.978698999999999930e-14 1.950928000000000055e-14 1.904098999999999862e-14 1.825528999999999849e-14 1.694873000000000118e-14 1.481039000000000123e-14 1.141123999999999962e-14 6.307867000000000229e-15 -4.273939000000000166e-16 -6.029937999999999889e-15 -1.722199000000000042e-15 -2.726892000000000081e-17 -4.266522000000000261e-17 2.803218999999999934e-21 -5.841712000000000245e-20 1.708774999999999984e-20 1.432644999999999999e-20 2.735087999999999710e-20 5.378794999999999870e-20 1.110607999999999934e-19 2.530211000000000048e-19 7.107247000000000374e-19 2.099596999999999907e-18 6.061242000000000061e-18 1.744362999999999937e-17 5.026869000000000303e-17 1.447160999999999999e-16 4.163286999999999901e-16 1.200545000000000066e-15 3.634185999999999924e-15 1.702546000000000115e-14 3.623608999999999911e-15 1.310557000000000087e-15
1.999975000000000081e-14 1.999565999999999881e-14 1.998878000000000056e-14 1.997705999999999965e-14 1.995716999999999924e-14 1.992341000000000005e-14 1.986613999999999902e-14 1.976902999999999851e-14 1.960455000000000102e-14 1.932636000000000033e-14 1.885730000000000135e-14 1.807097999999999925e-14 1.676488999999999936e-14 1.463173999999999900e-14 1.125346999999999943e-14 6.216691000000000263e-15 -3.397220999999999929e-16 -5.673253999999999712e-15 -1.896657999999999905e-15 -9.721627999999999682e-17 -3.101857000000000154e-20 -1.077837999999999944e-19 3.122250000000000012e-20 4.488315999999999646e-21 8.559568999999999569e-21 2.116090999999999989e-20 5.042966999999999816e-20 1.181515999999999923e-19 2.976191000000000063e-19 7.748025999999999736e-19 2.197639999999999886e-18 6.418108999999999997e-18 1.842502999999999940e-17 5.303046999999999759e-17 1.523115000000000049e-16 4.360875000000000086e-16 1.243659999999999978e-15 3.623608999999999911e-15 1.291783999999999930e-14 3.713899000000000043e-15
2.016984000000000117e-14 2.016732999999999869e-14 2.016322999999999849e-14 2.015617999999999929e-14 2.014418999999999966e-14 2.012384000000000003e-14 2.008927000000000152e-14 2.003061999999999967e-14 1.993115999999999943e-14 1.976272999999999997e-14 1.947794000000000111e-14 1.899790000000000052e-14 1.819357999999999852e-14 1.685893999999999859e-14 1.468289000000000063e-14 1.124737999999999936e-14 6.155648000000000111e-15 -3.894923000000000240e-16 -5.571147000000000359e-15 -2.067428000000000114e-15 -1.772463000000000013e-19 -1.718655999999999959e-19 5.634500999999999796e-20 -4.002975000000000289e-21 -3.760013000000000086e-21 -1.404646000000000044e-21 5.671466999999999646e-21 3.116188000000000132e-20 1.056276000000000031e-19 3.072395999999999949e-19 8.347995000000000314e-19 2.349587999999999889e-18 6.838642000000000254e-18 1.966812000000000039e-17 5.655114000000000614e-17 1.621473000000000000e-16 4.628095000000000117e-16 1.310557000000000087e-15 3.713899000000000043e-15 1.058914000000000072e-14
