7.845875699999999302e-11 3.745316000000000558e-12 3.250676299999999922e-12 2.777641299999999808e-12 2.339540699999999945e-12 1.945425499999999948e-12 1.600523499999999930e-12 1.308548800000000027e-12 1.067327500000000028e-12 8.732824000000000635e-13 7.201946000000000138e-13 5.984956999999999658e-13 5.029397000000000042e-13 4.225896999999999982e-13 3.562850999999999881e-13 2.960785999999999861e-13 2.430025000000000038e-13 1.939596699999999847e-13 1.498906500000000021e-13 1.111282799999999962e-13 3.101464400000000313e-13 3.085192999999999817e-13 3.502840260000000177e-13 3.984557699999999922e-13 4.332227799999999749e-13 4.497408899999999888e-13 4.480857500000000327e-13 4.319512500000000069e-13 4.022038500000000442e-13 3.642833599999999896e-13 3.197316999999999633e-13 2.734565300000000346e-13 2.285622499999999736e-13 1.869503300000000048e-13 1.524488599999999999e-13 1.230334599999999898e-13 1.014247599999999998e-13 8.437554999999999584e-14 7.238749000000000511e-14 6.337616000000000074e-14
3.745316000000000558e-12 4.707794499999999686e-11 2.958006699999999947e-12 2.531620099999999725e-12 2.135799100000000134e-12 1.779650699999999995e-12 1.467836899999999961e-12 1.203434199999999852e-12 9.845049999999999535e-13 8.078998000000000065e-13 6.681159000000000410e-13 5.567701000000000168e-13 4.690495999999999767e-13 3.952477999999999993e-13 3.341223000000000090e-13 2.785130000000000069e-13 2.292835000000000095e-13 1.835847799999999839e-13 1.423343800000000044e-13 1.058394999999999955e-13 2.771579492000000056e-13 2.780286500000000060e-13 2.763454099999999846e-13 3.136602189999999652e-13 3.558680799999999693e-13 3.825189000000000413e-13 3.897853799999999969e-13 3.809357100000000181e-13 3.577950099999999771e-13 3.259370099999999931e-13 2.873448500000000385e-13 2.466655999999999824e-13 2.068203299999999999e-13 1.696807499999999937e-13 1.386942500000000176e-13 1.122064299999999950e-13 9.270265000000000132e-14 7.730401000000000636e-14 6.652941000000000045e-14 5.844894000000000742e-14
3.250676299999999922e-12 2.958006699999999947e-12 2.838023399999999921e-11 2.294429000000000179e-12 1.938369699999999776e-12 1.617999100000000058e-12 1.337853699999999914e-12 1.100204599999999926e-12 9.031323999999999818e-13 7.437362000000000475e-13 6.171172999999999558e-13 5.159979000000000222e-13 4.359932000000000228e-13 3.686017000000000368e-13 3.125166999999999784e-13 2.613735000000000272e-13 2.158672699999999922e-13 1.734144800000000166e-13 1.349015800000000041e-13 1.006176799999999930e-13 2.358085825400000003e-13 2.461823213000000127e-13 2.475269100000000201e-13 2.406033399999999840e-13 2.732506569999999733e-13 3.088393800000000104e-13 3.273060200000000307e-13 3.278668199999999873e-13 3.126277800000000228e-13 2.874673499999999706e-13 2.550743300000000081e-13 2.200478100000000095e-13 1.852477899999999998e-13 1.525597499999999902e-13 1.250795800000000081e-13 1.015178599999999870e-13 8.411805999999999488e-14 7.037258999999999519e-14 6.080424999999999559e-14 5.364672000000000095e-14
2.777641299999999808e-12 2.531620099999999725e-12 2.294429000000000179e-12 1.719361899999999942e-11 1.750566399999999822e-12 1.462690700000000102e-12 1.211867399999999877e-12 9.996139999999999046e-13 8.236731999999998916e-13 6.810952000000000522e-13 5.674180000000000769e-13 4.763544999999999571e-13 4.039166000000000159e-13 3.427715999999999770e-13 2.915660000000000018e-13 2.447337999999999805e-13 2.028062499999999771e-13 1.634821999999999837e-13 1.276091999999999911e-13 9.546759999999999905e-14 1.965500652799999939e-13 2.056635278500000048e-13 2.167184569299999955e-13 2.142350300000000026e-13 2.025022399999999960e-13 2.302557560000000021e-13 2.590068699999999945e-13 2.712414899999999851e-13 2.658338700000000118e-13 2.484800599999999816e-13 2.227886399999999953e-13 1.935924099999999938e-13 1.638758500000000070e-13 1.356271199999999870e-13 1.116430800000000053e-13 9.100048999999999103e-14 7.570093000000000478e-14 6.360898999999999865e-14 5.523733999999999917e-14 4.899323000000000035e-14
2.339540699999999945e-12 2.135799100000000134e-12 1.938369699999999776e-12 1.750566399999999822e-12 1.047609100000000103e-11 1.320459200000000154e-12 1.094378399999999912e-12 9.046974000000000867e-13 7.482632999999999707e-13 6.215348000000000226e-13 5.202120000000000052e-13 4.387860000000000046e-13 3.735894999999999905e-13 3.183858000000000185e-13 2.717864999999999951e-13 2.290069000000000286e-13 1.904258000000000013e-13 1.540354299999999953e-13 1.206372000000000032e-13 9.051415000000000767e-14 1.609294688200000060e-13 1.684789810399999992e-13 1.778488345999999960e-13 1.858222452999999938e-13 1.800860399999999991e-13 1.641340300000000225e-13 1.869976010000000074e-13 2.103204200000000066e-13 2.168138899999999808e-13 2.088865099999999912e-13 1.907315199999999900e-13 1.676714999999999889e-13 1.430832600000000010e-13 1.192166000000000022e-13 9.866344999999999042e-14 8.087771999999999871e-14 6.763454999999999932e-14 5.716403999999999792e-14 4.995572999999999498e-14 4.459771000000000263e-14
1.945425499999999948e-12 1.779650699999999995e-12 1.617999100000000058e-12 1.462690700000000102e-12 1.320459200000000154e-12 6.428286199999999287e-12 9.913072000000001444e-13 8.189433999999998848e-13 6.790867000000000007e-13 5.665305999999999529e-13 4.765844999999999470e-13 4.041272000000000150e-13 3.456811999999999831e-13 2.959877999999999760e-13 2.536264500000000214e-13 2.145556200000000026e-13 1.790161500000000025e-13 1.452987000000000037e-13 1.141533700000000100e-13 8.587851999999999746e-14 1.297339308399999989e-13 1.358431077399999786e-13 1.434329440099999803e-13 1.500247806000000048e-13 1.552411646999999983e-13 1.467375599999999988e-13 1.274677199999999925e-13 1.467442480000000064e-13 1.647320700000000144e-13 1.680599999999999927e-13 1.587492400000000158e-13 1.424073199999999989e-13 1.231006300000000007e-13 1.035726000000000059e-13 8.636195999999999807e-14 7.133356000000000023e-14 6.007172999999999449e-14 5.116335999999999445e-14 4.506548999999999542e-14 4.055147999999999999e-14
1.600523499999999930e-12 1.467836899999999961e-12 1.337853699999999914e-12 1.211867399999999877e-12 1.094378399999999912e-12 9.913072000000001444e-13 3.981599000000000148e-12 7.474565999999999839e-13 6.186030999999999816e-13 5.174686000000000151e-13 4.374307999999999924e-13 3.729956999999999674e-13 3.206566999999999821e-13 2.759475499999999999e-13 2.373909099999999611e-13 2.016326900000000283e-13 1.687870400000000086e-13 1.374394800000000108e-13 1.082875200000000033e-13 8.165754000000000356e-14 1.032505182699999984e-13 1.081039009889999968e-13 1.141234449500000035e-13 1.193250419000000072e-13 1.234036412999999943e-13 1.260989810000000134e-13 1.156393420000000049e-13 9.492990999999998379e-14 1.105868200000000034e-13 1.250550800000000015e-13 1.261633899999999976e-13 1.175399000000000150e-13 1.039264299999999914e-13 8.880091999999999619e-14 7.486932999999999497e-14 6.248891999999999936e-14 5.311434000000000155e-14 4.568838000000000030e-14 4.063479999999999993e-14 3.691241999999999722e-14
1.308548800000000027e-12 1.203434199999999852e-12 1.100204599999999926e-12 9.996139999999999046e-13 9.046974000000000867e-13 8.189433999999998848e-13 7.474565999999999839e-13 2.499759600000000015e-12 5.713452000000000402e-13 4.762663000000000342e-13 4.037700000000000052e-13 3.460054999999999841e-13 2.989553200000000049e-13 2.585986599999999926e-13 2.233507000000000027e-13 1.904653000000000083e-13 1.599285800000000094e-13 1.306106399999999967e-13 1.031600399999999920e-13 7.794248000000000192e-14 8.167988898999999513e-14 8.548065203999999522e-14 9.018224600699999824e-14 9.422042366999999613e-14 9.731501959999999631e-14 9.914409140000000896e-14 9.972539499999999746e-14 8.858084100000000605e-14 6.713708999999999853e-14 8.062819600000000243e-14 9.211314999999999914e-14 9.245650000000000342e-14 8.532611999999999266e-14 7.486827000000000911e-14 6.423900000000000274e-14 5.442243999999999928e-14 4.683750000000000111e-14 4.080235999999999826e-14 3.671879999999999547e-14 3.372829000000000360e-14
1.067327500000000028e-12 9.845049999999999535e-13 9.031323999999999818e-13 8.236731999999998916e-13 7.482632999999999707e-13 6.790867000000000007e-13 6.186030999999999816e-13 5.713452000000000402e-13 1.599540999999999838e-12 4.463122000000000014e-13 3.764688999999999813e-13 3.233955900000000142e-13 2.806441900000000193e-13 2.439424500000000194e-13 2.114988100000000072e-13 1.810575700000000088e-13 1.524594100000000064e-13 1.248392699999999938e-13 9.880393000000000488e-14 7.476709999999999804e-14 6.452222735000000999e-14 6.747864054000000178e-14 7.111956497899999278e-14 7.421708121000001102e-14 7.652978069000000312e-14 7.775548680000000614e-14 7.764918529999999441e-14 7.690274199999999150e-14 6.560376199999999737e-14 4.527692999999999477e-14 5.667490899999999956e-14 6.611597999999999168e-14 6.656955000000000587e-14 6.137179999999999907e-14 5.427490999999999824e-14 4.703947000000000151e-14 4.118939999999999991e-14 3.647088000000000070e-14 3.329323000000000161e-14 3.097965999999999585e-14
8.732824000000000635e-13 8.078998000000000065e-13 7.437362000000000475e-13 6.810952000000000522e-13 6.215348000000000226e-13 5.665305999999999529e-13 5.174686000000000151e-13 4.762663000000000342e-13 4.463122000000000014e-13 1.051042999999999846e-12 3.581896000000000331e-13 3.056435799999999847e-13 2.657783200000000040e-13 2.319143999999999837e-13 2.017652300000000208e-13 1.733528000000000144e-13 1.463453100000000012e-13 1.201135599999999953e-13 9.522420999999999648e-14 7.214467000000000090e-14 5.121158099000000436e-14 5.351710759000000045e-14 5.633621602100000358e-14 5.870027802799999833e-14 6.040507768000000732e-14 6.121265219000000239e-14 6.087673989999999849e-14 5.960805970000000332e-14 5.781935699999999586e-14 4.742717999999999613e-14 2.854185000000000525e-14 3.852958000000000080e-14 4.675916999999999891e-14 4.764220999999999915e-14 4.459604999999999858e-14 4.012193000000000310e-14 3.604247000000000051e-14 3.261382999999999771e-14 3.030102999999999847e-14 2.862260100000000071e-14
7.201946000000000138e-13 6.681159000000000410e-13 6.171172999999999558e-13 5.674180000000000769e-13 5.202120000000000052e-13 4.765844999999999470e-13 4.374307999999999924e-13 4.037700000000000052e-13 3.764688999999999813e-13 3.581896000000000331e-13 7.143663799999999847e-13 2.947804799999999964e-13 2.544547699999999780e-13 2.223328599999999877e-13 1.939593500000000171e-13 1.671793000000000003e-13 1.414552499999999944e-13 1.163456400000000065e-13 9.236804999999999939e-14 7.004562400000000722e-14 4.105950398999999998e-14 4.287890676999999588e-14 4.508399481200000288e-14 4.690325810500000037e-14 4.816541471700000318e-14 4.868857800199999825e-14 4.825970376000000370e-14 4.698262550000000276e-14 4.472309820000000163e-14 4.253502300000000091e-14 3.319935900000000171e-14 1.672052999999999641e-14 2.565673500000000215e-14 3.280401499999999944e-14 3.456003000000000082e-14 3.325023999999999813e-14 3.113729000000000232e-14 2.906422000000000194e-14 2.762422100000000361e-14 2.656857900000000088e-14
5.984956999999999658e-13 5.567701000000000168e-13 5.159979000000000222e-13 4.763544999999999571e-13 4.387860000000000046e-13 4.041272000000000150e-13 3.729956999999999674e-13 3.460054999999999841e-13 3.233955900000000142e-13 3.056435799999999847e-13 2.947804799999999964e-13 5.046921699999999433e-13 2.478743999999999985e-13 2.149428999999999989e-13 1.877299299999999988e-13 1.622232099999999794e-13 1.375471199999999930e-13 1.133625999999999950e-13 9.012084299999999206e-14 6.839772300000000364e-14 3.306850291999999635e-14 3.452333090999999594e-14 3.627015808400000089e-14 3.769266542900000483e-14 3.864392901899999827e-14 3.898078366499999848e-14 3.852259620299999615e-14 3.734800130000000317e-14 3.530259462000000155e-14 3.278506230000000067e-14 3.049200599999999662e-14 2.269948499999999852e-14 8.670019999999998836e-15 1.654480500000000083e-14 2.333778999999999855e-14 2.576281999999999922e-14 2.602543999999999795e-14 2.551357200000000058e-14 2.504514099999999878e-14 2.465767400000000144e-14
5.029397000000000042e-13 4.690495999999999767e-13 4.359932000000000228e-13 4.039166000000000159e-13 3.735894999999999905e-13 3.456811999999999831e-13 3.206566999999999821e-13 2.989553200000000049e-13 2.806441900000000193e-13 2.657783200000000040e-13 2.544547699999999780e-13 2.478743999999999985e-13 3.713179100000000123e-13 2.108821799999999923e-13 1.830186600000000006e-13 1.583373800000000020e-13 1.345040600000000086e-13 1.110800420000000099e-13 8.842578900000000245e-14 6.716578500000000086e-14 2.695017978000000047e-14 2.813677492000000055e-14 2.954815022200000170e-14 3.068671771500000141e-14 3.142517827409999756e-14 3.164989744018999782e-14 3.121143216200000341e-14 3.017892106200000135e-14 2.841805796999999814e-14 2.620041583000000061e-14 2.358427369999999947e-14 2.144881600000000123e-14 1.506578699999999720e-14 3.464060000000001309e-15 1.074973100000000105e-14 1.702341300000000050e-14 2.019543899999999925e-14 2.159885000000000268e-14 2.232026899999999871e-14 2.272748799999999922e-14
4.225896999999999982e-13 3.952477999999999993e-13 3.686017000000000368e-13 3.427715999999999770e-13 3.183858000000000185e-13 2.959877999999999760e-13 2.759475499999999999e-13 2.585986599999999926e-13 2.439424500000000194e-13 2.319143999999999837e-13 2.223328599999999877e-13 2.149428999999999989e-13 2.108821799999999923e-13 2.828468399999999645e-13 1.802086500000000250e-13 1.551414999999999908e-13 1.320026150000000080e-13 1.092574180000000039e-13 8.711619299999999638e-14 6.624025900000000105e-14 2.176183877999999729e-14 2.272785793000000046e-14 2.386677475500000101e-14 2.478403006200000193e-14 2.537031955270000042e-14 2.553581495020000009e-14 2.515759915240000060e-14 2.428862188390000081e-14 2.281604994200000109e-14 2.095564055799999992e-14 1.872033105000000004e-14 1.640103519999999807e-14 1.467751200000000017e-14 9.637622000000001025e-15 3.123130000000007817e-16 6.785142000000000081e-15 1.298832900000000114e-14 1.674106400000000078e-14 1.901894399999999826e-14 2.046716100000000007e-14
3.562850999999999881e-13 3.341223000000000090e-13 3.125166999999999784e-13 2.915660000000000018e-13 2.717864999999999951e-13 2.536264500000000214e-13 2.373909099999999611e-13 2.233507000000000027e-13 2.114988100000000072e-13 2.017652300000000208e-13 1.939593500000000171e-13 1.877299299999999988e-13 1.830186600000000006e-13 1.802086500000000250e-13 2.216048900000000005e-13 1.531714199999999893e-13 1.300225909999999794e-13 1.078746010000000098e-13 8.619303200000000623e-14 6.563315300000000061e-14 1.759317084999999933e-14 1.838974909999999887e-14 1.932101874900000004e-14 2.007603309599999793e-14 2.056091882090000021e-14 2.070408722280000070e-14 2.040385906180000030e-14 1.969944533650000038e-14 1.849778542789999824e-14 1.697413020300000049e-14 1.513458075999999976e-14 1.318241908000000030e-14 1.127159579000000035e-14 9.858074099999999723e-15 5.909558000000000090e-15 -1.651974000000000759e-15 4.412179500000000721e-15 1.048203699999999919e-14 1.471275500000000058e-14 1.755692100000000192e-14
2.960785999999999861e-13 2.785130000000000069e-13 2.613735000000000272e-13 2.447337999999999805e-13 2.290069000000000286e-13 2.145556200000000026e-13 2.016326900000000283e-13 1.904653000000000083e-13 1.810575700000000088e-13 1.733528000000000144e-13 1.671793000000000003e-13 1.622232099999999794e-13 1.583373800000000020e-13 1.551414999999999908e-13 1.531714199999999893e-13 1.762473820000000106e-13 1.286211809999999944e-13 1.067213060000000033e-13 8.553549499999999146e-14 6.527916999999999850e-14 1.388828629000000058e-14 1.453284083000000034e-14 1.527815427200000063e-14 1.588883914700000122e-14 1.628557943439999946e-14 1.641492434169999812e-14 1.619581153369999874e-14 1.565455228970000006e-14 1.471327169262999979e-14 1.350393544369999974e-14 1.202845734640000043e-14 1.045086364799999909e-14 8.875858553000000248e-15 7.379075370000000035e-15 6.418949400000000016e-15 3.271051999999999810e-15 -2.766203999999999934e-15 2.786908099999999710e-15 8.896863000000000223e-15 1.349659699999999980e-14
2.430025000000000038e-13 2.292835000000000095e-13 2.158672699999999922e-13 2.028062499999999771e-13 1.904258000000000013e-13 1.790161500000000025e-13 1.687870400000000086e-13 1.599285800000000094e-13 1.524594100000000064e-13 1.463453100000000012e-13 1.414552499999999944e-13 1.375471199999999930e-13 1.345040600000000086e-13 1.320026150000000080e-13 1.300225909999999794e-13 1.286211809999999944e-13 1.410129319999999992e-13 1.059669069999999970e-13 8.518661099999999902e-14 6.525456199999999871e-14 1.076218713999999879e-14 1.128112236000000015e-14 1.187330043000000138e-14 1.236818484900000093e-14 1.269879696530000078e-14 1.282656651679999868e-14 1.268762757202000011e-14 1.229643997209399882e-14 1.158970698536000071e-14 1.066356455095000077e-14 9.517359363599998902e-15 8.280836935999999954e-15 7.036113427099999829e-15 5.833437508699999865e-15 4.803443639999999947e-15 4.079751600000000579e-15 1.491962000000000123e-15 -3.544543999999999877e-15 1.728842900000000173e-15 7.894723999999999895e-15
1.939596699999999847e-13 1.835847799999999839e-13 1.734144800000000166e-13 1.634821999999999837e-13 1.540354299999999953e-13 1.452987000000000037e-13 1.374394800000000108e-13 1.306106399999999967e-13 1.248392699999999938e-13 1.201135599999999953e-13 1.163456400000000065e-13 1.133625999999999950e-13 1.110800420000000099e-13 1.092574180000000039e-13 1.078746010000000098e-13 1.067213060000000033e-13 1.059669069999999970e-13 1.122107589999999918e-13 8.515302799999999320e-14 6.558181700000000407e-14 8.065663400000000370e-15 8.473717740000000372e-15 8.929584237999999632e-15 9.319244832999998840e-15 9.585804266700000481e-15 9.704298812499999361e-15 9.626216563999999964e-15 9.357540431250000708e-15 8.849370421600000414e-15 8.170164713769999554e-15 7.316427609499999531e-15 6.383649557100000175e-15 5.432227307799999474e-15 4.502467712999999754e-15 3.689508071999999669e-15 2.950081730000000089e-15 2.482147429999999982e-15 1.959729999999997629e-16 -4.097661999999999254e-15 9.188566999999999095e-16
1.498906500000000021e-13 1.423343800000000044e-13 1.349015800000000041e-13 1.276091999999999911e-13 1.206372000000000032e-13 1.141533700000000100e-13 1.082875200000000033e-13 1.031600399999999920e-13 9.880393000000000488e-14 9.522420999999999648e-14 9.236804999999999939e-14 9.012084299999999206e-14 8.842578900000000245e-14 8.711619299999999638e-14 8.619303200000000623e-14 8.553549499999999146e-14 8.518661099999999902e-14 8.515302799999999320e-14 8.817129099999999292e-14 6.635430399999999756e-14 5.800629769999999794e-15 6.114309359999999869e-15 6.453369682999999605e-15 6.752509499000000314e-15 6.962852763899999953e-15 7.071495732100000396e-15 7.043142917300000258e-15 6.877398003759999459e-15 6.537593629049999991e-15 6.068408127720000168e-15 5.464603483850000006e-15 4.793067898900000507e-15 4.095972744399999962e-15 3.405689115999999615e-15 2.795308763999999964e-15 2.237711929999999878e-15 1.786566430000000010e-15 1.431703080000000010e-15 -7.150039999999998541e-16 -4.605889800000000416e-15
1.111282799999999962e-13 1.058394999999999955e-13 1.006176799999999930e-13 9.546759999999999905e-14 9.051415000000000767e-14 8.587851999999999746e-14 8.165754000000000356e-14 7.794248000000000192e-14 7.476709999999999804e-14 7.214467000000000090e-14 7.004562400000000722e-14 6.839772300000000364e-14 6.716578500000000086e-14 6.624025900000000105e-14 6.563315300000000061e-14 6.527916999999999850e-14 6.525456199999999871e-14 6.558181700000000407e-14 6.635430399999999756e-14 6.790759500000000807e-14 3.998211580000000445e-15 4.234960310000000428e-15 4.476997699000000075e-15 4.699418874000000034e-15 4.858731104300000101e-15 4.952128353600000434e-15 4.954993404899999906e-15 4.863147827489999754e-15 4.649978933612999584e-15 4.342233407040000351e-15 3.934254594611999891e-15 3.471433628560000114e-15 2.982563155699999981e-15 2.492111229900000004e-15 2.052901155000000077e-15 1.648336381000000059e-15 1.321921680000000084e-15 1.021748779999999911e-15 7.640225199999999783e-16 -1.366556300000000137e-15
3.101464400000000313e-13 2.771579492000000056e-13 2.358085825400000003e-13 1.965500652799999939e-13 1.609294688200000060e-13 1.297339308399999989e-13 1.032505182699999984e-13 8.167988898999999513e-14 6.452222735000000999e-14 5.121158099000000436e-14 4.105950398999999998e-14 3.306850291999999635e-14 2.695017978000000047e-14 2.176183877999999729e-14 1.759317084999999933e-14 1.388828629000000058e-14 1.076218713999999879e-14 8.065663400000000370e-15 5.800629769999999794e-15 3.998211580000000445e-15 7.429889296999999973e-11 5.996394999999999967e-14 4.837944100000000405e-14 4.434294599999999682e-14 4.279833159999999558e-14 4.149709039999999992e-14 3.948439226000000062e-14 3.676630750000000287e-14 3.311280954599999976e-14 2.905259928899999941e-14 2.466228462399999932e-14 2.041299647499999924e-14 1.658020936625000039e-14 1.319409613644800021e-14 1.055725492796600106e-14 8.377904961260000007e-15 6.804745313367599913e-15 5.576794803219000141e-15 4.653838981429999808e-15 3.938436753700000566e-15
3.085192999999999817e-13 2.780286500000000060e-13 2.461823213000000127e-13 2.056635278500000048e-13 1.684789810399999992e-13 1.358431077399999786e-13 1.081039009889999968e-13 8.548065203999999522e-14 6.747864054000000178e-14 5.351710759000000045e-14 4.287890676999999588e-14 3.452333090999999594e-14 2.813677492000000055e-14 2.272785793000000046e-14 1.838974909999999887e-14 1.453284083000000034e-14 1.128112236000000015e-14 8.473717740000000372e-15 6.114309359999999869e-15 4.234960310000000428e-15 5.996394999999999967e-14 4.377478150000000511e-11 6.338462000000000482e-14 5.070798299999999636e-14 4.598548500000000022e-14 4.362194790000000074e-14 4.124774299999999708e-14 3.836789090000000254e-14 3.458179572999999957e-14 3.037604710400000517e-14 2.581258168099999947e-14 2.138029255339999889e-14 1.736790888969999821e-14 1.381688123075000120e-14 1.104879135307100155e-14 8.758591672170000049e-15 7.107372757209999798e-15 5.818144582879999697e-15 4.851589216199999982e-15 4.103670134399999354e-15
3.502840260000000177e-13 2.763454099999999846e-13 2.475269100000000201e-13 2.167184569299999955e-13 1.778488345999999960e-13 1.434329440099999803e-13 1.141234449500000035e-13 9.018224600699999824e-14 7.111956497899999278e-14 5.633621602100000358e-14 4.508399481200000288e-14 3.627015808400000089e-14 2.954815022200000170e-14 2.386677475500000101e-14 1.932101874900000004e-14 1.527815427200000063e-14 1.187330043000000138e-14 8.929584237999999632e-15 6.453369682999999605e-15 4.476997699000000075e-15 4.837944100000000405e-14 6.338462000000000482e-14 2.580699263000000063e-11 6.623257000000000330e-14 5.253970299999999923e-14 4.703644800000000286e-14 4.362794729999999976e-14 4.037949379999999708e-14 3.639070130999999844e-14 3.200326143000000378e-14 2.723383105500000003e-14 2.258207960800000054e-14 1.835058460830000085e-14 1.459603627940000137e-14 1.166355015326700033e-14 9.233522923934501028e-15 7.483574844644999334e-15 6.116496087749999691e-15 5.095181222500000267e-15 4.306476345009999980e-15
3.984557699999999922e-13 3.136602189999999652e-13 2.406033399999999840e-13 2.142350300000000026e-13 1.858222452999999938e-13 1.500247806000000048e-13 1.193250419000000072e-13 9.422042366999999613e-14 7.421708121000001102e-14 5.870027802799999833e-14 4.690325810500000037e-14 3.769266542900000483e-14 3.068671771500000141e-14 2.478403006200000193e-14 2.007603309599999793e-14 1.588883914700000122e-14 1.236818484900000093e-14 9.319244832999998840e-15 6.752509499000000314e-15 4.699418874000000034e-15 4.434294599999999682e-14 5.070798299999999636e-14 6.623257000000000330e-14 1.522946818999999901e-11 6.740880999999999971e-14 5.280668800000000095e-14 4.638866299999999937e-14 4.221069930000000107e-14 3.790356010000000092e-14 3.334992216999999781e-14 2.842623601999999776e-14 2.360662457000000016e-14 1.919637380870000227e-14 1.526984303759999866e-14 1.219304060223999866e-14 9.637458874432999542e-15 7.798729028064000239e-15 6.360732326450000393e-15 5.291262488315999952e-15 4.467193997025000412e-15
4.332227799999999749e-13 3.558680799999999693e-13 2.732506569999999733e-13 2.025022399999999960e-13 1.800860399999999991e-13 1.552411646999999983e-13 1.234036412999999943e-13 9.731501959999999631e-14 7.652978069000000312e-14 6.040507768000000732e-14 4.816541471700000318e-14 3.864392901899999827e-14 3.142517827409999756e-14 2.537031955270000042e-14 2.056091882090000021e-14 1.628557943439999946e-14 1.269879696530000078e-14 9.585804266700000481e-15 6.962852763899999953e-15 4.858731104300000101e-15 4.279833159999999558e-14 4.598548500000000022e-14 5.253970299999999923e-14 6.740880999999999971e-14 9.001428390000000551e-12 6.653102999999999909e-14 5.113507499999999403e-14 4.421300699999999675e-14 3.911741470000000304e-14 3.433044429999999625e-14 2.929986862000000041e-14 2.437618913700000059e-14 1.984348416899999849e-14 1.579076800230000165e-14 1.260012618739999866e-14 9.941211899730000647e-15 8.028641665400000535e-15 6.530332350880000495e-15 5.422367559569000557e-15 4.570731239987000160e-15
4.497408899999999888e-13 3.825189000000000413e-13 3.088393800000000104e-13 2.302557560000000021e-13 1.641340300000000225e-13 1.467375599999999988e-13 1.260989810000000134e-13 9.914409140000000896e-14 7.775548680000000614e-14 6.121265219000000239e-14 4.868857800199999825e-14 3.898078366499999848e-14 3.164989744018999782e-14 2.553581495020000009e-14 2.070408722280000070e-14 1.641492434169999812e-14 1.282656651679999868e-14 9.704298812499999361e-15 7.071495732100000396e-15 4.952128353600000434e-15 4.149709039999999992e-14 4.362194790000000074e-14 4.703644800000000286e-14 5.280668800000000095e-14 6.653102999999999909e-14 5.332643280000000707e-12 6.332357000000000278e-14 4.778256999999999735e-14 4.027552500000000397e-14 3.488950819999999718e-14 2.973266829999999914e-14 2.476855202999999858e-14 2.019057130699999984e-14 1.607960004599999914e-14 1.282383089370000121e-14 1.009932638270000013e-14 8.137534395500000864e-15 6.597037787950000587e-15 5.465361160909999880e-15 4.597493595354000375e-15
4.480857500000000327e-13 3.897853799999999969e-13 3.273060200000000307e-13 2.590068699999999945e-13 1.869976010000000074e-13 1.274677199999999925e-13 1.156393420000000049e-13 9.972539499999999746e-14 7.764918529999999441e-14 6.087673989999999849e-14 4.825970376000000370e-14 3.852259620299999615e-14 3.121143216200000341e-14 2.515759915240000060e-14 2.040385906180000030e-14 1.619581153369999874e-14 1.268762757202000011e-14 9.626216563999999964e-15 7.043142917300000258e-15 4.954993404899999906e-15 3.948439226000000062e-14 4.124774299999999708e-14 4.362794729999999976e-14 4.638866299999999937e-14 5.113507499999999403e-14 6.332357000000000278e-14 3.169230899999999931e-12 5.803229999999999598e-14 4.256226599999999961e-14 3.521995799999999532e-14 2.966659499999999588e-14 2.468046089000000251e-14 2.014478489000000142e-14 1.606100870000000126e-14 1.280435330000000009e-14 1.006576105019999942e-14 8.088173068499999212e-15 6.530488060800000109e-15 5.394853429670000417e-15 4.525727671467000357e-15
4.319512500000000069e-13 3.809357100000000181e-13 3.278668199999999873e-13 2.712414899999999851e-13 2.103204200000000066e-13 1.467442480000000064e-13 9.492990999999998379e-14 8.858084100000000605e-14 7.690274199999999150e-14 5.960805970000000332e-14 4.698262550000000276e-14 3.734800130000000317e-14 3.017892106200000135e-14 2.428862188390000081e-14 1.969944533650000038e-14 1.565455228970000006e-14 1.229643997209399882e-14 9.357540431250000708e-15 6.877398003759999459e-15 4.863147827489999754e-15 3.676630750000000287e-14 3.836789090000000254e-14 4.037949379999999708e-14 4.221069930000000107e-14 4.421300699999999675e-14 4.778256999999999735e-14 5.803229999999999598e-14 1.891487499999999820e-12 5.102750999999999837e-14 3.655596399999999859e-14 2.942449089999999846e-14 2.420498390000000238e-14 1.973706418999999973e-14 1.574494945999999969e-14 1.254964096400000044e-14 9.849753587000000342e-15 7.891309752599999636e-15 6.343089021099999944e-15 5.222882151599999820e-15 4.366714161879999458e-15
4.022038500000000442e-13 3.577950099999999771e-13 3.126277800000000228e-13 2.658338700000000118e-13 2.168138899999999808e-13 1.647320700000000144e-13 1.105868200000000034e-13 6.713708999999999853e-14 6.560376199999999737e-14 5.781935699999999586e-14 4.472309820000000163e-14 3.530259462000000155e-14 2.841805796999999814e-14 2.281604994200000109e-14 1.849778542789999824e-14 1.471327169262999979e-14 1.158970698536000071e-14 8.849370421600000414e-15 6.537593629049999991e-15 4.649978933612999584e-15 3.311280954599999976e-14 3.458179572999999957e-14 3.639070130999999844e-14 3.790356010000000092e-14 3.911741470000000304e-14 4.027552500000000397e-14 4.256226599999999961e-14 5.102750999999999837e-14 1.134525229999999926e-12 4.311460000000000367e-14 2.981303199999999807e-14 2.347043680000000020e-14 1.892885369999999925e-14 1.506451306000000252e-14 1.200002963000000033e-14 9.401851774000000471e-15 7.508945036000000291e-15 6.005886724700000195e-15 4.925520619099999935e-15 4.100301627600000042e-15
3.642833599999999896e-13 3.259370099999999931e-13 2.874673499999999706e-13 2.484800599999999816e-13 2.088865099999999912e-13 1.680599999999999927e-13 1.250550800000000015e-13 8.062819600000000243e-14 4.527692999999999477e-14 4.742717999999999613e-14 4.253502300000000091e-14 3.278506230000000067e-14 2.620041583000000061e-14 2.095564055799999992e-14 1.697413020300000049e-14 1.350393544369999974e-14 1.066356455095000077e-14 8.170164713769999554e-15 6.068408127720000168e-15 4.342233407040000351e-15 2.905259928899999941e-14 3.037604710400000517e-14 3.200326143000000378e-14 3.334992216999999781e-14 3.433044429999999625e-14 3.488950819999999718e-14 3.521995799999999532e-14 3.655596399999999859e-14 4.311460000000000367e-14 6.845155000000000230e-13 3.493611000000000041e-14 2.345904599999999998e-14 1.804796700000000260e-14 1.417287080000000014e-14 1.125044422999999988e-14 8.788091899999999247e-15 6.997445831000000415e-15 5.569652596999999465e-15 4.546783802599999759e-15 3.765547239599999722e-15
3.197316999999999633e-13 2.873448500000000385e-13 2.550743300000000081e-13 2.227886399999999953e-13 1.907315199999999900e-13 1.587492400000000158e-13 1.261633899999999976e-13 9.211314999999999914e-14 5.667490899999999956e-14 2.854185000000000525e-14 3.319935900000000171e-14 3.049200599999999662e-14 2.358427369999999947e-14 1.872033105000000004e-14 1.513458075999999976e-14 1.202845734640000043e-14 9.517359363599998902e-15 7.316427609499999531e-15 5.464603483850000006e-15 3.934254594611999891e-15 2.466228462399999932e-14 2.581258168099999947e-14 2.723383105500000003e-14 2.842623601999999776e-14 2.929986862000000041e-14 2.973266829999999914e-14 2.966659499999999588e-14 2.942449089999999846e-14 2.981303199999999807e-14 3.493611000000000041e-14 4.155539400000000039e-13 2.737902299999999840e-14 1.768747900000000099e-14 1.322264559999999961e-14 1.033542759999999964e-14 8.013189970000000354e-15 6.356281209999999798e-15 5.032685242000000047e-15 4.086504640000000388e-15 3.363581799499999636e-15
2.734565300000000346e-13 2.466655999999999824e-13 2.200478100000000095e-13 1.935924099999999938e-13 1.676714999999999889e-13 1.424073199999999989e-13 1.175399000000000150e-13 9.245650000000000342e-14 6.611597999999999168e-14 3.852958000000000080e-14 1.672052999999999641e-14 2.269948499999999852e-14 2.144881600000000123e-14 1.640103519999999807e-14 1.318241908000000030e-14 1.045086364799999909e-14 8.280836935999999954e-15 6.383649557100000175e-15 4.793067898900000507e-15 3.471433628560000114e-15 2.041299647499999924e-14 2.138029255339999889e-14 2.258207960800000054e-14 2.360662457000000016e-14 2.437618913700000059e-14 2.476855202999999858e-14 2.468046089000000251e-14 2.420498390000000238e-14 2.347043680000000020e-14 2.345904599999999998e-14 2.737902299999999840e-14 2.539987100000000209e-13 2.072502099999999752e-14 1.287657199999999975e-14 9.496199700000000020e-15 7.202782199999999471e-15 5.664725570000000058e-15 4.450700630000000204e-15 3.592218108999999851e-15 2.936870587999999987e-15
2.285622499999999736e-13 2.068203299999999999e-13 1.852477899999999998e-13 1.638758500000000070e-13 1.430832600000000010e-13 1.231006300000000007e-13 1.039264299999999914e-13 8.532611999999999266e-14 6.656955000000000587e-14 4.675916999999999891e-14 2.565673500000000215e-14 8.670019999999998836e-15 1.506578699999999720e-14 1.467751200000000017e-14 1.127159579000000035e-14 8.875858553000000248e-15 7.036113427099999829e-15 5.432227307799999474e-15 4.095972744399999962e-15 2.982563155699999981e-15 1.658020936625000039e-14 1.736790888969999821e-14 1.835058460830000085e-14 1.919637380870000227e-14 1.984348416899999849e-14 2.019057130699999984e-14 2.014478489000000142e-14 1.973706418999999973e-14 1.892885369999999925e-14 1.804796700000000260e-14 1.768747900000000099e-14 2.072502099999999752e-14 1.564216699999999936e-13 1.542803999999999974e-14 9.219813999999999502e-15 6.539530899999999824e-15 5.008320999999999918e-15 3.873630690000000462e-15 3.099853029999999920e-15 2.514541641999999973e-15
1.869503300000000048e-13 1.696807499999999937e-13 1.525597499999999902e-13 1.356271199999999870e-13 1.192166000000000022e-13 1.035726000000000059e-13 8.880091999999999619e-14 7.486827000000000911e-14 6.137179999999999907e-14 4.764220999999999915e-14 3.280401499999999944e-14 1.654480500000000083e-14 3.464060000000001309e-15 9.637622000000001025e-15 9.858074099999999723e-15 7.379075370000000035e-15 5.833437508699999865e-15 4.502467712999999754e-15 3.405689115999999615e-15 2.492111229900000004e-15 1.319409613644800021e-14 1.381688123075000120e-14 1.459603627940000137e-14 1.526984303759999866e-14 1.579076800230000165e-14 1.607960004599999914e-14 1.606100870000000126e-14 1.574494945999999969e-14 1.506451306000000252e-14 1.417287080000000014e-14 1.322264559999999961e-14 1.287657199999999975e-14 1.542803999999999974e-14 9.725971300000000151e-14 1.136877499999999944e-14 6.450382999999999959e-15 4.535725700000000030e-15 3.366620099999999850e-15 2.642212469999999944e-15 2.114966120000000038e-15
1.524488599999999999e-13 1.386942500000000176e-13 1.250795800000000081e-13 1.116430800000000053e-13 9.866344999999999042e-14 8.636195999999999807e-14 7.486932999999999497e-14 6.423900000000000274e-14 5.427490999999999824e-14 4.459604999999999858e-14 3.456003000000000082e-14 2.333778999999999855e-14 1.074973100000000105e-14 3.123130000000007817e-16 5.909558000000000090e-15 6.418949400000000016e-15 4.803443639999999947e-15 3.689508071999999669e-15 2.795308763999999964e-15 2.052901155000000077e-15 1.055725492796600106e-14 1.104879135307100155e-14 1.166355015326700033e-14 1.219304060223999866e-14 1.260012618739999866e-14 1.282383089370000121e-14 1.280435330000000009e-14 1.254964096400000044e-14 1.200002963000000033e-14 1.125044422999999988e-14 1.033542759999999964e-14 9.496199700000000020e-15 9.219813999999999502e-15 1.136877499999999944e-14 6.134328700000000183e-14 8.535102000000000614e-15 4.663027000000000109e-15 3.107257699999999949e-15 2.310787499999999883e-15 1.794107140000000001e-15
1.230334599999999898e-13 1.122064299999999950e-13 1.015178599999999870e-13 9.100048999999999103e-14 8.087771999999999871e-14 7.133356000000000023e-14 6.248891999999999936e-14 5.442243999999999928e-14 4.703947000000000151e-14 4.012193000000000310e-14 3.325023999999999813e-14 2.576281999999999922e-14 1.702341300000000050e-14 6.785142000000000081e-15 -1.651974000000000759e-15 3.271051999999999810e-15 4.079751600000000579e-15 2.950081730000000089e-15 2.237711929999999878e-15 1.648336381000000059e-15 8.377904961260000007e-15 8.758591672170000049e-15 9.233522923934501028e-15 9.637458874432999542e-15 9.941211899730000647e-15 1.009932638270000013e-14 1.006576105019999942e-14 9.849753587000000342e-15 9.401851774000000471e-15 8.788091899999999247e-15 8.013189970000000354e-15 7.202782199999999471e-15 6.539530899999999824e-15 6.450382999999999959e-15 8.535102000000000614e-15 3.954661399999999681e-14 6.636149999999999572e-15 3.414665999999999860e-15 2.207948500000000186e-15 1.578805299999999969e-15
1.014247599999999998e-13 9.270265000000000132e-14 8.411805999999999488e-14 7.570093000000000478e-14 6.763454999999999932e-14 6.007172999999999449e-14 5.311434000000000155e-14 4.683750000000000111e-14 4.118939999999999991e-14 3.604247000000000051e-14 3.113729000000000232e-14 2.602543999999999795e-14 2.019543899999999925e-14 1.298832900000000114e-14 4.412179500000000721e-15 -2.766203999999999934e-15 1.491962000000000123e-15 2.482147429999999982e-15 1.786566430000000010e-15 1.321921680000000084e-15 6.804745313367599913e-15 7.107372757209999798e-15 7.483574844644999334e-15 7.798729028064000239e-15 8.028641665400000535e-15 8.137534395500000864e-15 8.088173068499999212e-15 7.891309752599999636e-15 7.508945036000000291e-15 6.997445831000000415e-15 6.356281209999999798e-15 5.664725570000000058e-15 5.008320999999999918e-15 4.535725700000000030e-15 4.663027000000000109e-15 6.636149999999999572e-15 2.638831500000000210e-14 5.472398999999999725e-15 2.710526000000000216e-15 1.627021500000000084e-15
8.437554999999999584e-14 7.730401000000000636e-14 7.037258999999999519e-14 6.360898999999999865e-14 5.716403999999999792e-14 5.116335999999999445e-14 4.568838000000000030e-14 4.080235999999999826e-14 3.647088000000000070e-14 3.261382999999999771e-14 2.906422000000000194e-14 2.551357200000000058e-14 2.159885000000000268e-14 1.674106400000000078e-14 1.048203699999999919e-14 2.786908099999999710e-15 -3.544543999999999877e-15 1.959729999999997629e-16 1.431703080000000010e-15 1.021748779999999911e-15 5.576794803219000141e-15 5.818144582879999697e-15 6.116496087749999691e-15 6.360732326450000393e-15 6.530332350880000495e-15 6.597037787950000587e-15 6.530488060800000109e-15 6.343089021099999944e-15 6.005886724700000195e-15 5.569652596999999465e-15 5.032685242000000047e-15 4.450700630000000204e-15 3.873630690000000462e-15 3.366620099999999850e-15 3.107257699999999949e-15 3.414665999999999860e-15 5.472398999999999725e-15 1.852280600000000242e-14 4.823313999999999947e-15 2.263598800000000158e-15
7.238749000000000511e-14 6.652941000000000045e-14 6.080424999999999559e-14 5.523733999999999917e-14 4.995572999999999498e-14 4.506548999999999542e-14 4.063479999999999993e-14 3.671879999999999547e-14 3.329323000000000161e-14 3.030102999999999847e-14 2.762422100000000361e-14 2.504514099999999878e-14 2.232026899999999871e-14 1.901894399999999826e-14 1.471275500000000058e-14 8.896863000000000223e-15 1.728842900000000173e-15 -4.097661999999999254e-15 -7.150039999999998541e-16 7.640225199999999783e-16 4.653838981429999808e-15 4.851589216199999982e-15 5.095181222500000267e-15 5.291262488315999952e-15 5.422367559569000557e-15 5.465361160909999880e-15 5.394853429670000417e-15 5.222882151599999820e-15 4.925520619099999935e-15 4.546783802599999759e-15 4.086504640000000388e-15 3.592218108999999851e-15 3.099853029999999920e-15 2.642212469999999944e-15 2.310787499999999883e-15 2.207948500000000186e-15 2.710526000000000216e-15 4.823313999999999947e-15 1.389596039999999943e-14 4.506015999999999736e-15
6.337616000000000074e-14 5.844894000000000742e-14 5.364672000000000095e-14 4.899323000000000035e-14 4.459771000000000263e-14 4.055147999999999999e-14 3.691241999999999722e-14 3.372829000000000360e-14 3.097965999999999585e-14 2.862260100000000071e-14 2.656857900000000088e-14 2.465767400000000144e-14 2.272748799999999922e-14 2.046716100000000007e-14 1.755692100000000192e-14 1.349659699999999980e-14 7.894723999999999895e-15 9.188566999999999095e-16 -4.605889800000000416e-15 -1.366556300000000137e-15 3.938436753700000566e-15 4.103670134399999354e-15 4.306476345009999980e-15 4.467193997025000412e-15 4.570731239987000160e-15 4.597493595354000375e-15 4.525727671467000357e-15 4.366714161879999458e-15 4.100301627600000042e-15 3.765547239599999722e-15 3.363581799499999636e-15 2.936870587999999987e-15 2.514541641999999973e-15 2.114966120000000038e-15 1.794107140000000001e-15 1.578805299999999969e-15 1.627021500000000084e-15 2.263598800000000158e-15 4.506015999999999736e-15 1.124602530000000030e-14
