# Please cite the following papers in research using this covariance:
# arXiv: 1601.05779, https://arxiv.org/abs/1601.05779
# arXiv: 1911.11947, https://arxiv.org/abs/1911.11947
# arXiv: 2004.04833, https://arxiv.org/abs/2004.04833
########################################################
20 20 3.369410e-04 3.369410e-04 0 0 0 0 7.426075e-11 3.814297e-14
20 21 3.369410e-04 4.391424e-04 0 0 0 0 2.054106e-14 3.942289e-14
20 22 3.369410e-04 5.723437e-04 0 0 0 0 7.466131e-15 4.091331e-14
20 23 3.369410e-04 7.459478e-04 0 0 0 0 2.523056e-15 4.181989e-14
20 24 3.369410e-04 9.722096e-04 0 0 0 0 8.291116e-16 4.196922e-14
20 25 3.369410e-04 1.267102e-03 0 0 0 0 2.629204e-16 4.123417e-14
20 26 3.369410e-04 1.651440e-03 0 0 0 0 7.806226e-17 3.940633e-14
20 27 3.369410e-04 2.152358e-03 0 0 0 0 2.366750e-17 3.674264e-14
20 28 3.369410e-04 2.805213e-03 0 0 0 0 6.619546e-18 3.310619e-14
20 29 3.369410e-04 3.656095e-03 0 0 0 0 1.619289e-18 2.905098e-14
20 30 3.369410e-04 4.765066e-03 0 0 0 0 4.146240e-19 2.466187e-14
20 31 3.369410e-04 6.210412e-03 0 0 0 0 1.864750e-19 2.041281e-14
20 32 3.369410e-04 8.094162e-03 0 0 0 0 8.936625e-20 1.658012e-14
20 33 3.369410e-04 1.054929e-02 0 0 0 0 -3.863552e-21 1.319410e-14
20 34 3.369410e-04 1.374912e-02 0 0 0 0 -5.072034e-21 1.055726e-14
20 35 3.369410e-04 1.791952e-02 0 0 0 0 -1.603874e-20 8.377921e-15
20 36 3.369410e-04 2.335489e-02 0 0 0 0 3.133676e-22 6.804745e-15
20 37 3.369410e-04 3.043893e-02 0 0 0 0 2.803219e-21 5.576792e-15
20 38 3.369410e-04 3.967171e-02 0 0 0 0 -3.101857e-20 4.653870e-15
20 39 3.369410e-04 5.170498e-02 0 0 0 0 -1.772463e-19 3.938614e-15
21 20 4.391424e-04 3.369410e-04 0 0 0 0 2.054106e-14 3.942289e-14
21 21 4.391424e-04 4.391424e-04 0 0 0 0 4.373399e-11 4.079150e-14
21 22 4.391424e-04 5.723437e-04 0 0 0 0 2.100050e-14 4.238412e-14
21 23 4.391424e-04 7.459478e-04 0 0 0 0 7.338413e-15 4.336957e-14
21 24 4.391424e-04 9.722096e-04 0 0 0 0 2.411655e-15 4.357383e-14
21 25 4.391424e-04 1.267102e-03 0 0 0 0 7.588379e-16 4.286311e-14
21 26 4.391424e-04 1.651440e-03 0 0 0 0 2.292230e-16 4.101852e-14
21 27 4.391424e-04 2.152358e-03 0 0 0 0 6.710090e-17 3.830079e-14
21 28 4.391424e-04 2.805213e-03 0 0 0 0 1.904573e-17 3.456275e-14
21 29 4.391424e-04 3.656095e-03 0 0 0 0 5.287104e-18 3.037076e-14
21 30 4.391424e-04 4.765066e-03 0 0 0 0 1.411681e-18 2.581117e-14
21 31 4.391424e-04 6.210412e-03 0 0 0 0 4.125534e-19 2.137988e-14
21 32 4.391424e-04 8.094162e-03 0 0 0 0 1.888897e-19 1.736772e-14
21 33 4.391424e-04 1.054929e-02 0 0 0 0 3.123075e-20 1.381685e-14
21 34 4.391424e-04 1.374912e-02 0 0 0 0 -8.646929e-21 1.104880e-14
21 35 4.391424e-04 1.791952e-02 0 0 0 0 -1.632783e-20 8.758608e-15
21 36 4.391424e-04 2.335489e-02 0 0 0 0 -3.024279e-20 7.107403e-15
21 37 4.391424e-04 3.043893e-02 0 0 0 0 -5.841712e-20 5.818203e-15
21 38 4.391424e-04 3.967171e-02 0 0 0 0 -1.077838e-19 4.851697e-15
21 39 4.391424e-04 5.170498e-02 0 0 0 0 -1.718656e-19 4.103842e-15
22 20 5.723437e-04 3.369410e-04 0 0 0 0 7.466131e-15 4.091331e-14
22 21 5.723437e-04 4.391424e-04 0 0 0 0 2.100050e-14 4.238412e-14
22 22 5.723437e-04 5.723437e-04 0 0 0 0 2.576289e-11 4.410263e-14
22 23 5.723437e-04 7.459478e-04 0 0 0 0 2.103265e-14 4.519992e-14
22 24 5.723437e-04 9.722096e-04 0 0 0 0 7.049543e-15 4.549016e-14
22 25 5.723437e-04 1.267102e-03 0 0 0 0 2.219238e-15 4.481721e-14
22 26 5.723437e-04 1.651440e-03 0 0 0 0 6.701773e-16 4.295777e-14
22 27 5.723437e-04 2.152358e-03 0 0 0 0 1.949338e-16 4.018456e-14
22 28 5.723437e-04 2.805213e-03 0 0 0 0 5.526131e-17 3.633544e-14
22 29 5.723437e-04 3.656095e-03 0 0 0 0 1.535143e-17 3.198791e-14
22 30 5.723437e-04 4.765066e-03 0 0 0 0 4.281055e-18 2.722955e-14
22 31 5.723437e-04 6.210412e-03 0 0 0 0 1.139608e-18 2.258094e-14
22 32 5.723437e-04 8.094162e-03 0 0 0 0 4.146083e-19 1.835017e-14
22 33 5.723437e-04 1.054929e-02 0 0 0 0 1.262794e-19 1.459591e-14
22 34 5.723437e-04 1.374912e-02 0 0 0 0 -9.846733e-21 1.166356e-14
22 35 5.723437e-04 1.791952e-02 0 0 0 0 9.239345e-22 9.233522e-15
22 36 5.723437e-04 2.335489e-02 0 0 0 0 4.844645e-21 7.483570e-15
22 37 5.723437e-04 3.043893e-02 0 0 0 0 1.708775e-20 6.116479e-15
22 38 5.723437e-04 3.967171e-02 0 0 0 0 3.122250e-20 5.095150e-15
22 39 5.723437e-04 5.170498e-02 0 0 0 0 5.634501e-20 4.306420e-15
23 20 7.459478e-04 3.369410e-04 0 0 0 0 2.523056e-15 4.181989e-14
23 21 7.459478e-04 4.391424e-04 0 0 0 0 7.338413e-15 4.336957e-14
23 22 7.459478e-04 5.723437e-04 0 0 0 0 2.103265e-14 4.519992e-14
23 23 7.459478e-04 7.459478e-04 0 0 0 0 1.518304e-11 4.642819e-14
23 24 7.459478e-04 9.722096e-04 0 0 0 0 2.056684e-14 4.684197e-14
23 25 7.459478e-04 1.267102e-03 0 0 0 0 6.564248e-15 4.624244e-14
23 26 7.459478e-04 1.651440e-03 0 0 0 0 1.975573e-15 4.441309e-14
23 27 7.459478e-04 2.152358e-03 0 0 0 0 5.720693e-16 4.163863e-14
23 28 7.459478e-04 2.805213e-03 0 0 0 0 1.613001e-16 3.774226e-14
23 29 7.459478e-04 3.656095e-03 0 0 0 0 4.454217e-17 3.330538e-14
23 30 7.459478e-04 4.765066e-03 0 0 0 0 1.219602e-17 2.841404e-14
23 31 7.459478e-04 6.210412e-03 0 0 0 0 3.394570e-18 2.360323e-14
23 32 7.459478e-04 8.094162e-03 0 0 0 0 9.738087e-19 1.919540e-14
23 33 7.459478e-04 1.054929e-02 0 0 0 0 3.630376e-19 1.526948e-14
23 34 7.459478e-04 1.374912e-02 0 0 0 0 5.060224e-20 1.219299e-14
23 35 7.459478e-04 1.791952e-02 0 0 0 0 2.874433e-21 9.637456e-15
23 36 7.459478e-04 2.335489e-02 0 0 0 0 9.028064e-21 7.798720e-15
23 37 7.459478e-04 3.043893e-02 0 0 0 0 1.432645e-20 6.360718e-15
23 38 7.459478e-04 3.967171e-02 0 0 0 0 4.488316e-21 5.291258e-15
23 39 7.459478e-04 5.170498e-02 0 0 0 0 -4.002975e-21 4.467198e-15
24 20 9.722096e-04 3.369410e-04 0 0 0 0 8.291116e-16 4.196922e-14
24 21 9.722096e-04 4.391424e-04 0 0 0 0 2.411655e-15 4.357383e-14
24 22 9.722096e-04 5.723437e-04 0 0 0 0 7.049543e-15 4.549016e-14
24 23 9.722096e-04 7.459478e-04 0 0 0 0 2.056684e-14 4.684197e-14
24 24 9.722096e-04 9.722096e-04 0 0 0 0 8.954027e-12 4.740139e-14
24 25 9.722096e-04 1.267102e-03 0 0 0 0 1.959653e-14 4.693450e-14
24 26 9.722096e-04 1.651440e-03 0 0 0 0 5.916345e-15 4.521873e-14
24 27 9.722096e-04 2.152358e-03 0 0 0 0 1.698577e-15 4.251443e-14
24 28 9.722096e-04 2.805213e-03 0 0 0 0 4.743347e-16 3.864308e-14
24 29 9.722096e-04 3.656095e-03 0 0 0 0 1.301843e-16 3.420026e-14
24 30 9.722096e-04 4.765066e-03 0 0 0 0 3.557862e-17 2.926429e-14
24 31 9.722096e-04 6.210412e-03 0 0 0 0 9.849137e-18 2.436634e-14
24 32 9.722096e-04 8.094162e-03 0 0 0 0 2.724169e-18 1.984076e-14
24 33 9.722096e-04 1.054929e-02 0 0 0 0 8.680023e-19 1.578990e-14
24 34 9.722096e-04 1.374912e-02 0 0 0 0 2.561874e-19 1.259987e-14
24 35 9.722096e-04 1.791952e-02 0 0 0 0 2.989973e-20 9.941182e-15
24 36 9.722096e-04 2.335489e-02 0 0 0 0 2.966540e-20 8.028612e-15
24 37 9.722096e-04 3.043893e-02 0 0 0 0 2.735088e-20 6.530305e-15
24 38 9.722096e-04 3.967171e-02 0 0 0 0 8.559569e-21 5.422359e-15
24 39 9.722096e-04 5.170498e-02 0 0 0 0 -3.760013e-21 4.570735e-15
25 20 1.267102e-03 3.369410e-04 0 0 0 0 2.629204e-16 4.123417e-14
25 21 1.267102e-03 4.391424e-04 0 0 0 0 7.588379e-16 4.286311e-14
25 22 1.267102e-03 5.723437e-04 0 0 0 0 2.219238e-15 4.481721e-14
25 23 1.267102e-03 7.459478e-04 0 0 0 0 6.564248e-15 4.624244e-14
25 24 1.267102e-03 9.722096e-04 0 0 0 0 1.959653e-14 4.693450e-14
25 25 1.267102e-03 1.267102e-03 0 0 0 0 5.285977e-12 4.666628e-14
25 26 1.267102e-03 1.651440e-03 0 0 0 0 1.814976e-14 4.517381e-14
25 27 1.267102e-03 2.152358e-03 0 0 0 0 5.158360e-15 4.262421e-14
25 28 1.267102e-03 2.805213e-03 0 0 0 0 1.416945e-15 3.885858e-14
25 29 1.267102e-03 3.656095e-03 0 0 0 0 3.841382e-16 3.450537e-14
25 30 1.267102e-03 4.765066e-03 0 0 0 0 1.040283e-16 2.962864e-14
25 31 1.267102e-03 6.210412e-03 0 0 0 0 2.854203e-17 2.474001e-14
25 32 1.267102e-03 8.094162e-03 0 0 0 0 8.121307e-18 2.018245e-14
25 33 1.267102e-03 1.054929e-02 0 0 0 0 2.330046e-18 1.607727e-14
25 34 1.267102e-03 1.374912e-02 0 0 0 0 7.708937e-19 1.282306e-14
25 35 1.267102e-03 1.791952e-02 0 0 0 0 1.863827e-19 1.009914e-14
25 36 1.267102e-03 2.335489e-02 0 0 0 0 7.439550e-20 8.137460e-15
25 37 1.267102e-03 3.043893e-02 0 0 0 0 5.378795e-20 6.596984e-15
25 38 1.267102e-03 3.967171e-02 0 0 0 0 2.116091e-20 5.465340e-15
25 39 1.267102e-03 5.170498e-02 0 0 0 0 -1.404646e-21 4.597495e-15
26 20 1.651440e-03 3.369410e-04 0 0 0 0 7.806226e-17 3.940633e-14
26 21 1.651440e-03 4.391424e-04 0 0 0 0 2.292230e-16 4.101852e-14
26 22 1.651440e-03 5.723437e-04 0 0 0 0 6.701773e-16 4.295777e-14
26 23 1.651440e-03 7.459478e-04 0 0 0 0 1.975573e-15 4.441309e-14
26 24 1.651440e-03 9.722096e-04 0 0 0 0 5.916345e-15 4.521873e-14
26 25 1.651440e-03 1.267102e-03 0 0 0 0 1.814976e-14 4.517381e-14
26 26 1.651440e-03 1.651440e-03 0 0 0 0 3.125249e-12 4.398190e-14
26 27 1.651440e-03 2.152358e-03 0 0 0 0 1.632369e-14 4.170861e-14
26 28 1.651440e-03 2.805213e-03 0 0 0 0 4.360776e-15 3.820149e-14
26 29 1.651440e-03 3.656095e-03 0 0 0 0 1.153558e-15 3.406640e-14
26 30 1.651440e-03 4.765066e-03 0 0 0 0 3.073150e-16 2.935928e-14
26 31 1.651440e-03 6.210412e-03 0 0 0 0 8.346089e-17 2.459700e-14
26 32 1.651440e-03 8.094162e-03 0 0 0 0 2.343489e-17 2.012135e-14
26 33 1.651440e-03 1.054929e-02 0 0 0 0 6.938700e-18 1.605407e-14
26 34 1.651440e-03 1.374912e-02 0 0 0 0 2.153300e-18 1.280220e-14
26 35 1.651440e-03 1.791952e-02 0 0 0 0 7.010502e-19 1.006506e-14
26 36 1.651440e-03 2.335489e-02 0 0 0 0 1.940685e-19 8.087979e-15
26 37 1.651440e-03 3.043893e-02 0 0 0 0 1.110608e-19 6.530377e-15
26 38 1.651440e-03 3.967171e-02 0 0 0 0 5.042967e-20 5.394803e-15
26 39 1.651440e-03 5.170498e-02 0 0 0 0 5.671467e-21 4.525722e-15
27 20 2.152358e-03 3.369410e-04 0 0 0 0 2.366750e-17 3.674264e-14
27 21 2.152358e-03 4.391424e-04 0 0 0 0 6.710090e-17 3.830079e-14
27 22 2.152358e-03 5.723437e-04 0 0 0 0 1.949338e-16 4.018456e-14
27 23 2.152358e-03 7.459478e-04 0 0 0 0 5.720693e-16 4.163863e-14
27 24 2.152358e-03 9.722096e-04 0 0 0 0 1.698577e-15 4.251443e-14
27 25 2.152358e-03 1.267102e-03 0 0 0 0 5.158360e-15 4.262421e-14
27 26 2.152358e-03 1.651440e-03 0 0 0 0 1.632369e-14 4.170861e-14
27 27 2.152358e-03 2.152358e-03 0 0 0 0 1.851665e-12 3.982250e-14
27 28 2.152358e-03 2.805213e-03 0 0 0 0 1.426599e-14 3.676152e-14
27 29 2.152358e-03 3.656095e-03 0 0 0 0 3.591714e-15 3.296425e-14
27 30 2.152358e-03 4.765066e-03 0 0 0 0 9.257509e-16 2.849874e-14
27 31 2.152358e-03 6.210412e-03 0 0 0 0 2.464639e-16 2.395852e-14
27 32 2.152358e-03 8.094162e-03 0 0 0 0 6.845419e-17 1.966861e-14
27 33 2.152358e-03 1.054929e-02 0 0 0 0 2.003946e-17 1.572491e-14
27 34 2.152358e-03 1.374912e-02 0 0 0 0 6.200964e-18 1.254344e-14
27 35 2.152358e-03 1.791952e-02 0 0 0 0 2.094587e-18 9.847659e-15
27 36 2.152358e-03 2.335489e-02 0 0 0 0 6.767526e-19 7.890633e-15
27 37 2.152358e-03 3.043893e-02 0 0 0 0 2.530211e-19 6.342836e-15
27 38 2.152358e-03 3.967171e-02 0 0 0 0 1.181516e-19 5.222764e-15
27 39 2.152358e-03 5.170498e-02 0 0 0 0 3.116188e-20 4.366683e-15
28 20 2.805213e-03 3.369410e-04 0 0 0 0 6.619546e-18 3.310619e-14
28 21 2.805213e-03 4.391424e-04 0 0 0 0 1.904573e-17 3.456275e-14
28 22 2.805213e-03 5.723437e-04 0 0 0 0 5.526131e-17 3.633544e-14
28 23 2.805213e-03 7.459478e-04 0 0 0 0 1.613001e-16 3.774226e-14
28 24 2.805213e-03 9.722096e-04 0 0 0 0 4.743347e-16 3.864308e-14
28 25 2.805213e-03 1.267102e-03 0 0 0 0 1.416945e-15 3.885858e-14
28 26 2.805213e-03 1.651440e-03 0 0 0 0 4.360776e-15 3.820149e-14
28 27 2.805213e-03 2.152358e-03 0 0 0 0 1.426599e-14 3.676152e-14
28 28 2.805213e-03 2.805213e-03 0 0 0 0 1.100249e-12 3.427623e-14
28 29 2.805213e-03 3.656095e-03 0 0 0 0 1.214602e-14 3.096858e-14
28 30 2.805213e-03 4.765066e-03 0 0 0 0 2.905682e-15 2.690735e-14
28 31 2.805213e-03 6.210412e-03 0 0 0 0 7.424268e-16 2.272801e-14
28 32 2.805213e-03 8.094162e-03 0 0 0 0 2.016437e-16 1.872721e-14
28 33 2.805213e-03 1.054929e-02 0 0 0 0 5.837306e-17 1.500614e-14
28 34 2.805213e-03 1.374912e-02 0 0 0 0 1.800963e-17 1.198202e-14
28 35 2.805213e-03 1.791952e-02 0 0 0 0 5.879774e-18 9.395972e-15
28 36 2.805213e-03 2.335489e-02 0 0 0 0 2.069036e-18 7.506876e-15
28 37 2.805213e-03 3.043893e-02 0 0 0 0 7.107247e-19 6.005176e-15
28 38 2.805213e-03 3.967171e-02 0 0 0 0 2.976191e-19 4.925223e-15
28 39 2.805213e-03 5.170498e-02 0 0 0 0 1.056276e-19 4.100196e-15
29 20 3.656095e-03 3.369410e-04 0 0 0 0 1.619289e-18 2.905098e-14
29 21 3.656095e-03 4.391424e-04 0 0 0 0 5.287104e-18 3.037076e-14
29 22 3.656095e-03 5.723437e-04 0 0 0 0 1.535143e-17 3.198791e-14
29 23 3.656095e-03 7.459478e-04 0 0 0 0 4.454217e-17 3.330538e-14
29 24 3.656095e-03 9.722096e-04 0 0 0 0 1.301843e-16 3.420026e-14
29 25 3.656095e-03 1.267102e-03 0 0 0 0 3.841382e-16 3.450537e-14
29 26 3.656095e-03 1.651440e-03 0 0 0 0 1.153558e-15 3.406640e-14
29 27 3.656095e-03 2.152358e-03 0 0 0 0 3.591714e-15 3.296425e-14
29 28 3.656095e-03 2.805213e-03 0 0 0 0 1.214602e-14 3.096858e-14
29 29 3.656095e-03 3.656095e-03 0 0 0 0 6.562665e-13 2.824900e-14
29 30 3.656095e-03 4.765066e-03 0 0 0 0 1.012198e-14 2.481413e-14
29 31 3.656095e-03 6.210412e-03 0 0 0 0 2.336326e-15 2.112272e-14
29 32 3.656095e-03 8.094162e-03 0 0 0 0 6.051370e-16 1.744283e-14
29 33 3.656095e-03 1.054929e-02 0 0 0 0 1.711908e-16 1.400168e-14
29 34 3.656095e-03 1.374912e-02 0 0 0 0 5.226423e-17 1.119818e-14
29 35 3.656095e-03 1.791952e-02 0 0 0 0 1.709990e-17 8.770992e-15
29 36 3.656095e-03 2.335489e-02 0 0 0 0 5.845831e-18 6.991600e-15
29 37 3.656095e-03 3.043893e-02 0 0 0 0 2.099597e-18 5.567553e-15
29 38 3.656095e-03 3.967171e-02 0 0 0 0 7.748026e-19 4.546009e-15
29 39 3.656095e-03 5.170498e-02 0 0 0 0 3.072396e-19 3.765240e-15
30 20 4.765066e-03 3.369410e-04 0 0 0 0 4.146240e-19 2.466187e-14
30 21 4.765066e-03 4.391424e-04 0 0 0 0 1.411681e-18 2.581117e-14
30 22 4.765066e-03 5.723437e-04 0 0 0 0 4.281055e-18 2.722955e-14
30 23 4.765066e-03 7.459478e-04 0 0 0 0 1.219602e-17 2.841404e-14
30 24 4.765066e-03 9.722096e-04 0 0 0 0 3.557862e-17 2.926429e-14
30 25 4.765066e-03 1.267102e-03 0 0 0 0 1.040283e-16 2.962864e-14
30 26 4.765066e-03 1.651440e-03 0 0 0 0 3.073150e-16 2.935928e-14
30 27 4.765066e-03 2.152358e-03 0 0 0 0 9.257509e-16 2.849874e-14
30 28 4.765066e-03 2.805213e-03 0 0 0 0 2.905682e-15 2.690735e-14
30 29 4.765066e-03 3.656095e-03 0 0 0 0 1.012198e-14 2.481413e-14
30 30 4.765066e-03 4.765066e-03 0 0 0 0 3.934089e-13 2.214504e-14
30 31 4.765066e-03 6.210412e-03 0 0 0 0 8.316943e-15 1.906208e-14
30 32 4.765066e-03 8.094162e-03 0 0 0 0 1.895689e-15 1.579179e-14
30 33 4.765066e-03 1.054929e-02 0 0 0 0 5.099956e-16 1.271265e-14
30 34 4.765066e-03 1.374912e-02 0 0 0 0 1.525176e-16 1.018291e-14
30 35 4.765066e-03 1.791952e-02 0 0 0 0 4.943297e-17 7.963757e-15
30 36 4.765066e-03 2.335489e-02 0 0 0 0 1.693121e-17 6.339350e-15
30 37 4.765066e-03 3.043893e-02 0 0 0 0 6.061242e-18 5.026624e-15
30 38 4.765066e-03 3.967171e-02 0 0 0 0 2.197640e-18 4.084307e-15
30 39 4.765066e-03 5.170498e-02 0 0 0 0 8.347995e-19 3.362747e-15
31 20 6.210412e-03 3.369410e-04 0 0 0 0 1.864750e-19 2.041281e-14
31 21 6.210412e-03 4.391424e-04 0 0 0 0 4.125534e-19 2.137988e-14
31 22 6.210412e-03 5.723437e-04 0 0 0 0 1.139608e-18 2.258094e-14
31 23 6.210412e-03 7.459478e-04 0 0 0 0 3.394570e-18 2.360323e-14
31 24 6.210412e-03 9.722096e-04 0 0 0 0 9.849137e-18 2.436634e-14
31 25 6.210412e-03 1.267102e-03 0 0 0 0 2.854203e-17 2.474001e-14
31 26 6.210412e-03 1.651440e-03 0 0 0 0 8.346089e-17 2.459700e-14
31 27 6.210412e-03 2.152358e-03 0 0 0 0 2.464639e-16 2.395852e-14
31 28 6.210412e-03 2.805213e-03 0 0 0 0 7.424268e-16 2.272801e-14
31 29 6.210412e-03 3.656095e-03 0 0 0 0 2.336326e-15 2.112272e-14
31 30 6.210412e-03 4.765066e-03 0 0 0 0 8.316943e-15 1.906208e-14
31 31 6.210412e-03 6.210412e-03 0 0 0 0 2.373906e-13 1.660811e-14
31 32 6.210412e-03 8.094162e-03 0 0 0 0 6.806451e-15 1.391857e-14
31 33 6.210412e-03 1.054929e-02 0 0 0 0 1.578592e-15 1.129798e-14
31 34 6.210412e-03 1.374912e-02 0 0 0 0 4.501817e-16 9.046018e-15
31 35 6.210412e-03 1.791952e-02 0 0 0 0 1.434362e-16 7.059346e-15
31 36 6.210412e-03 2.335489e-02 0 0 0 0 4.887557e-17 5.615850e-15
31 37 6.210412e-03 3.043893e-02 0 0 0 0 1.744363e-17 4.433257e-15
31 38 6.210412e-03 3.967171e-02 0 0 0 0 6.418109e-18 3.585800e-15
31 39 6.210412e-03 5.170498e-02 0 0 0 0 2.349588e-18 2.934521e-15
32 20 8.094162e-03 3.369410e-04 0 0 0 0 8.936625e-20 1.658012e-14
32 21 8.094162e-03 4.391424e-04 0 0 0 0 1.888897e-19 1.736772e-14
32 22 8.094162e-03 5.723437e-04 0 0 0 0 4.146083e-19 1.835017e-14
32 23 8.094162e-03 7.459478e-04 0 0 0 0 9.738087e-19 1.919540e-14
32 24 8.094162e-03 9.722096e-04 0 0 0 0 2.724169e-18 1.984076e-14
32 25 8.094162e-03 1.267102e-03 0 0 0 0 8.121307e-18 2.018245e-14
32 26 8.094162e-03 1.651440e-03 0 0 0 0 2.343489e-17 2.012135e-14
32 27 8.094162e-03 2.152358e-03 0 0 0 0 6.845419e-17 1.966861e-14
32 28 8.094162e-03 2.805213e-03 0 0 0 0 2.016437e-16 1.872721e-14
32 29 8.094162e-03 3.656095e-03 0 0 0 0 6.051370e-16 1.744283e-14
32 30 8.094162e-03 4.765066e-03 0 0 0 0 1.895689e-15 1.579179e-14
32 31 8.094162e-03 6.210412e-03 0 0 0 0 6.806451e-15 1.391857e-14
32 32 8.094162e-03 8.094162e-03 0 0 0 0 1.445147e-13 1.190697e-14
32 33 8.094162e-03 1.054929e-02 0 0 0 0 5.618567e-15 9.809473e-15
32 34 8.094162e-03 1.374912e-02 0 0 0 0 1.369425e-15 7.850389e-15
32 35 8.094162e-03 1.791952e-02 0 0 0 0 4.189909e-16 6.120540e-15
32 36 8.094162e-03 2.335489e-02 0 0 0 0 1.412670e-16 4.867054e-15
32 37 8.094162e-03 3.043893e-02 0 0 0 0 5.026869e-17 3.823362e-15
32 38 8.094162e-03 3.967171e-02 0 0 0 0 1.842503e-17 3.081428e-15
32 39 8.094162e-03 5.170498e-02 0 0 0 0 6.838642e-18 2.507703e-15
33 20 1.054929e-02 3.369410e-04 0 0 0 0 -3.863552e-21 1.319410e-14
33 21 1.054929e-02 4.391424e-04 0 0 0 0 3.123075e-20 1.381685e-14
33 22 1.054929e-02 5.723437e-04 0 0 0 0 1.262794e-19 1.459591e-14
33 23 1.054929e-02 7.459478e-04 0 0 0 0 3.630376e-19 1.526948e-14
33 24 1.054929e-02 9.722096e-04 0 0 0 0 8.680023e-19 1.578990e-14
33 25 1.054929e-02 1.267102e-03 0 0 0 0 2.330046e-18 1.607727e-14
33 26 1.054929e-02 1.651440e-03 0 0 0 0 6.938700e-18 1.605407e-14
33 27 1.054929e-02 2.152358e-03 0 0 0 0 2.003946e-17 1.572491e-14
33 28 1.054929e-02 2.805213e-03 0 0 0 0 5.837306e-17 1.500614e-14
33 29 1.054929e-02 3.656095e-03 0 0 0 0 1.711908e-16 1.400168e-14
33 30 1.054929e-02 4.765066e-03 0 0 0 0 5.099956e-16 1.271265e-14
33 31 1.054929e-02 6.210412e-03 0 0 0 0 1.578592e-15 1.129798e-14
33 32 1.054929e-02 8.094162e-03 0 0 0 0 5.618567e-15 9.809473e-15
33 33 1.054929e-02 1.054929e-02 0 0 0 0 8.905961e-14 8.200103e-15
33 34 1.054929e-02 1.374912e-02 0 0 0 0 4.744541e-15 6.624234e-15
33 35 1.054929e-02 1.791952e-02 0 0 0 0 1.249112e-15 5.201271e-15
33 36 1.054929e-02 2.335489e-02 0 0 0 0 4.092817e-16 4.126444e-15
33 37 1.054929e-02 3.043893e-02 0 0 0 0 1.447161e-16 3.221904e-15
33 38 1.054929e-02 3.967171e-02 0 0 0 0 5.303047e-17 2.589182e-15
33 39 1.054929e-02 5.170498e-02 0 0 0 0 1.966812e-17 2.095298e-15
34 20 1.374912e-02 3.369410e-04 0 0 0 0 -5.072034e-21 1.055726e-14
34 21 1.374912e-02 4.391424e-04 0 0 0 0 -8.646929e-21 1.104880e-14
34 22 1.374912e-02 5.723437e-04 0 0 0 0 -9.846733e-21 1.166356e-14
34 23 1.374912e-02 7.459478e-04 0 0 0 0 5.060224e-20 1.219299e-14
34 24 1.374912e-02 9.722096e-04 0 0 0 0 2.561874e-19 1.259987e-14
34 25 1.374912e-02 1.267102e-03 0 0 0 0 7.708937e-19 1.282306e-14
34 26 1.374912e-02 1.651440e-03 0 0 0 0 2.153300e-18 1.280220e-14
34 27 1.374912e-02 2.152358e-03 0 0 0 0 6.200964e-18 1.254344e-14
34 28 1.374912e-02 2.805213e-03 0 0 0 0 1.800963e-17 1.198202e-14
34 29 1.374912e-02 3.656095e-03 0 0 0 0 5.226423e-17 1.119818e-14
34 30 1.374912e-02 4.765066e-03 0 0 0 0 1.525176e-16 1.018291e-14
34 31 1.374912e-02 6.210412e-03 0 0 0 0 4.501817e-16 9.046018e-15
34 32 1.374912e-02 8.094162e-03 0 0 0 0 1.369425e-15 7.850389e-15
34 33 1.374912e-02 1.054929e-02 0 0 0 0 4.744541e-15 6.624234e-15
34 34 1.374912e-02 1.374912e-02 0 0 0 0 5.586496e-14 5.478327e-15
34 35 1.374912e-02 1.791952e-02 0 0 0 0 4.151659e-15 4.383443e-15
34 36 1.374912e-02 2.335489e-02 0 0 0 0 1.198064e-15 3.464963e-15
34 37 1.374912e-02 3.043893e-02 0 0 0 0 4.163287e-16 2.690929e-15
34 38 1.374912e-02 3.967171e-02 0 0 0 0 1.523115e-16 2.158476e-15
34 39 1.374912e-02 5.170498e-02 0 0 0 0 5.655114e-17 1.737556e-15
35 20 1.791952e-02 3.369410e-04 0 0 0 0 -1.603874e-20 8.377921e-15
35 21 1.791952e-02 4.391424e-04 0 0 0 0 -1.632783e-20 8.758608e-15
35 22 1.791952e-02 5.723437e-04 0 0 0 0 9.239345e-22 9.233522e-15
35 23 1.791952e-02 7.459478e-04 0 0 0 0 2.874433e-21 9.637456e-15
35 24 1.791952e-02 9.722096e-04 0 0 0 0 2.989973e-20 9.941182e-15
35 25 1.791952e-02 1.267102e-03 0 0 0 0 1.863827e-19 1.009914e-14
35 26 1.791952e-02 1.651440e-03 0 0 0 0 7.010502e-19 1.006506e-14
35 27 1.791952e-02 2.152358e-03 0 0 0 0 2.094587e-18 9.847659e-15
35 28 1.791952e-02 2.805213e-03 0 0 0 0 5.879774e-18 9.395972e-15
35 29 1.791952e-02 3.656095e-03 0 0 0 0 1.709990e-17 8.770992e-15
35 30 1.791952e-02 4.765066e-03 0 0 0 0 4.943297e-17 7.963757e-15
35 31 1.791952e-02 6.210412e-03 0 0 0 0 1.434362e-16 7.059346e-15
35 32 1.791952e-02 8.094162e-03 0 0 0 0 4.189909e-16 6.120540e-15
35 33 1.791952e-02 1.054929e-02 0 0 0 0 1.249112e-15 5.201271e-15
35 34 1.791952e-02 1.374912e-02 0 0 0 0 4.151659e-15 4.383443e-15
35 35 1.791952e-02 1.791952e-02 0 0 0 0 3.597396e-14 3.572654e-15
35 36 1.791952e-02 2.335489e-02 0 0 0 0 3.796273e-15 2.839877e-15
35 37 1.791952e-02 3.043893e-02 0 0 0 0 1.200545e-15 2.214121e-15
35 38 1.791952e-02 3.967171e-02 0 0 0 0 4.360875e-16 1.771861e-15
35 39 1.791952e-02 5.170498e-02 0 0 0 0 1.621473e-16 1.416658e-15
36 20 2.335489e-02 3.369410e-04 0 0 0 0 3.133676e-22 6.804745e-15
36 21 2.335489e-02 4.391424e-04 0 0 0 0 -3.024279e-20 7.107403e-15
36 22 2.335489e-02 5.723437e-04 0 0 0 0 4.844645e-21 7.483570e-15
36 23 2.335489e-02 7.459478e-04 0 0 0 0 9.028064e-21 7.798720e-15
36 24 2.335489e-02 9.722096e-04 0 0 0 0 2.966540e-20 8.028612e-15
36 25 2.335489e-02 1.267102e-03 0 0 0 0 7.439550e-20 8.137460e-15
36 26 2.335489e-02 1.651440e-03 0 0 0 0 1.940685e-19 8.087979e-15
36 27 2.335489e-02 2.152358e-03 0 0 0 0 6.767526e-19 7.890633e-15
36 28 2.335489e-02 2.805213e-03 0 0 0 0 2.069036e-18 7.506876e-15
36 29 2.335489e-02 3.656095e-03 0 0 0 0 5.845831e-18 6.991600e-15
36 30 2.335489e-02 4.765066e-03 0 0 0 0 1.693121e-17 6.339350e-15
36 31 2.335489e-02 6.210412e-03 0 0 0 0 4.887557e-17 5.615850e-15
36 32 2.335489e-02 8.094162e-03 0 0 0 0 1.412670e-16 4.867054e-15
36 33 2.335489e-02 1.054929e-02 0 0 0 0 4.092817e-16 4.126444e-15
36 34 2.335489e-02 1.374912e-02 0 0 0 0 1.198064e-15 3.464963e-15
36 35 2.335489e-02 1.791952e-02 0 0 0 0 3.796273e-15 2.839877e-15
36 36 2.335489e-02 2.335489e-02 0 0 0 0 2.407975e-14 2.308565e-15
36 37 2.335489e-02 3.043893e-02 0 0 0 0 3.634186e-15 1.838213e-15
36 38 2.335489e-02 3.967171e-02 0 0 0 0 1.243660e-15 1.466866e-15
36 39 2.335489e-02 5.170498e-02 0 0 0 0 4.628095e-16 1.164212e-15
37 20 3.043893e-02 3.369410e-04 0 0 0 0 2.803219e-21 5.576792e-15
37 21 3.043893e-02 4.391424e-04 0 0 0 0 -5.841712e-20 5.818203e-15
37 22 3.043893e-02 5.723437e-04 0 0 0 0 1.708775e-20 6.116479e-15
37 23 3.043893e-02 7.459478e-04 0 0 0 0 1.432645e-20 6.360718e-15
37 24 3.043893e-02 9.722096e-04 0 0 0 0 2.735088e-20 6.530305e-15
37 25 3.043893e-02 1.267102e-03 0 0 0 0 5.378795e-20 6.596984e-15
37 26 3.043893e-02 1.651440e-03 0 0 0 0 1.110608e-19 6.530377e-15
37 27 3.043893e-02 2.152358e-03 0 0 0 0 2.530211e-19 6.342836e-15
37 28 3.043893e-02 2.805213e-03 0 0 0 0 7.107247e-19 6.005176e-15
37 29 3.043893e-02 3.656095e-03 0 0 0 0 2.099597e-18 5.567553e-15
37 30 3.043893e-02 4.765066e-03 0 0 0 0 6.061242e-18 5.026624e-15
37 31 3.043893e-02 6.210412e-03 0 0 0 0 1.744363e-17 4.433257e-15
37 32 3.043893e-02 8.094162e-03 0 0 0 0 5.026869e-17 3.823362e-15
37 33 3.043893e-02 1.054929e-02 0 0 0 0 1.447161e-16 3.221904e-15
37 34 3.043893e-02 1.374912e-02 0 0 0 0 4.163287e-16 2.690929e-15
37 35 3.043893e-02 1.791952e-02 0 0 0 0 1.200545e-15 2.214121e-15
37 36 3.043893e-02 2.335489e-02 0 0 0 0 3.634186e-15 1.838213e-15
37 37 3.043893e-02 3.043893e-02 0 0 0 0 1.702546e-14 1.497346e-15
37 38 3.043893e-02 3.967171e-02 0 0 0 0 3.623609e-15 1.199705e-15
37 39 3.043893e-02 5.170498e-02 0 0 0 0 1.310557e-15 9.530418e-16
38 20 3.967171e-02 3.369410e-04 0 0 0 0 -3.101857e-20 4.653870e-15
38 21 3.967171e-02 4.391424e-04 0 0 0 0 -1.077838e-19 4.851697e-15
38 22 3.967171e-02 5.723437e-04 0 0 0 0 3.122250e-20 5.095150e-15
38 23 3.967171e-02 7.459478e-04 0 0 0 0 4.488316e-21 5.291258e-15
38 24 3.967171e-02 9.722096e-04 0 0 0 0 8.559569e-21 5.422359e-15
38 25 3.967171e-02 1.267102e-03 0 0 0 0 2.116091e-20 5.465340e-15
38 26 3.967171e-02 1.651440e-03 0 0 0 0 5.042967e-20 5.394803e-15
38 27 3.967171e-02 2.152358e-03 0 0 0 0 1.181516e-19 5.222764e-15
38 28 3.967171e-02 2.805213e-03 0 0 0 0 2.976191e-19 4.925223e-15
38 29 3.967171e-02 3.656095e-03 0 0 0 0 7.748026e-19 4.546009e-15
38 30 3.967171e-02 4.765066e-03 0 0 0 0 2.197640e-18 4.084307e-15
38 31 3.967171e-02 6.210412e-03 0 0 0 0 6.418109e-18 3.585800e-15
38 32 3.967171e-02 8.094162e-03 0 0 0 0 1.842503e-17 3.081428e-15
38 33 3.967171e-02 1.054929e-02 0 0 0 0 5.303047e-17 2.589182e-15
38 34 3.967171e-02 1.374912e-02 0 0 0 0 1.523115e-16 2.158476e-15
38 35 3.967171e-02 1.791952e-02 0 0 0 0 4.360875e-16 1.771861e-15
38 36 3.967171e-02 2.335489e-02 0 0 0 0 1.243660e-15 1.466866e-15
38 37 3.967171e-02 3.043893e-02 0 0 0 0 3.623609e-15 1.199705e-15
38 38 3.967171e-02 3.967171e-02 0 0 0 0 1.291784e-14 9.781204e-16
38 39 3.967171e-02 5.170498e-02 0 0 0 0 3.713899e-15 7.921170e-16
39 20 5.170498e-02 3.369410e-04 0 0 0 0 -1.772463e-19 3.938614e-15
39 21 5.170498e-02 4.391424e-04 0 0 0 0 -1.718656e-19 4.103842e-15
39 22 5.170498e-02 5.723437e-04 0 0 0 0 5.634501e-20 4.306420e-15
39 23 5.170498e-02 7.459478e-04 0 0 0 0 -4.002975e-21 4.467198e-15
39 24 5.170498e-02 9.722096e-04 0 0 0 0 -3.760013e-21 4.570735e-15
39 25 5.170498e-02 1.267102e-03 0 0 0 0 -1.404646e-21 4.597495e-15
39 26 5.170498e-02 1.651440e-03 0 0 0 0 5.671467e-21 4.525722e-15
39 27 5.170498e-02 2.152358e-03 0 0 0 0 3.116188e-20 4.366683e-15
39 28 5.170498e-02 2.805213e-03 0 0 0 0 1.056276e-19 4.100196e-15
39 29 5.170498e-02 3.656095e-03 0 0 0 0 3.072396e-19 3.765240e-15
39 30 5.170498e-02 4.765066e-03 0 0 0 0 8.347995e-19 3.362747e-15
39 31 5.170498e-02 6.210412e-03 0 0 0 0 2.349588e-18 2.934521e-15
39 32 5.170498e-02 8.094162e-03 0 0 0 0 6.838642e-18 2.507703e-15
39 33 5.170498e-02 1.054929e-02 0 0 0 0 1.966812e-17 2.095298e-15
39 34 5.170498e-02 1.374912e-02 0 0 0 0 5.655114e-17 1.737556e-15
39 35 5.170498e-02 1.791952e-02 0 0 0 0 1.621473e-16 1.416658e-15
39 36 5.170498e-02 2.335489e-02 0 0 0 0 4.628095e-16 1.164212e-15
39 37 5.170498e-02 3.043893e-02 0 0 0 0 1.310557e-15 9.530418e-16
39 38 5.170498e-02 3.967171e-02 0 0 0 0 3.713899e-15 7.921170e-16
39 39 5.170498e-02 5.170498e-02 0 0 0 0 1.058914e-14 6.568853e-16
