# Please cite the following papers in research using this covariance:
# arXiv: 1601.05779, https://arxiv.org/abs/1601.05779
# arXiv: 1911.11947, https://arxiv.org/abs/1911.11947
# arXiv: 2004.04833, https://arxiv.org/abs/2004.04833
########################################################
0 0 3.369410e-04 3.369410e-04 0 0 0 0 7.507513e-11 3.383627e-12
0 1 3.369410e-04 4.391424e-04 0 0 0 0 7.674810e-13 2.977835e-12
0 2 3.369410e-04 5.723437e-04 0 0 0 0 6.683563e-13 2.582320e-12
0 3 3.369410e-04 7.459478e-04 0 0 0 0 5.778863e-13 2.199755e-12
0 4 3.369410e-04 9.722096e-04 0 0 0 0 4.994517e-13 1.840089e-12
0 5 3.369410e-04 1.267102e-03 0 0 0 0 4.335235e-13 1.511902e-12
0 6 3.369410e-04 1.651440e-03 0 0 0 0 3.793275e-13 1.221196e-12
0 7 3.369410e-04 2.152358e-03 0 0 0 0 3.353224e-13 9.732264e-13
0 8 3.369410e-04 2.805213e-03 0 0 0 0 2.995820e-13 7.677455e-13
0 9 3.369410e-04 3.656095e-03 0 0 0 0 2.701254e-13 6.031570e-13
0 10 3.369410e-04 4.765066e-03 0 0 0 0 2.451164e-13 4.750782e-13
0 11 3.369410e-04 6.210412e-03 0 0 0 0 2.229856e-13 3.755101e-13
0 12 3.369410e-04 8.094162e-03 0 0 0 0 2.024816e-13 3.004581e-13
0 13 3.369410e-04 1.054929e-02 0 0 0 0 1.826669e-13 2.399228e-13
0 14 3.369410e-04 1.374912e-02 0 0 0 0 1.628961e-13 1.933890e-13
0 15 3.369410e-04 1.791952e-02 0 0 0 0 1.428038e-13 1.532748e-13
0 16 3.369410e-04 2.335489e-02 0 0 0 0 1.222994e-13 1.207031e-13
0 17 3.369410e-04 3.043893e-02 0 0 0 0 1.015937e-13 9.236597e-14
0 18 3.369410e-04 3.967171e-02 0 0 0 0 8.120217e-14 6.868848e-14
0 19 3.369410e-04 5.170498e-02 0 0 0 0 6.186375e-14 4.926453e-14
1 0 4.391424e-04 3.369410e-04 0 0 0 0 7.674810e-13 2.977835e-12
1 1 4.391424e-04 4.391424e-04 0 0 0 0 4.445233e-11 2.625615e-12
1 2 4.391424e-04 5.723437e-04 0 0 0 0 6.765537e-13 2.281453e-12
1 3 4.391424e-04 7.459478e-04 0 0 0 0 5.840481e-13 1.947572e-12
1 4 4.391424e-04 9.722096e-04 0 0 0 0 5.032111e-13 1.632588e-12
1 5 4.391424e-04 1.267102e-03 0 0 0 0 4.356067e-13 1.344044e-12
1 6 4.391424e-04 1.651440e-03 0 0 0 0 3.804009e-13 1.087436e-12
1 7 4.391424e-04 2.152358e-03 0 0 0 0 3.358382e-13 8.675960e-13
1 8 4.391424e-04 2.805213e-03 0 0 0 0 2.998150e-13 6.846900e-13
1 9 4.391424e-04 3.656095e-03 0 0 0 0 2.702243e-13 5.376755e-13
1 10 4.391424e-04 4.765066e-03 0 0 0 0 2.451551e-13 4.229608e-13
1 11 4.391424e-04 6.210412e-03 0 0 0 0 2.229999e-13 3.337702e-13
1 12 4.391424e-04 8.094162e-03 0 0 0 0 2.024866e-13 2.665630e-13
1 13 4.391424e-04 1.054929e-02 0 0 0 0 1.826688e-13 2.125790e-13
1 14 4.391424e-04 1.374912e-02 0 0 0 0 1.628975e-13 1.712248e-13
1 15 4.391424e-04 1.791952e-02 0 0 0 0 1.428054e-13 1.357076e-13
1 16 4.391424e-04 2.335489e-02 0 0 0 0 1.223013e-13 1.069822e-13
1 17 4.391424e-04 3.043893e-02 0 0 0 0 1.015958e-13 8.198898e-14
1 18 4.391424e-04 3.967171e-02 0 0 0 0 8.120440e-14 6.112998e-14
1 19 4.391424e-04 5.170498e-02 0 0 0 0 6.186594e-14 4.397356e-14
2 0 5.723437e-04 3.369410e-04 0 0 0 0 6.683563e-13 2.582320e-12
2 1 5.723437e-04 4.391424e-04 0 0 0 0 6.765537e-13 2.281453e-12
2 2 5.723437e-04 5.723437e-04 0 0 0 0 2.639347e-11 1.986764e-12
2 3 5.723437e-04 7.459478e-04 0 0 0 0 5.944150e-13 1.700014e-12
2 4 5.723437e-04 9.722096e-04 0 0 0 0 5.098797e-13 1.428490e-12
2 5 5.723437e-04 1.267102e-03 0 0 0 0 4.393011e-13 1.178698e-12
2 6 5.723437e-04 1.651440e-03 0 0 0 0 3.822910e-13 9.555627e-13
2 7 5.723437e-04 2.152358e-03 0 0 0 0 3.367458e-13 7.634588e-13
2 8 5.723437e-04 2.805213e-03 0 0 0 0 3.002280e-13 6.029044e-13
2 9 5.723437e-04 3.656095e-03 0 0 0 0 2.704042e-13 4.733320e-13
2 10 5.723437e-04 4.765066e-03 0 0 0 0 2.452324e-13 3.718849e-13
2 11 5.723437e-04 6.210412e-03 0 0 0 0 2.230348e-13 2.929631e-13
2 12 5.723437e-04 8.094162e-03 0 0 0 0 2.025058e-13 2.334874e-13
2 13 5.723437e-04 1.054929e-02 0 0 0 0 1.826828e-13 1.859189e-13
2 14 5.723437e-04 1.374912e-02 0 0 0 0 1.629104e-13 1.496063e-13
2 15 5.723437e-04 1.791952e-02 0 0 0 0 1.428185e-13 1.185550e-13
2 16 5.723437e-04 2.335489e-02 0 0 0 0 1.223146e-13 9.355267e-14
2 17 5.723437e-04 3.043893e-02 0 0 0 0 1.016092e-13 7.180528e-14
2 18 5.723437e-04 3.967171e-02 0 0 0 0 8.121765e-14 5.368393e-14
2 19 5.723437e-04 5.170498e-02 0 0 0 0 6.187865e-14 3.873903e-14
3 0 7.459478e-04 3.369410e-04 0 0 0 0 5.778863e-13 2.199755e-12
3 1 7.459478e-04 4.391424e-04 0 0 0 0 5.840481e-13 1.947572e-12
3 2 7.459478e-04 5.723437e-04 0 0 0 0 5.944150e-13 1.700014e-12
3 3 7.459478e-04 7.459478e-04 0 0 0 0 1.573518e-11 1.458439e-12
3 4 7.459478e-04 9.722096e-04 0 0 0 0 5.217074e-13 1.228859e-12
3 5 7.459478e-04 1.267102e-03 0 0 0 0 4.459887e-13 1.016702e-12
3 6 7.459478e-04 1.651440e-03 0 0 0 0 3.856574e-13 8.262100e-13
3 7 7.459478e-04 2.152358e-03 0 0 0 0 3.383291e-13 6.612849e-13
3 8 7.459478e-04 2.805213e-03 0 0 0 0 3.009295e-13 5.227437e-13
3 9 7.459478e-04 3.656095e-03 0 0 0 0 2.706963e-13 4.103989e-13
3 10 7.459478e-04 4.765066e-03 0 0 0 0 2.453457e-13 3.220723e-13
3 11 7.459478e-04 6.210412e-03 0 0 0 0 2.230754e-13 2.532791e-13
3 12 7.459478e-04 8.094162e-03 0 0 0 0 2.025194e-13 2.013972e-13
3 13 7.459478e-04 1.054929e-02 0 0 0 0 1.826877e-13 1.600839e-13
3 14 7.459478e-04 1.374912e-02 0 0 0 0 1.629134e-13 1.286526e-13
3 15 7.459478e-04 1.791952e-02 0 0 0 0 1.428219e-13 1.019119e-13
3 16 7.459478e-04 2.335489e-02 0 0 0 0 1.223188e-13 8.048745e-14
3 17 7.459478e-04 3.043893e-02 0 0 0 0 1.016140e-13 6.186820e-14
3 18 7.459478e-04 3.967171e-02 0 0 0 0 8.122286e-14 4.638634e-14
3 19 7.459478e-04 5.170498e-02 0 0 0 0 6.188406e-14 3.358354e-14
4 0 9.722096e-04 3.369410e-04 0 0 0 0 4.994517e-13 1.840089e-12
4 1 9.722096e-04 4.391424e-04 0 0 0 0 5.032111e-13 1.632588e-12
4 2 9.722096e-04 5.723437e-04 0 0 0 0 5.098797e-13 1.428490e-12
4 3 9.722096e-04 7.459478e-04 0 0 0 0 5.217074e-13 1.228859e-12
4 4 9.722096e-04 9.722096e-04 0 0 0 0 9.437521e-12 1.038570e-12
4 5 9.722096e-04 1.267102e-03 0 0 0 0 4.585105e-13 8.619487e-13
4 6 9.722096e-04 1.651440e-03 0 0 0 0 3.919210e-13 7.024574e-13
4 7 9.722096e-04 2.152358e-03 0 0 0 0 3.411982e-13 5.634992e-13
4 8 9.722096e-04 2.805213e-03 0 0 0 0 3.021697e-13 4.460936e-13
4 9 9.722096e-04 3.656095e-03 0 0 0 0 2.711996e-13 3.503352e-13
4 10 9.722096e-04 4.765066e-03 0 0 0 0 2.455335e-13 2.746785e-13
4 11 9.722096e-04 6.210412e-03 0 0 0 0 2.231363e-13 2.156497e-13
4 12 9.722096e-04 8.094162e-03 0 0 0 0 2.025331e-13 1.710564e-13
4 13 9.722096e-04 1.054929e-02 0 0 0 0 1.826867e-13 1.356991e-13
4 14 9.722096e-04 1.374912e-02 0 0 0 0 1.629092e-13 1.088773e-13
4 15 9.722096e-04 1.791952e-02 0 0 0 0 1.428182e-13 8.618870e-14
4 16 9.722096e-04 2.335489e-02 0 0 0 0 1.223165e-13 6.810930e-14
4 17 9.722096e-04 3.043893e-02 0 0 0 0 1.016127e-13 5.242273e-14
4 18 9.722096e-04 3.967171e-02 0 0 0 0 8.122202e-14 3.941518e-14
4 19 9.722096e-04 5.170498e-02 0 0 0 0 6.188327e-14 2.863088e-14
5 0 1.267102e-03 3.369410e-04 0 0 0 0 4.335235e-13 1.511902e-12
5 1 1.267102e-03 4.391424e-04 0 0 0 0 4.356067e-13 1.344044e-12
5 2 1.267102e-03 5.723437e-04 0 0 0 0 4.393011e-13 1.178698e-12
5 3 1.267102e-03 7.459478e-04 0 0 0 0 4.459887e-13 1.016702e-12
5 4 1.267102e-03 9.722096e-04 0 0 0 0 4.585105e-13 8.619487e-13
5 5 1.267102e-03 1.267102e-03 0 0 0 0 5.710484e-12 7.178022e-13
5 6 1.267102e-03 1.651440e-03 0 0 0 0 4.043399e-13 5.869673e-13
5 7 1.267102e-03 2.152358e-03 0 0 0 0 3.467014e-13 4.722420e-13
5 8 1.267102e-03 2.805213e-03 0 0 0 0 3.044639e-13 3.746228e-13
5 9 1.267102e-03 3.656095e-03 0 0 0 0 2.721086e-13 2.944220e-13
5 10 1.267102e-03 4.765066e-03 0 0 0 0 2.458685e-13 2.307160e-13
5 11 1.267102e-03 6.210412e-03 0 0 0 0 2.232454e-13 1.808818e-13
5 12 1.267102e-03 8.094162e-03 0 0 0 0 2.025602e-13 1.431210e-13
5 13 1.267102e-03 1.054929e-02 0 0 0 0 1.826876e-13 1.133002e-13
5 14 1.267102e-03 1.374912e-02 0 0 0 0 1.629047e-13 9.072175e-14
5 15 1.267102e-03 1.791952e-02 0 0 0 0 1.428146e-13 7.174102e-14
5 16 1.267102e-03 2.335489e-02 0 0 0 0 1.223152e-13 5.670095e-14
5 17 1.267102e-03 3.043893e-02 0 0 0 0 1.016131e-13 4.368560e-14
5 18 1.267102e-03 3.967171e-02 0 0 0 0 8.122324e-14 3.293013e-14
5 19 1.267102e-03 5.170498e-02 0 0 0 0 6.188456e-14 2.399396e-14
6 0 1.651440e-03 3.369410e-04 0 0 0 0 3.793275e-13 1.221196e-12
6 1 1.651440e-03 4.391424e-04 0 0 0 0 3.804009e-13 1.087436e-12
6 2 1.651440e-03 5.723437e-04 0 0 0 0 3.822910e-13 9.555627e-13
6 3 1.651440e-03 7.459478e-04 0 0 0 0 3.856574e-13 8.262100e-13
6 4 1.651440e-03 9.722096e-04 0 0 0 0 3.919210e-13 7.024574e-13
6 5 1.651440e-03 1.267102e-03 0 0 0 0 4.043399e-13 5.869673e-13
6 6 1.651440e-03 1.651440e-03 0 0 0 0 3.499754e-12 4.818450e-13
6 7 1.651440e-03 2.152358e-03 0 0 0 0 3.582969e-13 3.891597e-13
6 8 1.651440e-03 2.805213e-03 0 0 0 0 3.089992e-13 3.096039e-13
6 9 1.651440e-03 3.656095e-03 0 0 0 0 2.738196e-13 2.436490e-13
6 10 1.651440e-03 4.765066e-03 0 0 0 0 2.464803e-13 1.909505e-13
6 11 1.651440e-03 6.210412e-03 0 0 0 0 2.234419e-13 1.495538e-13
6 12 1.651440e-03 8.094162e-03 0 0 0 0 2.026090e-13 1.180477e-13
6 13 1.651440e-03 1.054929e-02 0 0 0 0 1.826905e-13 9.325705e-14
6 14 1.651440e-03 1.374912e-02 0 0 0 0 1.628979e-13 7.449301e-14
6 15 1.651440e-03 1.791952e-02 0 0 0 0 1.428091e-13 5.882359e-14
6 16 1.651440e-03 2.335489e-02 0 0 0 0 1.223135e-13 4.647354e-14
6 17 1.651440e-03 3.043893e-02 0 0 0 0 1.016145e-13 3.582498e-14
6 18 1.651440e-03 3.967171e-02 0 0 0 0 8.122605e-14 2.706147e-14
6 19 1.651440e-03 5.170498e-02 0 0 0 0 6.188749e-14 1.977005e-14
7 0 2.152358e-03 3.369410e-04 0 0 0 0 3.353224e-13 9.732264e-13
7 1 2.152358e-03 4.391424e-04 0 0 0 0 3.358382e-13 8.675960e-13
7 2 2.152358e-03 5.723437e-04 0 0 0 0 3.367458e-13 7.634588e-13
7 3 2.152358e-03 7.459478e-04 0 0 0 0 3.383291e-13 6.612849e-13
7 4 2.152358e-03 9.722096e-04 0 0 0 0 3.411982e-13 5.634992e-13
7 5 2.152358e-03 1.267102e-03 0 0 0 0 3.467014e-13 4.722420e-13
7 6 2.152358e-03 1.651440e-03 0 0 0 0 3.582969e-13 3.891597e-13
7 7 2.152358e-03 2.152358e-03 0 0 0 0 2.184082e-12 3.156776e-13
7 8 2.152358e-03 2.805213e-03 0 0 0 0 3.192223e-13 2.521229e-13
7 9 2.152358e-03 3.656095e-03 0 0 0 0 2.773195e-13 1.989468e-13
7 10 2.152358e-03 4.765066e-03 0 0 0 0 2.476577e-13 1.561123e-13
7 11 2.152358e-03 6.210412e-03 0 0 0 0 2.238071e-13 1.221984e-13
7 12 2.152358e-03 8.094162e-03 0 0 0 0 2.026988e-13 9.625652e-14
7 13 2.152358e-03 1.054929e-02 0 0 0 0 1.826965e-13 7.590216e-14
7 14 2.152358e-03 1.374912e-02 0 0 0 0 1.628862e-13 6.046450e-14
7 15 2.152358e-03 1.791952e-02 0 0 0 0 1.427998e-13 4.766550e-14
7 16 2.152358e-03 2.335489e-02 0 0 0 0 1.223103e-13 3.761828e-14
7 17 2.152358e-03 3.043893e-02 0 0 0 0 1.016164e-13 2.899424e-14
7 18 2.152358e-03 3.967171e-02 0 0 0 0 8.123050e-14 2.192954e-14
7 19 2.152358e-03 5.170498e-02 0 0 0 0 6.189210e-14 1.605038e-14
8 0 2.805213e-03 3.369410e-04 0 0 0 0 2.995820e-13 7.677455e-13
8 1 2.805213e-03 4.391424e-04 0 0 0 0 2.998150e-13 6.846900e-13
8 2 2.805213e-03 5.723437e-04 0 0 0 0 3.002280e-13 6.029044e-13
8 3 2.805213e-03 7.459478e-04 0 0 0 0 3.009295e-13 5.227437e-13
8 4 2.805213e-03 9.722096e-04 0 0 0 0 3.021697e-13 4.460936e-13
8 5 2.805213e-03 1.267102e-03 0 0 0 0 3.044639e-13 3.746228e-13
8 6 2.805213e-03 1.651440e-03 0 0 0 0 3.089992e-13 3.096039e-13
8 7 2.805213e-03 2.152358e-03 0 0 0 0 3.192223e-13 2.521229e-13
8 8 2.805213e-03 2.805213e-03 0 0 0 0 1.397187e-12 2.023540e-13
8 9 2.805213e-03 3.656095e-03 0 0 0 0 2.858383e-13 1.604739e-13
8 10 2.805213e-03 4.765066e-03 0 0 0 0 2.501696e-13 1.262993e-13
8 11 2.805213e-03 6.210412e-03 0 0 0 0 2.245349e-13 9.886069e-14
8 12 2.805213e-03 8.094162e-03 0 0 0 0 2.028740e-13 7.777019e-14
8 13 2.805213e-03 1.054929e-02 0 0 0 0 1.827114e-13 6.123105e-14
8 14 2.805213e-03 1.374912e-02 0 0 0 0 1.628673e-13 4.863151e-14
8 15 2.805213e-03 1.791952e-02 0 0 0 0 1.427838e-13 3.827377e-14
8 16 2.805213e-03 2.335489e-02 0 0 0 0 1.223051e-13 3.015431e-14
8 17 2.805213e-03 3.043893e-02 0 0 0 0 1.016197e-13 2.321957e-14
8 18 2.805213e-03 3.967171e-02 0 0 0 0 8.123812e-14 1.756581e-14
8 19 2.805213e-03 5.170498e-02 0 0 0 0 6.190000e-14 1.286710e-14
9 0 3.656095e-03 3.369410e-04 0 0 0 0 2.701254e-13 6.031570e-13
9 1 3.656095e-03 4.391424e-04 0 0 0 0 2.702243e-13 5.376755e-13
9 2 3.656095e-03 5.723437e-04 0 0 0 0 2.704042e-13 4.733320e-13
9 3 3.656095e-03 7.459478e-04 0 0 0 0 2.706963e-13 4.103989e-13
9 4 3.656095e-03 9.722096e-04 0 0 0 0 2.711996e-13 3.503352e-13
9 5 3.656095e-03 1.267102e-03 0 0 0 0 2.721086e-13 2.944220e-13
9 6 3.656095e-03 1.651440e-03 0 0 0 0 2.738196e-13 2.436490e-13
9 7 3.656095e-03 2.152358e-03 0 0 0 0 2.773195e-13 1.989468e-13
9 8 3.656095e-03 2.805213e-03 0 0 0 0 2.858383e-13 1.604739e-13
9 9 3.656095e-03 3.656095e-03 0 0 0 0 9.229453e-13 1.280977e-13
9 10 3.656095e-03 4.765066e-03 0 0 0 0 2.568668e-13 1.013228e-13
9 11 3.656095e-03 6.210412e-03 0 0 0 0 2.261820e-13 7.946158e-14
9 12 3.656095e-03 8.094162e-03 0 0 0 0 2.032489e-13 6.252942e-14
9 13 3.656095e-03 1.054929e-02 0 0 0 0 1.827514e-13 4.916300e-14
9 14 3.656095e-03 1.374912e-02 0 0 0 0 1.628375e-13 3.892773e-14
9 15 3.656095e-03 1.791952e-02 0 0 0 0 1.427571e-13 3.059570e-14
9 16 3.656095e-03 2.335489e-02 0 0 0 0 1.222960e-13 2.404931e-14
9 17 3.656095e-03 3.043893e-02 0 0 0 0 1.016253e-13 1.848826e-14
9 18 3.656095e-03 3.967171e-02 0 0 0 0 8.125103e-14 1.397318e-14
9 19 3.656095e-03 5.170498e-02 0 0 0 0 6.191347e-14 1.023120e-14
10 0 4.765066e-03 3.369410e-04 0 0 0 0 2.451164e-13 4.750782e-13
10 1 4.765066e-03 4.391424e-04 0 0 0 0 2.451551e-13 4.229608e-13
10 2 4.765066e-03 5.723437e-04 0 0 0 0 2.452324e-13 3.718849e-13
10 3 4.765066e-03 7.459478e-04 0 0 0 0 2.453457e-13 3.220723e-13
10 4 4.765066e-03 9.722096e-04 0 0 0 0 2.455335e-13 2.746785e-13
10 5 4.765066e-03 1.267102e-03 0 0 0 0 2.458685e-13 2.307160e-13
10 6 4.765066e-03 1.651440e-03 0 0 0 0 2.464803e-13 1.909505e-13
10 7 4.765066e-03 2.152358e-03 0 0 0 0 2.476577e-13 1.561123e-13
10 8 4.765066e-03 2.805213e-03 0 0 0 0 2.501696e-13 1.262993e-13
10 9 4.765066e-03 3.656095e-03 0 0 0 0 2.568668e-13 1.013228e-13
10 10 4.765066e-03 4.765066e-03 0 0 0 0 6.337021e-13 8.066428e-14
10 11 4.765066e-03 6.210412e-03 0 0 0 0 2.311204e-13 6.366008e-14
10 12 4.765066e-03 8.094162e-03 0 0 0 0 2.041932e-13 5.026157e-14
10 13 4.765066e-03 1.054929e-02 0 0 0 0 1.828709e-13 3.946196e-14
10 14 4.765066e-03 1.374912e-02 0 0 0 0 1.627953e-13 3.116405e-14
10 15 4.765066e-03 1.791952e-02 0 0 0 0 1.427126e-13 2.446670e-14
10 16 4.765066e-03 2.335489e-02 0 0 0 0 1.222805e-13 1.917475e-14
10 17 4.765066e-03 3.043893e-02 0 0 0 0 1.016347e-13 1.471094e-14
10 18 4.765066e-03 3.967171e-02 0 0 0 0 8.127277e-14 1.109528e-14
10 19 4.765066e-03 5.170498e-02 0 0 0 0 6.193632e-14 8.109304e-15
11 0 6.210412e-03 3.369410e-04 0 0 0 0 2.229856e-13 3.755101e-13
11 1 6.210412e-03 4.391424e-04 0 0 0 0 2.229999e-13 3.337702e-13
11 2 6.210412e-03 5.723437e-04 0 0 0 0 2.230348e-13 2.929631e-13
11 3 6.210412e-03 7.459478e-04 0 0 0 0 2.230754e-13 2.532791e-13
11 4 6.210412e-03 9.722096e-04 0 0 0 0 2.231363e-13 2.156497e-13
11 5 6.210412e-03 1.267102e-03 0 0 0 0 2.232454e-13 1.808818e-13
11 6 6.210412e-03 1.651440e-03 0 0 0 0 2.234419e-13 1.495538e-13
11 7 6.210412e-03 2.152358e-03 0 0 0 0 2.238071e-13 1.221984e-13
11 8 6.210412e-03 2.805213e-03 0 0 0 0 2.245349e-13 9.886069e-14
11 9 6.210412e-03 3.656095e-03 0 0 0 0 2.261820e-13 7.946158e-14
11 10 6.210412e-03 4.765066e-03 0 0 0 0 2.311204e-13 6.366008e-14
11 11 6.210412e-03 6.210412e-03 0 0 0 0 4.539658e-13 5.072637e-14
11 12 6.210412e-03 8.094162e-03 0 0 0 0 2.075651e-13 4.030930e-14
11 13 6.210412e-03 1.054929e-02 0 0 0 0 1.832873e-13 3.165560e-14
11 14 6.210412e-03 1.374912e-02 0 0 0 0 1.627537e-13 2.497623e-14
11 15 6.210412e-03 1.791952e-02 0 0 0 0 1.426404e-13 1.958281e-14
11 16 6.210412e-03 2.335489e-02 0 0 0 0 1.222536e-13 1.529352e-14
11 17 6.210412e-03 3.043893e-02 0 0 0 0 1.016499e-13 1.171270e-14
11 18 6.210412e-03 3.967171e-02 0 0 0 0 8.130951e-14 8.811333e-15
11 19 6.210412e-03 5.170498e-02 0 0 0 0 6.197496e-14 6.422763e-15
12 0 8.094162e-03 3.369410e-04 0 0 0 0 2.024816e-13 3.004581e-13
12 1 8.094162e-03 4.391424e-04 0 0 0 0 2.024866e-13 2.665630e-13
12 2 8.094162e-03 5.723437e-04 0 0 0 0 2.025058e-13 2.334874e-13
12 3 8.094162e-03 7.459478e-04 0 0 0 0 2.025194e-13 2.013972e-13
12 4 8.094162e-03 9.722096e-04 0 0 0 0 2.025331e-13 1.710564e-13
12 5 8.094162e-03 1.267102e-03 0 0 0 0 2.025602e-13 1.431210e-13
12 6 8.094162e-03 1.651440e-03 0 0 0 0 2.026090e-13 1.180477e-13
12 7 8.094162e-03 2.152358e-03 0 0 0 0 2.026988e-13 9.625652e-14
12 8 8.094162e-03 2.805213e-03 0 0 0 0 2.028740e-13 7.777019e-14
12 9 8.094162e-03 3.656095e-03 0 0 0 0 2.032489e-13 6.252942e-14
12 10 8.094162e-03 4.765066e-03 0 0 0 0 2.041932e-13 5.026157e-14
12 11 8.094162e-03 6.210412e-03 0 0 0 0 2.075651e-13 4.030930e-14
12 12 8.094162e-03 8.094162e-03 0 0 0 0 3.390363e-13 3.228161e-14
12 13 8.094162e-03 1.054929e-02 0 0 0 0 1.853657e-13 2.551648e-14
12 14 8.094162e-03 1.374912e-02 0 0 0 0 1.628171e-13 2.020156e-14
12 15 8.094162e-03 1.791952e-02 0 0 0 0 1.425314e-13 1.580598e-14
12 16 8.094162e-03 2.335489e-02 0 0 0 0 1.222073e-13 1.229676e-14
12 17 8.094162e-03 3.043893e-02 0 0 0 0 1.016743e-13 9.405742e-15
12 18 8.094162e-03 3.967171e-02 0 0 0 0 8.137094e-14 7.054849e-15
12 19 8.094162e-03 5.170498e-02 0 0 0 0 6.204041e-14 5.125375e-15
13 0 1.054929e-02 3.369410e-04 0 0 0 0 1.826669e-13 2.399228e-13
13 1 1.054929e-02 4.391424e-04 0 0 0 0 1.826688e-13 2.125790e-13
13 2 1.054929e-02 5.723437e-04 0 0 0 0 1.826828e-13 1.859189e-13
13 3 1.054929e-02 7.459478e-04 0 0 0 0 1.826877e-13 1.600839e-13
13 4 1.054929e-02 9.722096e-04 0 0 0 0 1.826867e-13 1.356991e-13
13 5 1.054929e-02 1.267102e-03 0 0 0 0 1.826876e-13 1.133002e-13
13 6 1.054929e-02 1.651440e-03 0 0 0 0 1.826905e-13 9.325705e-14
13 7 1.054929e-02 2.152358e-03 0 0 0 0 1.826965e-13 7.590216e-14
13 8 1.054929e-02 2.805213e-03 0 0 0 0 1.827114e-13 6.123105e-14
13 9 1.054929e-02 3.656095e-03 0 0 0 0 1.827514e-13 4.916300e-14
13 10 1.054929e-02 4.765066e-03 0 0 0 0 1.828709e-13 3.946196e-14
13 11 1.054929e-02 6.210412e-03 0 0 0 0 1.832873e-13 3.165560e-14
13 12 1.054929e-02 8.094162e-03 0 0 0 0 1.853657e-13 2.551648e-14
13 13 1.054929e-02 1.054929e-02 0 0 0 0 2.624315e-13 2.041534e-14
13 14 1.054929e-02 1.374912e-02 0 0 0 0 1.639181e-13 1.629055e-14
13 15 1.054929e-02 1.791952e-02 0 0 0 0 1.424166e-13 1.272490e-14
13 16 1.054929e-02 2.335489e-02 0 0 0 0 1.221287e-13 9.873915e-15
13 17 1.054929e-02 3.043893e-02 0 0 0 0 1.017112e-13 7.546218e-15
13 18 1.054929e-02 3.967171e-02 0 0 0 0 8.147278e-14 5.643413e-15
13 19 1.054929e-02 5.170498e-02 0 0 0 0 6.215080e-14 4.089459e-15
14 0 1.374912e-02 3.369410e-04 0 0 0 0 1.628961e-13 1.933890e-13
14 1 1.374912e-02 4.391424e-04 0 0 0 0 1.628975e-13 1.712248e-13
14 2 1.374912e-02 5.723437e-04 0 0 0 0 1.629104e-13 1.496063e-13
14 3 1.374912e-02 7.459478e-04 0 0 0 0 1.629134e-13 1.286526e-13
14 4 1.374912e-02 9.722096e-04 0 0 0 0 1.629092e-13 1.088773e-13
14 5 1.374912e-02 1.267102e-03 0 0 0 0 1.629047e-13 9.072175e-14
14 6 1.374912e-02 1.651440e-03 0 0 0 0 1.628979e-13 7.449301e-14
14 7 1.374912e-02 2.152358e-03 0 0 0 0 1.628862e-13 6.046450e-14
14 8 1.374912e-02 2.805213e-03 0 0 0 0 1.628673e-13 4.863151e-14
14 9 1.374912e-02 3.656095e-03 0 0 0 0 1.628375e-13 3.892773e-14
14 10 1.374912e-02 4.765066e-03 0 0 0 0 1.627953e-13 3.116405e-14
14 11 1.374912e-02 6.210412e-03 0 0 0 0 1.627537e-13 2.497623e-14
14 12 1.374912e-02 8.094162e-03 0 0 0 0 1.628171e-13 2.020156e-14
14 13 1.374912e-02 1.054929e-02 0 0 0 0 1.639181e-13 1.629055e-14
14 14 1.374912e-02 1.374912e-02 0 0 0 0 2.084961e-13 1.310879e-14
14 15 1.374912e-02 1.791952e-02 0 0 0 0 1.428807e-13 1.029072e-14
14 16 1.374912e-02 2.335489e-02 0 0 0 0 1.220140e-13 8.008591e-15
14 17 1.374912e-02 3.043893e-02 0 0 0 0 1.017620e-13 6.112601e-15
14 18 1.374912e-02 3.967171e-02 0 0 0 0 8.163833e-14 4.554702e-15
14 19 1.374912e-02 5.170498e-02 0 0 0 0 6.233603e-14 3.297123e-15
15 0 1.791952e-02 3.369410e-04 0 0 0 0 1.428038e-13 1.532748e-13
15 1 1.791952e-02 4.391424e-04 0 0 0 0 1.428054e-13 1.357076e-13
15 2 1.791952e-02 5.723437e-04 0 0 0 0 1.428185e-13 1.185550e-13
15 3 1.791952e-02 7.459478e-04 0 0 0 0 1.428219e-13 1.019119e-13
15 4 1.791952e-02 9.722096e-04 0 0 0 0 1.428182e-13 8.618870e-14
15 5 1.791952e-02 1.267102e-03 0 0 0 0 1.428146e-13 7.174102e-14
15 6 1.791952e-02 1.651440e-03 0 0 0 0 1.428091e-13 5.882359e-14
15 7 1.791952e-02 2.152358e-03 0 0 0 0 1.427998e-13 4.766550e-14
15 8 1.791952e-02 2.805213e-03 0 0 0 0 1.427838e-13 3.827377e-14
15 9 1.791952e-02 3.656095e-03 0 0 0 0 1.427571e-13 3.059570e-14
15 10 1.791952e-02 4.765066e-03 0 0 0 0 1.427126e-13 2.446670e-14
15 11 1.791952e-02 6.210412e-03 0 0 0 0 1.426404e-13 1.958281e-14
15 12 1.791952e-02 8.094162e-03 0 0 0 0 1.425314e-13 1.580598e-14
15 13 1.791952e-02 1.054929e-02 0 0 0 0 1.424166e-13 1.272490e-14
15 14 1.791952e-02 1.374912e-02 0 0 0 0 1.428807e-13 1.029072e-14
15 15 1.791952e-02 1.791952e-02 0 0 0 0 1.680668e-13 8.180582e-15
15 16 1.791952e-02 2.335489e-02 0 0 0 0 1.221947e-13 6.426481e-15
15 17 1.791952e-02 3.043893e-02 0 0 0 0 1.018237e-13 4.897606e-15
15 18 1.791952e-02 3.967171e-02 0 0 0 0 8.189825e-14 3.637245e-15
15 19 1.791952e-02 5.170498e-02 0 0 0 0 6.264371e-14 2.635460e-15
16 0 2.335489e-02 3.369410e-04 0 0 0 0 1.222994e-13 1.207031e-13
16 1 2.335489e-02 4.391424e-04 0 0 0 0 1.223013e-13 1.069822e-13
16 2 2.335489e-02 5.723437e-04 0 0 0 0 1.223146e-13 9.355267e-14
16 3 2.335489e-02 7.459478e-04 0 0 0 0 1.223188e-13 8.048745e-14
16 4 2.335489e-02 9.722096e-04 0 0 0 0 1.223165e-13 6.810930e-14
16 5 2.335489e-02 1.267102e-03 0 0 0 0 1.223152e-13 5.670095e-14
16 6 2.335489e-02 1.651440e-03 0 0 0 0 1.223135e-13 4.647354e-14
16 7 2.335489e-02 2.152358e-03 0 0 0 0 1.223103e-13 3.761828e-14
16 8 2.335489e-02 2.805213e-03 0 0 0 0 1.223051e-13 3.015431e-14
16 9 2.335489e-02 3.656095e-03 0 0 0 0 1.222960e-13 2.404931e-14
16 10 2.335489e-02 4.765066e-03 0 0 0 0 1.222805e-13 1.917475e-14
16 11 2.335489e-02 6.210412e-03 0 0 0 0 1.222536e-13 1.529352e-14
16 12 2.335489e-02 8.094162e-03 0 0 0 0 1.222073e-13 1.229676e-14
16 13 2.335489e-02 1.054929e-02 0 0 0 0 1.221287e-13 9.873915e-15
16 14 2.335489e-02 1.374912e-02 0 0 0 0 1.220140e-13 8.008591e-15
16 15 2.335489e-02 1.791952e-02 0 0 0 0 1.221947e-13 6.426481e-15
16 16 2.335489e-02 2.335489e-02 0 0 0 0 1.359145e-13 5.098432e-15
16 17 2.335489e-02 3.043893e-02 0 0 0 0 1.020654e-13 3.901507e-15
16 18 2.335489e-02 3.967171e-02 0 0 0 0 8.228052e-14 2.906091e-15
16 19 2.335489e-02 5.170498e-02 0 0 0 0 6.314452e-14 2.110042e-15
17 0 3.043893e-02 3.369410e-04 0 0 0 0 1.015937e-13 9.236597e-14
17 1 3.043893e-02 4.391424e-04 0 0 0 0 1.015958e-13 8.198898e-14
17 2 3.043893e-02 5.723437e-04 0 0 0 0 1.016092e-13 7.180528e-14
17 3 3.043893e-02 7.459478e-04 0 0 0 0 1.016140e-13 6.186820e-14
17 4 3.043893e-02 9.722096e-04 0 0 0 0 1.016127e-13 5.242273e-14
17 5 3.043893e-02 1.267102e-03 0 0 0 0 1.016131e-13 4.368560e-14
17 6 3.043893e-02 1.651440e-03 0 0 0 0 1.016145e-13 3.582498e-14
17 7 3.043893e-02 2.152358e-03 0 0 0 0 1.016164e-13 2.899424e-14
17 8 3.043893e-02 2.805213e-03 0 0 0 0 1.016197e-13 2.321957e-14
17 9 3.043893e-02 3.656095e-03 0 0 0 0 1.016253e-13 1.848826e-14
17 10 3.043893e-02 4.765066e-03 0 0 0 0 1.016347e-13 1.471094e-14
17 11 3.043893e-02 6.210412e-03 0 0 0 0 1.016499e-13 1.171270e-14
17 12 3.043893e-02 8.094162e-03 0 0 0 0 1.016743e-13 9.405742e-15
17 13 3.043893e-02 1.054929e-02 0 0 0 0 1.017112e-13 7.546218e-15
17 14 3.043893e-02 1.374912e-02 0 0 0 0 1.017620e-13 6.112601e-15
17 15 3.043893e-02 1.791952e-02 0 0 0 0 1.018237e-13 4.897606e-15
17 16 3.043893e-02 2.335489e-02 0 0 0 0 1.020654e-13 3.901507e-15
17 17 3.043893e-02 3.043893e-02 0 0 0 0 1.091896e-13 3.021159e-15
17 18 3.043893e-02 3.967171e-02 0 0 0 0 8.287599e-14 2.277038e-15
17 19 3.043893e-02 5.170498e-02 0 0 0 0 6.392523e-14 1.656587e-15
18 0 3.967171e-02 3.369410e-04 0 0 0 0 8.120217e-14 6.868848e-14
18 1 3.967171e-02 4.391424e-04 0 0 0 0 8.120440e-14 6.112998e-14
18 2 3.967171e-02 5.723437e-04 0 0 0 0 8.121765e-14 5.368393e-14
18 3 3.967171e-02 7.459478e-04 0 0 0 0 8.122286e-14 4.638634e-14
18 4 3.967171e-02 9.722096e-04 0 0 0 0 8.122202e-14 3.941518e-14
18 5 3.967171e-02 1.267102e-03 0 0 0 0 8.122324e-14 3.293013e-14
18 6 3.967171e-02 1.651440e-03 0 0 0 0 8.122605e-14 2.706147e-14
18 7 3.967171e-02 2.152358e-03 0 0 0 0 8.123050e-14 2.192954e-14
18 8 3.967171e-02 2.805213e-03 0 0 0 0 8.123812e-14 1.756581e-14
18 9 3.967171e-02 3.656095e-03 0 0 0 0 8.125103e-14 1.397318e-14
18 10 3.967171e-02 4.765066e-03 0 0 0 0 8.127277e-14 1.109528e-14
18 11 3.967171e-02 6.210412e-03 0 0 0 0 8.130951e-14 8.811333e-15
18 12 3.967171e-02 8.094162e-03 0 0 0 0 8.137094e-14 7.054849e-15
18 13 3.967171e-02 1.054929e-02 0 0 0 0 8.147278e-14 5.643413e-15
18 14 3.967171e-02 1.374912e-02 0 0 0 0 8.163833e-14 4.554702e-15
18 15 3.967171e-02 1.791952e-02 0 0 0 0 8.189825e-14 3.637245e-15
18 16 3.967171e-02 2.335489e-02 0 0 0 0 8.228052e-14 2.906091e-15
18 17 3.967171e-02 3.043893e-02 0 0 0 0 8.287599e-14 2.277038e-15
18 18 3.967171e-02 3.967171e-02 0 0 0 0 8.643102e-14 1.740271e-15
18 19 3.967171e-02 5.170498e-02 0 0 0 0 6.508026e-14 1.274044e-15
19 0 5.170498e-02 3.369410e-04 0 0 0 0 6.186375e-14 4.926453e-14
19 1 5.170498e-02 4.391424e-04 0 0 0 0 6.186594e-14 4.397356e-14
19 2 5.170498e-02 5.723437e-04 0 0 0 0 6.187865e-14 3.873903e-14
19 3 5.170498e-02 7.459478e-04 0 0 0 0 6.188406e-14 3.358354e-14
19 4 5.170498e-02 9.722096e-04 0 0 0 0 6.188327e-14 2.863088e-14
19 5 5.170498e-02 1.267102e-03 0 0 0 0 6.188456e-14 2.399396e-14
19 6 5.170498e-02 1.651440e-03 0 0 0 0 6.188749e-14 1.977005e-14
19 7 5.170498e-02 2.152358e-03 0 0 0 0 6.189210e-14 1.605038e-14
19 8 5.170498e-02 2.805213e-03 0 0 0 0 6.190000e-14 1.286710e-14
19 9 5.170498e-02 3.656095e-03 0 0 0 0 6.191347e-14 1.023120e-14
19 10 5.170498e-02 4.765066e-03 0 0 0 0 6.193632e-14 8.109304e-15
19 11 5.170498e-02 6.210412e-03 0 0 0 0 6.197496e-14 6.422763e-15
19 12 5.170498e-02 8.094162e-03 0 0 0 0 6.204041e-14 5.125375e-15
19 13 5.170498e-02 1.054929e-02 0 0 0 0 6.215080e-14 4.089459e-15
19 14 5.170498e-02 1.374912e-02 0 0 0 0 6.233603e-14 3.297123e-15
19 15 5.170498e-02 1.791952e-02 0 0 0 0 6.264371e-14 2.635460e-15
19 16 5.170498e-02 2.335489e-02 0 0 0 0 6.314452e-14 2.110042e-15
19 17 5.170498e-02 3.043893e-02 0 0 0 0 6.392523e-14 1.656587e-15
19 18 5.170498e-02 3.967171e-02 0 0 0 0 6.508026e-14 1.274044e-15
19 19 5.170498e-02 5.170498e-02 0 0 0 0 6.696326e-14 9.443350e-16
