# Please cite the following papers in research using this covariance:
# arXiv: 1601.05779, https://arxiv.org/abs/1601.05779
# arXiv: 1911.11947, https://arxiv.org/abs/1911.11947
# arXiv: 2004.04833, https://arxiv.org/abs/2004.04833
########################################################
0 20 3.369410e-04 3.369410e-04 0 0 0 0 -1.197746e-14 3.221239e-13
0 21 3.369410e-04 4.391424e-04 0 0 0 0 -2.774150e-14 3.362608e-13
0 22 3.369410e-04 5.723437e-04 0 0 0 0 -3.299674e-15 3.535837e-13
0 23 3.369410e-04 7.459478e-04 0 0 0 0 3.092257e-14 3.675332e-13
0 24 3.369410e-04 9.722096e-04 0 0 0 0 5.647908e-14 3.767437e-13
0 25 3.369410e-04 1.267102e-03 0 0 0 0 7.037459e-14 3.793663e-13
0 26 3.369410e-04 1.651440e-03 0 0 0 0 7.465135e-14 3.734344e-13
0 27 3.369410e-04 2.152358e-03 0 0 0 0 7.230475e-14 3.596465e-13
0 28 3.369410e-04 2.805213e-03 0 0 0 0 6.602485e-14 3.361790e-13
0 29 3.369410e-04 3.656095e-03 0 0 0 0 5.790716e-14 3.063762e-13
0 30 3.369410e-04 4.765066e-03 0 0 0 0 4.943650e-14 2.702952e-13
0 31 3.369410e-04 6.210412e-03 0 0 0 0 4.156743e-14 2.318891e-13
0 32 3.369410e-04 8.094162e-03 0 0 0 0 3.483335e-14 1.937289e-13
0 33 3.369410e-04 1.054929e-02 0 0 0 0 2.945443e-14 1.574959e-13
0 34 3.369410e-04 1.374912e-02 0 0 0 0 2.544066e-14 1.270082e-13
0 35 3.369410e-04 1.791952e-02 0 0 0 0 2.267936e-14 1.003541e-13
0 36 3.369410e-04 2.335489e-02 0 0 0 0 2.099250e-14 8.043226e-14
0 37 3.369410e-04 3.043893e-02 0 0 0 0 2.017718e-14 6.419837e-14
0 38 3.369410e-04 3.967171e-02 0 0 0 0 1.999975e-14 5.238774e-14
0 39 3.369410e-04 5.170498e-02 0 0 0 0 2.016984e-14 4.320632e-14
1 20 4.391424e-04 3.369410e-04 0 0 0 0 -6.618508e-16 2.778198e-13
1 21 4.391424e-04 4.391424e-04 0 0 0 0 -1.217935e-14 2.902080e-13
1 22 4.391424e-04 5.723437e-04 0 0 0 0 -2.909419e-14 3.054396e-13
1 23 4.391424e-04 7.459478e-04 0 0 0 0 -4.224981e-15 3.178852e-13
1 24 4.391424e-04 9.722096e-04 0 0 0 0 2.946268e-14 3.264054e-13
1 25 4.391424e-04 1.267102e-03 0 0 0 0 5.312480e-14 3.293941e-13
1 26 4.391424e-04 1.651440e-03 0 0 0 0 6.465248e-14 3.251329e-13
1 27 4.391424e-04 2.152358e-03 0 0 0 0 6.685641e-14 3.140793e-13
1 28 4.391424e-04 2.805213e-03 0 0 0 0 6.318521e-14 2.946098e-13
1 29 4.391424e-04 3.656095e-03 0 0 0 0 5.647481e-14 2.694622e-13
1 30 4.391424e-04 4.765066e-03 0 0 0 0 4.872945e-14 2.386154e-13
1 31 4.391424e-04 6.210412e-03 0 0 0 0 4.122270e-14 2.054429e-13
1 32 4.391424e-04 8.094162e-03 0 0 0 0 3.466523e-14 1.721551e-13
1 33 4.391424e-04 1.054929e-02 0 0 0 0 2.937135e-14 1.403094e-13
1 34 4.391424e-04 1.374912e-02 0 0 0 0 2.539865e-14 1.132956e-13
1 35 4.391424e-04 1.791952e-02 0 0 0 0 2.265735e-14 8.954908e-14
1 36 4.391424e-04 2.335489e-02 0 0 0 0 2.098046e-14 7.172219e-14
1 37 4.391424e-04 3.043893e-02 0 0 0 0 2.017030e-14 5.713371e-14
1 38 4.391424e-04 3.967171e-02 0 0 0 0 1.999566e-14 4.653375e-14
1 39 4.391424e-04 5.170498e-02 0 0 0 0 2.016733e-14 3.828161e-14
2 20 5.723437e-04 3.369410e-04 0 0 0 0 -6.781746e-17 2.358764e-13
2 21 5.723437e-04 4.391424e-04 0 0 0 0 -3.740787e-16 2.465564e-13
2 22 5.723437e-04 5.723437e-04 0 0 0 0 -1.219219e-14 2.597191e-13
2 23 5.723437e-04 7.459478e-04 0 0 0 0 -2.999466e-14 2.705980e-13
2 24 5.723437e-04 9.722096e-04 0 0 0 0 -5.029743e-15 2.782804e-13
2 25 5.723437e-04 1.267102e-03 0 0 0 0 2.741498e-14 2.814244e-13
2 26 5.723437e-04 1.651440e-03 0 0 0 0 4.874972e-14 2.785563e-13
2 27 5.723437e-04 2.152358e-03 0 0 0 0 5.791742e-14 2.699494e-13
2 28 5.723437e-04 2.805213e-03 0 0 0 0 5.845108e-14 2.541767e-13
2 29 5.723437e-04 3.656095e-03 0 0 0 0 5.406595e-14 2.334014e-13
2 30 5.723437e-04 4.765066e-03 0 0 0 0 4.753553e-14 2.075388e-13
2 31 5.723437e-04 6.210412e-03 0 0 0 0 4.063891e-14 1.794089e-13
2 32 5.723437e-04 8.094162e-03 0 0 0 0 3.438029e-14 1.508675e-13
2 33 5.723437e-04 1.054929e-02 0 0 0 0 2.923045e-14 1.233293e-13
2 34 5.723437e-04 1.374912e-02 0 0 0 0 2.532729e-14 9.975229e-14
2 35 5.723437e-04 1.791952e-02 0 0 0 0 2.261995e-14 7.889791e-14
2 36 5.723437e-04 2.335489e-02 0 0 0 0 2.095999e-14 6.315807e-14
2 37 5.723437e-04 3.043893e-02 0 0 0 0 2.015861e-14 5.021398e-14
2 38 5.723437e-04 3.967171e-02 0 0 0 0 1.998878e-14 4.081547e-14
2 39 5.723437e-04 5.170498e-02 0 0 0 0 2.016323e-14 3.348349e-14
3 20 7.459478e-04 3.369410e-04 0 0 0 0 -4.713472e-17 1.965972e-13
3 21 7.459478e-04 4.391424e-04 0 0 0 0 4.292785e-17 2.056206e-13
3 22 7.459478e-04 5.723437e-04 0 0 0 0 -4.954307e-17 2.167680e-13
3 23 7.459478e-04 7.459478e-04 0 0 0 0 -1.183827e-14 2.260733e-13
3 24 7.459478e-04 9.722096e-04 0 0 0 0 -3.030936e-14 2.328116e-13
3 25 7.459478e-04 1.267102e-03 0 0 0 0 -5.623644e-15 2.358794e-13
3 26 7.459478e-04 1.651440e-03 0 0 0 0 2.493407e-14 2.340728e-13
3 27 7.459478e-04 2.152358e-03 0 0 0 0 4.365869e-14 2.275828e-13
3 28 7.459478e-04 2.805213e-03 0 0 0 0 5.067007e-14 2.151638e-13
3 29 7.459478e-04 3.656095e-03 0 0 0 0 5.004606e-14 1.984340e-13
3 30 7.459478e-04 4.765066e-03 0 0 0 0 4.552694e-14 1.772617e-13
3 31 7.459478e-04 6.210412e-03 0 0 0 0 3.965281e-14 1.539396e-13
3 32 7.459478e-04 8.094162e-03 0 0 0 0 3.389775e-14 1.299781e-13
3 33 7.459478e-04 1.054929e-02 0 0 0 0 2.899172e-14 1.066354e-13
3 34 7.459478e-04 1.374912e-02 0 0 0 0 2.520620e-14 8.643688e-14
3 35 7.459478e-04 1.791952e-02 0 0 0 0 2.255642e-14 6.844407e-14
3 36 7.459478e-04 2.335489e-02 0 0 0 0 2.092524e-14 5.477569e-14
3 37 7.459478e-04 3.043893e-02 0 0 0 0 2.013877e-14 4.347022e-14
3 38 7.459478e-04 3.967171e-02 0 0 0 0 1.997706e-14 3.526028e-14
3 39 7.459478e-04 5.170498e-02 0 0 0 0 2.015618e-14 2.883705e-14
4 20 9.722096e-04 3.369410e-04 0 0 0 0 -4.373118e-17 1.609732e-13
4 21 9.722096e-04 4.391424e-04 0 0 0 0 4.248104e-17 1.684365e-13
4 22 9.722096e-04 5.723437e-04 0 0 0 0 1.586346e-16 1.776902e-13
4 23 9.722096e-04 7.459478e-04 0 0 0 0 3.271453e-16 1.854951e-13
4 24 9.722096e-04 9.722096e-04 0 0 0 0 -1.116386e-14 1.912499e-13
4 25 9.722096e-04 1.267102e-03 0 0 0 0 -2.989457e-14 1.940286e-13
4 26 9.722096e-04 1.651440e-03 0 0 0 0 -5.919699e-15 1.929173e-13
4 27 9.722096e-04 2.152358e-03 0 0 0 0 2.219082e-14 1.881296e-13
4 28 9.722096e-04 2.805213e-03 0 0 0 0 3.822019e-14 1.785937e-13
4 29 9.722096e-04 3.656095e-03 0 0 0 0 4.342811e-14 1.654584e-13
4 30 9.722096e-04 4.765066e-03 0 0 0 0 4.217262e-14 1.485589e-13
4 31 9.722096e-04 6.210412e-03 0 0 0 0 3.799370e-14 1.296778e-13
4 32 9.722096e-04 8.094162e-03 0 0 0 0 3.308236e-14 1.100009e-13
4 33 9.722096e-04 1.054929e-02 0 0 0 0 2.858753e-14 9.062907e-14
4 34 9.722096e-04 1.374912e-02 0 0 0 0 2.500097e-14 7.366248e-14
4 35 9.722096e-04 1.791952e-02 0 0 0 0 2.244857e-14 5.842915e-14
4 36 9.722096e-04 2.335489e-02 0 0 0 0 2.086625e-14 4.676830e-14
4 37 9.722096e-04 3.043893e-02 0 0 0 0 2.010510e-14 3.705894e-14
4 38 9.722096e-04 3.967171e-02 0 0 0 0 1.995717e-14 2.999856e-14
4 39 9.722096e-04 5.170498e-02 0 0 0 0 2.014419e-14 2.445352e-14
5 20 1.267102e-03 3.369410e-04 0 0 0 0 -5.266916e-17 1.297866e-13
5 21 1.267102e-03 4.391424e-04 0 0 0 0 1.170774e-17 1.358314e-13
5 22 1.267102e-03 5.723437e-04 0 0 0 0 7.774401e-17 1.433552e-13
5 23 1.267102e-03 7.459478e-04 0 0 0 0 2.690806e-16 1.497557e-13
5 24 1.267102e-03 9.722096e-04 0 0 0 0 7.111647e-16 1.545300e-13
5 25 1.267102e-03 1.267102e-03 0 0 0 0 -1.016424e-14 1.569018e-13
5 26 1.267102e-03 1.651440e-03 0 0 0 0 -2.872308e-14 1.561908e-13
5 27 1.267102e-03 2.152358e-03 0 0 0 0 -5.886752e-15 1.526310e-13
5 28 1.267102e-03 2.805213e-03 0 0 0 0 1.937057e-14 1.453615e-13
5 29 1.267102e-03 3.656095e-03 0 0 0 0 3.280840e-14 1.352516e-13
5 30 1.267102e-03 4.765066e-03 0 0 0 0 3.664294e-14 1.221063e-13
5 31 1.267102e-03 6.210412e-03 0 0 0 0 3.522142e-14 1.071859e-13
5 32 1.267102e-03 8.094162e-03 0 0 0 0 3.171065e-14 9.138998e-14
5 33 1.267102e-03 1.054929e-02 0 0 0 0 2.790453e-14 7.566807e-14
5 34 1.267102e-03 1.374912e-02 0 0 0 0 2.465365e-14 6.170831e-14
5 35 1.267102e-03 1.791952e-02 0 0 0 0 2.226571e-14 4.906785e-14
5 36 1.267102e-03 2.335489e-02 0 0 0 0 2.076618e-14 3.930555e-14
5 37 1.267102e-03 3.043893e-02 0 0 0 0 2.004799e-14 3.111537e-14
5 38 1.267102e-03 3.967171e-02 0 0 0 0 1.992341e-14 2.514208e-14
5 39 1.267102e-03 5.170498e-02 0 0 0 0 2.012384e-14 2.042764e-14
6 20 1.651440e-03 3.369410e-04 0 0 0 0 -6.228173e-17 1.033128e-13
6 21 1.651440e-03 4.391424e-04 0 0 0 0 -6.999011e-18 1.081109e-13
6 22 1.651440e-03 5.723437e-04 0 0 0 0 2.604495e-17 1.140974e-13
6 23 1.651440e-03 7.459478e-04 0 0 0 0 1.126419e-16 1.192124e-13
6 24 1.651440e-03 9.722096e-04 0 0 0 0 3.400413e-16 1.230636e-13
6 25 1.651440e-03 1.267102e-03 0 0 0 0 1.067481e-15 1.250315e-13
6 26 1.651440e-03 1.651440e-03 0 0 0 0 -8.914758e-15 1.245541e-13
6 27 1.651440e-03 2.152358e-03 0 0 0 0 -2.685639e-14 1.217863e-13
6 28 1.651440e-03 2.805213e-03 0 0 0 0 -5.543880e-15 1.161307e-13
6 29 1.651440e-03 3.656095e-03 0 0 0 0 1.664178e-14 1.084133e-13
6 30 1.651440e-03 4.765066e-03 0 0 0 0 2.774756e-14 9.841583e-14
6 31 1.651440e-03 6.210412e-03 0 0 0 0 3.064729e-14 8.689261e-14
6 32 1.651440e-03 8.094162e-03 0 0 0 0 2.941823e-14 7.450820e-14
6 33 1.651440e-03 1.054929e-02 0 0 0 0 2.675574e-14 6.204518e-14
6 34 1.651440e-03 1.374912e-02 0 0 0 0 2.406708e-14 5.080225e-14
6 35 1.651440e-03 1.791952e-02 0 0 0 0 2.195631e-14 4.053261e-14
6 36 1.651440e-03 2.335489e-02 0 0 0 0 2.059648e-14 3.251786e-14
6 37 1.651440e-03 3.043893e-02 0 0 0 0 1.995113e-14 2.573725e-14
6 38 1.651440e-03 3.967171e-02 0 0 0 0 1.986614e-14 2.076866e-14
6 39 1.651440e-03 5.170498e-02 0 0 0 0 2.008927e-14 1.682315e-14
7 20 2.152358e-03 3.369410e-04 0 0 0 0 -6.323101e-17 8.174312e-14
7 21 2.152358e-03 4.391424e-04 0 0 0 0 -1.426796e-17 8.549492e-14
7 22 2.152358e-03 5.723437e-04 0 0 0 0 2.816007e-18 9.017943e-14
7 23 2.152358e-03 7.459478e-04 0 0 0 0 4.206367e-17 9.417836e-14
7 24 2.152358e-03 9.722096e-04 0 0 0 0 1.166096e-16 9.719841e-14
7 25 2.152358e-03 1.267102e-03 0 0 0 0 3.803214e-16 9.876377e-14
7 26 2.152358e-03 1.651440e-03 0 0 0 0 1.343045e-15 9.838235e-14
7 27 2.152358e-03 2.152358e-03 0 0 0 0 -7.531649e-15 9.611249e-14
7 28 2.152358e-03 2.805213e-03 0 0 0 0 -2.443530e-14 9.157239e-14
7 29 2.152358e-03 3.656095e-03 0 0 0 0 -4.959644e-15 8.558784e-14
7 30 2.152358e-03 4.765066e-03 0 0 0 0 1.414082e-14 7.797233e-14
7 31 2.152358e-03 6.210412e-03 0 0 0 0 2.327642e-14 6.918008e-14
7 32 2.152358e-03 8.094162e-03 0 0 0 0 2.563492e-14 5.969120e-14
7 33 2.152358e-03 1.054929e-02 0 0 0 0 2.483662e-14 5.003165e-14
7 34 2.152358e-03 1.374912e-02 0 0 0 0 2.308067e-14 4.115833e-14
7 35 2.152358e-03 1.791952e-02 0 0 0 0 2.143420e-14 3.298824e-14
7 36 2.152358e-03 2.335489e-02 0 0 0 0 2.030935e-14 2.652815e-14
7 37 2.152358e-03 3.043893e-02 0 0 0 0 1.978699e-14 2.101537e-14
7 38 2.152358e-03 3.967171e-02 0 0 0 0 1.976903e-14 1.694977e-14
7 39 2.152358e-03 5.170498e-02 0 0 0 0 2.003062e-14 1.369767e-14
8 20 2.805213e-03 3.369410e-04 0 0 0 0 -6.476265e-17 6.458699e-14
8 21 2.805213e-03 4.391424e-04 0 0 0 0 -1.720946e-17 6.749585e-14
8 22 2.805213e-03 5.723437e-04 0 0 0 0 -5.375021e-18 7.112494e-14
8 23 2.805213e-03 7.459478e-04 0 0 0 0 1.675121e-17 7.420033e-14
8 24 2.805213e-03 9.722096e-04 0 0 0 0 3.658069e-17 7.649320e-14
8 25 2.805213e-03 1.267102e-03 0 0 0 0 1.125168e-16 7.764297e-14
8 26 2.805213e-03 1.651440e-03 0 0 0 0 3.859853e-16 7.726320e-14
8 27 2.805213e-03 2.152358e-03 0 0 0 0 1.500472e-15 7.540227e-14
8 28 2.805213e-03 2.805213e-03 0 0 0 0 -6.142328e-15 7.174609e-14
8 29 2.805213e-03 3.656095e-03 0 0 0 0 -2.165919e-14 6.693612e-14
8 30 2.805213e-03 4.765066e-03 0 0 0 0 -4.227761e-15 6.090267e-14
8 31 2.805213e-03 6.210412e-03 0 0 0 0 1.196147e-14 5.415451e-14
8 32 2.805213e-03 8.094162e-03 0 0 0 0 1.953466e-14 4.703489e-14
8 33 2.805213e-03 1.054929e-02 0 0 0 0 2.167099e-14 3.970081e-14
8 34 2.805213e-03 1.374912e-02 0 0 0 0 2.143426e-14 3.284065e-14
8 35 2.805213e-03 1.791952e-02 0 0 0 0 2.055663e-14 2.648284e-14
8 36 2.805213e-03 2.335489e-02 0 0 0 0 1.982508e-14 2.136432e-14
8 37 2.805213e-03 3.043893e-02 0 0 0 0 1.950928e-14 1.696160e-14
8 38 2.805213e-03 3.967171e-02 0 0 0 0 1.960455e-14 1.368868e-14
8 39 2.805213e-03 5.170498e-02 0 0 0 0 1.993116e-14 1.104850e-14
9 20 3.656095e-03 3.369410e-04 0 0 0 0 -6.533901e-17 5.127692e-14
9 21 3.656095e-03 4.391424e-04 0 0 0 0 -1.816241e-17 5.353527e-14
9 22 3.656095e-03 5.723437e-04 0 0 0 0 -8.163979e-18 5.634438e-14
9 23 3.656095e-03 7.459478e-04 0 0 0 0 8.328028e-18 5.869195e-14
9 24 3.656095e-03 9.722096e-04 0 0 0 0 1.106768e-17 6.039401e-14
9 25 3.656095e-03 1.267102e-03 0 0 0 0 3.099219e-17 6.118166e-14
9 26 3.656095e-03 1.651440e-03 0 0 0 0 1.014499e-16 6.077529e-14
9 27 3.656095e-03 2.152358e-03 0 0 0 0 3.583397e-16 5.924972e-14
9 28 3.656095e-03 2.805213e-03 0 0 0 0 1.530097e-15 5.628926e-14
9 29 3.656095e-03 3.656095e-03 0 0 0 0 -4.860990e-15 5.228817e-14
9 30 3.656095e-03 4.765066e-03 0 0 0 0 -1.874944e-14 4.729129e-14
9 31 3.656095e-03 6.210412e-03 0 0 0 0 -3.443840e-15 4.197342e-14
9 32 3.656095e-03 8.094162e-03 0 0 0 0 1.015442e-14 3.660475e-14
9 33 3.656095e-03 1.054929e-02 0 0 0 0 1.657049e-14 3.107172e-14
9 34 3.656095e-03 1.374912e-02 0 0 0 0 1.872188e-14 2.587417e-14
9 35 3.656095e-03 1.791952e-02 0 0 0 0 1.909367e-14 2.102826e-14
9 36 3.656095e-03 2.335489e-02 0 0 0 0 1.901177e-14 1.703070e-14
9 37 3.656095e-03 3.043893e-02 0 0 0 0 1.904099e-14 1.357284e-14
9 38 3.656095e-03 3.967171e-02 0 0 0 0 1.932636e-14 1.097467e-14
9 39 3.656095e-03 5.170498e-02 0 0 0 0 1.976273e-14 8.859871e-15
10 20 4.765066e-03 3.369410e-04 0 0 0 0 -6.528601e-17 4.112479e-14
10 21 4.765066e-03 4.391424e-04 0 0 0 0 -1.847323e-17 4.289738e-14
10 22 4.765066e-03 5.723437e-04 0 0 0 0 -8.975188e-18 4.509297e-14
10 23 4.765066e-03 7.459478e-04 0 0 0 0 5.818105e-18 4.689744e-14
10 24 4.765066e-03 9.722096e-04 0 0 0 0 3.604717e-18 4.816181e-14
10 25 4.765066e-03 1.267102e-03 0 0 0 0 7.808002e-18 4.868077e-14
10 26 4.765066e-03 1.651440e-03 0 0 0 0 2.586376e-17 4.823384e-14
10 27 4.765066e-03 2.152358e-03 0 0 0 0 8.427550e-17 4.689835e-14
10 28 4.765066e-03 2.805213e-03 0 0 0 0 3.079782e-16 4.441512e-14
10 29 4.765066e-03 3.656095e-03 0 0 0 0 1.445033e-15 4.108999e-14
10 30 4.765066e-03 4.765066e-03 0 0 0 0 -3.769611e-15 3.696897e-14
10 31 4.765066e-03 6.210412e-03 0 0 0 0 -1.591237e-14 3.263290e-14
10 32 4.765066e-03 8.094162e-03 0 0 0 0 -2.687025e-15 2.834376e-14
10 33 4.765066e-03 1.054929e-02 0 0 0 0 8.733055e-15 2.407096e-14
10 34 4.765066e-03 1.374912e-02 0 0 0 0 1.436090e-14 2.019913e-14
10 35 4.765066e-03 1.791952e-02 0 0 0 0 1.668827e-14 1.656197e-14
10 36 4.765066e-03 2.335489e-02 0 0 0 0 1.765759e-14 1.347970e-14
10 37 4.765066e-03 3.043893e-02 0 0 0 0 1.825529e-14 1.080893e-14
10 38 4.765066e-03 3.967171e-02 0 0 0 0 1.885730e-14 8.766921e-15
10 39 4.765066e-03 5.170498e-02 0 0 0 0 1.947794e-14 7.090639e-15
11 20 6.210412e-03 3.369410e-04 0 0 0 0 -6.514708e-17 3.313365e-14
11 21 6.210412e-03 4.391424e-04 0 0 0 0 -1.844909e-17 3.454178e-14
11 22 6.210412e-03 5.723437e-04 0 0 0 0 -9.301916e-18 3.627946e-14
11 23 6.210412e-03 7.459478e-04 0 0 0 0 5.155429e-18 3.768751e-14
11 24 6.210412e-03 9.722096e-04 0 0 0 0 1.569019e-18 3.864236e-14
11 25 6.210412e-03 1.267102e-03 0 0 0 0 1.553665e-18 3.897923e-14
11 26 6.210412e-03 1.651440e-03 0 0 0 0 6.386203e-18 3.851621e-14
11 27 6.210412e-03 2.152358e-03 0 0 0 0 1.961130e-17 3.732839e-14
11 28 6.210412e-03 2.805213e-03 0 0 0 0 6.513462e-17 3.523746e-14
11 29 6.210412e-03 3.656095e-03 0 0 0 0 2.464923e-16 3.253857e-14
11 30 6.210412e-03 4.765066e-03 0 0 0 0 1.275106e-15 2.921690e-14
11 31 6.210412e-03 6.210412e-03 0 0 0 0 -2.910155e-15 2.560964e-14
11 32 6.210412e-03 8.094162e-03 0 0 0 0 -1.331208e-14 2.198210e-14
11 33 6.210412e-03 1.054929e-02 0 0 0 0 -2.010085e-15 1.855489e-14
11 34 6.210412e-03 1.374912e-02 0 0 0 0 7.681590e-15 1.565620e-14
11 35 6.210412e-03 1.791952e-02 0 0 0 0 1.283385e-14 1.292897e-14
11 36 6.210412e-03 2.335489e-02 0 0 0 0 1.543610e-14 1.058934e-14
11 37 6.210412e-03 3.043893e-02 0 0 0 0 1.694873e-14 8.564842e-15
11 38 6.210412e-03 3.967171e-02 0 0 0 0 1.807098e-14 6.974161e-15
11 39 6.210412e-03 5.170498e-02 0 0 0 0 1.899790e-14 5.659774e-15
12 20 8.094162e-03 3.369410e-04 0 0 0 0 -6.511022e-17 2.701529e-14
12 21 8.094162e-03 4.391424e-04 0 0 0 0 -1.834508e-17 2.815512e-14
12 22 8.094162e-03 5.723437e-04 0 0 0 0 -9.259778e-18 2.955741e-14
12 23 8.094162e-03 7.459478e-04 0 0 0 0 4.987715e-18 3.068173e-14
12 24 8.094162e-03 9.722096e-04 0 0 0 0 9.382741e-19 3.142424e-14
12 25 8.094162e-03 1.267102e-03 0 0 0 0 2.744019e-20 3.164987e-14
12 26 8.094162e-03 1.651440e-03 0 0 0 0 1.552162e-18 3.120988e-14
12 27 8.094162e-03 2.152358e-03 0 0 0 0 4.431062e-18 3.017449e-14
12 28 8.094162e-03 2.805213e-03 0 0 0 0 1.382797e-17 2.840423e-14
12 29 8.094162e-03 3.656095e-03 0 0 0 0 4.687583e-17 2.615354e-14
12 30 8.094162e-03 4.765066e-03 0 0 0 0 1.839737e-16 2.340030e-14
12 31 8.094162e-03 6.210412e-03 0 0 0 0 1.056916e-15 2.039190e-14
12 32 8.094162e-03 8.094162e-03 0 0 0 0 -2.287393e-15 1.735318e-14
12 33 8.094162e-03 1.054929e-02 0 0 0 0 -1.105743e-14 1.452149e-14
12 34 8.094162e-03 1.374912e-02 0 0 0 0 -1.440719e-15 1.219045e-14
12 35 8.094162e-03 1.791952e-02 0 0 0 0 6.963273e-15 1.006014e-14
12 36 8.094162e-03 2.335489e-02 0 0 0 0 1.189039e-14 8.305049e-15
12 37 8.094162e-03 3.043893e-02 0 0 0 0 1.481039e-14 6.788460e-15
12 38 8.094162e-03 3.967171e-02 0 0 0 0 1.676489e-14 5.555379e-15
12 39 8.094162e-03 5.170498e-02 0 0 0 0 1.819358e-14 4.533908e-15
13 20 1.054929e-02 3.369410e-04 0 0 0 0 -6.510122e-17 2.182694e-14
13 21 1.054929e-02 4.391424e-04 0 0 0 0 -1.831207e-17 2.274617e-14
13 22 1.054929e-02 5.723437e-04 0 0 0 0 -9.355245e-18 2.387613e-14
13 23 1.054929e-02 7.459478e-04 0 0 0 0 5.000062e-18 2.477903e-14
13 24 1.054929e-02 9.722096e-04 0 0 0 0 9.195527e-19 2.536940e-14
13 25 1.054929e-02 1.267102e-03 0 0 0 0 -4.550498e-19 2.553627e-14
13 26 1.054929e-02 1.651440e-03 0 0 0 0 4.591524e-19 2.515714e-14
13 27 1.054929e-02 2.152358e-03 0 0 0 0 9.618839e-19 2.428766e-14
13 28 1.054929e-02 2.805213e-03 0 0 0 0 2.829942e-18 2.281322e-14
13 29 1.054929e-02 3.656095e-03 0 0 0 0 9.010558e-18 2.094663e-14
13 30 1.054929e-02 4.765066e-03 0 0 0 0 3.116105e-17 1.868917e-14
13 31 1.054929e-02 6.210412e-03 0 0 0 0 1.274552e-16 1.627358e-14
13 32 1.054929e-02 8.094162e-03 0 0 0 0 8.241620e-16 1.385335e-14
13 33 1.054929e-02 1.054929e-02 0 0 0 0 -1.880418e-15 1.151804e-14
13 34 1.054929e-02 1.374912e-02 0 0 0 0 -9.203653e-15 9.515966e-15
13 35 1.054929e-02 1.791952e-02 0 0 0 0 -9.868110e-16 7.771953e-15
13 36 1.054929e-02 2.335489e-02 0 0 0 0 6.527611e-15 6.460718e-15
13 37 1.054929e-02 3.043893e-02 0 0 0 0 1.141124e-14 5.329824e-15
13 38 1.054929e-02 3.967171e-02 0 0 0 0 1.463174e-14 4.387204e-15
13 39 1.054929e-02 5.170498e-02 0 0 0 0 1.685894e-14 3.608221e-15
14 20 1.374912e-02 3.369410e-04 0 0 0 0 -6.497915e-17 1.765815e-14
14 21 1.374912e-02 4.391424e-04 0 0 0 0 -1.813090e-17 1.840788e-14
14 22 1.374912e-02 5.723437e-04 0 0 0 0 -9.451251e-18 1.933047e-14
14 23 1.374912e-02 7.459478e-04 0 0 0 0 4.873096e-18 2.007116e-14
14 24 1.374912e-02 9.722096e-04 0 0 0 0 8.388209e-19 2.056008e-14
14 25 1.374912e-02 1.267102e-03 0 0 0 0 -4.627772e-19 2.070455e-14
14 26 1.374912e-02 1.651440e-03 0 0 0 0 1.890618e-19 2.040367e-14
14 27 1.374912e-02 2.152358e-03 0 0 0 0 1.853365e-19 1.969926e-14
14 28 1.374912e-02 2.805213e-03 0 0 0 0 4.954279e-19 1.849729e-14
14 29 1.374912e-02 3.656095e-03 0 0 0 0 1.530203e-18 1.697260e-14
14 30 1.374912e-02 4.765066e-03 0 0 0 0 5.020760e-18 1.512956e-14
14 31 1.374912e-02 6.210412e-03 0 0 0 0 1.815908e-17 1.316426e-14
14 32 1.374912e-02 8.094162e-03 0 0 0 0 7.965579e-17 1.119194e-14
14 33 1.374912e-02 1.054929e-02 0 0 0 0 6.014111e-16 9.256663e-15
14 34 1.374912e-02 1.374912e-02 0 0 0 0 -1.654137e-15 7.563695e-15
14 35 1.374912e-02 1.791952e-02 0 0 0 0 -7.760942e-15 6.108968e-15
14 36 1.374912e-02 2.335489e-02 0 0 0 0 -6.477755e-16 5.059955e-15
14 37 1.374912e-02 3.043893e-02 0 0 0 0 6.307867e-15 4.174170e-15
14 38 1.374912e-02 3.967171e-02 0 0 0 0 1.125347e-14 3.459285e-15
14 39 1.374912e-02 5.170498e-02 0 0 0 0 1.468289e-14 2.874031e-15
15 20 1.791952e-02 3.369410e-04 0 0 0 0 -6.481371e-17 1.395310e-14
15 21 1.791952e-02 4.391424e-04 0 0 0 0 -1.781917e-17 1.455066e-14
15 22 1.791952e-02 5.723437e-04 0 0 0 0 -9.465728e-18 1.528762e-14
15 23 1.791952e-02 7.459478e-04 0 0 0 0 4.889147e-18 1.588395e-14
15 24 1.791952e-02 9.722096e-04 0 0 0 0 7.894344e-19 1.628479e-14
15 25 1.791952e-02 1.267102e-03 0 0 0 0 -5.656583e-19 1.641549e-14
15 26 1.791952e-02 1.651440e-03 0 0 0 0 1.215337e-19 1.619569e-14
15 27 1.791952e-02 2.152358e-03 0 0 0 0 1.122897e-19 1.565444e-14
15 28 1.791952e-02 2.805213e-03 0 0 0 0 2.169263e-20 1.471325e-14
15 29 1.791952e-02 3.656095e-03 0 0 0 0 1.954437e-19 1.350374e-14
15 30 1.791952e-02 4.765066e-03 0 0 0 0 5.773464e-19 1.202788e-14
15 31 1.791952e-02 6.210412e-03 0 0 0 0 2.023648e-18 1.044884e-14
15 32 1.791952e-02 8.094162e-03 0 0 0 0 8.096553e-18 8.867762e-15
15 33 1.791952e-02 1.054929e-02 0 0 0 0 4.141137e-17 7.337664e-15
15 34 1.791952e-02 1.374912e-02 0 0 0 0 4.033144e-16 6.015635e-15
15 35 1.791952e-02 1.791952e-02 0 0 0 0 -1.571533e-15 4.842585e-15
15 36 1.791952e-02 2.335489e-02 0 0 0 0 -6.712645e-15 3.946441e-15
15 37 1.791952e-02 3.043893e-02 0 0 0 0 -4.273939e-16 3.214302e-15
15 38 1.791952e-02 3.967171e-02 0 0 0 0 6.216691e-15 2.680172e-15
15 39 1.791952e-02 5.170498e-02 0 0 0 0 1.124738e-14 2.249217e-15
16 20 2.335489e-02 3.369410e-04 0 0 0 0 -6.449286e-17 1.082668e-14
16 21 2.335489e-02 4.391424e-04 0 0 0 0 -1.734764e-17 1.129847e-14
16 22 2.335489e-02 5.723437e-04 0 0 0 0 -9.529570e-18 1.188283e-14
16 23 2.335489e-02 7.459478e-04 0 0 0 0 4.914849e-18 1.236327e-14
16 24 2.335489e-02 9.722096e-04 0 0 0 0 8.469653e-19 1.269795e-14
16 25 2.335489e-02 1.267102e-03 0 0 0 0 -5.134832e-19 1.282708e-14
16 26 2.335489e-02 1.651440e-03 0 0 0 0 7.757202e-20 1.268755e-14
16 27 2.335489e-02 2.152358e-03 0 0 0 0 9.972094e-21 1.229643e-14
16 28 2.335489e-02 2.805213e-03 0 0 0 0 1.698536e-20 1.158969e-14
16 29 2.335489e-02 3.656095e-03 0 0 0 0 -5.544905e-20 1.066362e-14
16 30 2.335489e-02 4.765066e-03 0 0 0 0 -1.036364e-19 9.517463e-15
16 31 2.335489e-02 6.210412e-03 0 0 0 0 -2.680640e-19 8.281105e-15
16 32 2.335489e-02 8.094162e-03 0 0 0 0 -5.225729e-19 7.036636e-15
16 33 2.335489e-02 1.054929e-02 0 0 0 0 -1.554913e-19 5.833593e-15
16 34 2.335489e-02 1.374912e-02 0 0 0 0 1.045464e-17 4.792989e-15
16 35 2.335489e-02 1.791952e-02 0 0 0 0 2.333946e-16 3.846357e-15
16 36 2.335489e-02 2.335489e-02 0 0 0 0 -1.602268e-15 3.094230e-15
16 37 2.335489e-02 3.043893e-02 0 0 0 0 -6.029938e-15 2.485394e-15
16 38 2.335489e-02 3.967171e-02 0 0 0 0 -3.397221e-16 2.068565e-15
16 39 2.335489e-02 5.170498e-02 0 0 0 0 6.155648e-15 1.739076e-15
17 20 3.043893e-02 3.369410e-04 0 0 0 0 -6.395360e-17 8.129617e-15
17 21 3.043893e-02 4.391424e-04 0 0 0 0 -1.663926e-17 8.490357e-15
17 22 3.043893e-02 5.723437e-04 0 0 0 0 -9.624762e-18 8.939209e-15
17 23 3.043893e-02 7.459478e-04 0 0 0 0 4.927833e-18 9.314317e-15
17 24 3.043893e-02 9.722096e-04 0 0 0 0 8.632667e-19 9.584941e-15
17 25 3.043893e-02 1.267102e-03 0 0 0 0 -4.841875e-19 9.704783e-15
17 26 3.043893e-02 1.651440e-03 0 0 0 0 1.505640e-19 9.626066e-15
17 27 3.043893e-02 2.152358e-03 0 0 0 0 4.343125e-20 9.357497e-15
17 28 3.043893e-02 2.805213e-03 0 0 0 0 -3.357840e-20 8.849404e-15
17 29 3.043893e-02 3.656095e-03 0 0 0 0 -4.328623e-20 8.170208e-15
17 30 3.043893e-02 4.765066e-03 0 0 0 0 -1.093905e-19 7.316537e-15
17 31 3.043893e-02 6.210412e-03 0 0 0 0 -3.514429e-19 6.384001e-15
17 32 3.043893e-02 8.094162e-03 0 0 0 0 -9.876922e-19 5.433215e-15
17 33 3.043893e-02 1.054929e-02 0 0 0 0 -2.776287e-18 4.505244e-15
17 34 3.043893e-02 1.374912e-02 0 0 0 0 -7.440928e-18 3.696949e-15
17 35 3.043893e-02 1.791952e-02 0 0 0 0 -1.588527e-17 2.965967e-15
17 36 3.043893e-02 2.335489e-02 0 0 0 0 8.912343e-17 2.393024e-15
17 37 3.043893e-02 3.043893e-02 0 0 0 0 -1.722199e-15 1.918172e-15
17 38 3.043893e-02 3.967171e-02 0 0 0 0 -5.673254e-15 1.575592e-15
17 39 3.043893e-02 5.170498e-02 0 0 0 0 -3.894923e-16 1.308349e-15
18 20 3.967171e-02 3.369410e-04 0 0 0 0 -6.309823e-17 5.863728e-15
18 21 3.967171e-02 4.391424e-04 0 0 0 0 -1.558864e-17 6.129898e-15
18 22 3.967171e-02 5.723437e-04 0 0 0 0 -9.755317e-18 6.463125e-15
18 23 3.967171e-02 7.459478e-04 0 0 0 0 4.923499e-18 6.747586e-15
18 24 3.967171e-02 9.722096e-04 0 0 0 0 8.527639e-19 6.962000e-15
18 25 3.967171e-02 1.267102e-03 0 0 0 0 -5.012679e-19 7.071997e-15
18 26 3.967171e-02 1.651440e-03 0 0 0 0 1.429173e-19 7.043000e-15
18 27 3.967171e-02 2.152358e-03 0 0 0 0 6.600376e-20 6.877332e-15
18 28 3.967171e-02 2.805213e-03 0 0 0 0 2.062905e-20 6.537573e-15
18 29 3.967171e-02 3.656095e-03 0 0 0 0 -1.487228e-20 6.068423e-15
18 30 3.967171e-02 4.765066e-03 0 0 0 0 -8.851615e-20 5.464692e-15
18 31 3.967171e-02 6.210412e-03 0 0 0 0 -1.701011e-19 4.793238e-15
18 32 3.967171e-02 8.094162e-03 0 0 0 0 -5.542556e-19 4.096527e-15
18 33 3.967171e-02 1.054929e-02 0 0 0 0 -1.589884e-18 3.407279e-15
18 34 3.967171e-02 1.374912e-02 0 0 0 0 -4.593236e-18 2.799902e-15
18 35 3.967171e-02 1.791952e-02 0 0 0 0 -1.323407e-17 2.250946e-15
18 36 3.967171e-02 2.335489e-02 0 0 0 0 -3.676957e-17 1.823336e-15
18 37 3.967171e-02 3.043893e-02 0 0 0 0 -2.726892e-17 1.458972e-15
18 38 3.967171e-02 3.967171e-02 0 0 0 0 -1.896658e-15 1.181654e-15
18 39 3.967171e-02 5.170498e-02 0 0 0 0 -5.571147e-15 9.652572e-16
19 20 5.170498e-02 3.369410e-04 0 0 0 0 -6.198342e-17 4.060195e-15
19 21 5.170498e-02 4.391424e-04 0 0 0 0 -1.401769e-17 4.248978e-15
19 22 5.170498e-02 5.723437e-04 0 0 0 0 -9.889301e-18 4.486887e-15
19 23 5.170498e-02 7.459478e-04 0 0 0 0 4.916874e-18 4.694502e-15
19 24 5.170498e-02 9.722096e-04 0 0 0 0 8.471043e-19 4.857884e-15
19 25 5.170498e-02 1.267102e-03 0 0 0 0 -5.186464e-19 4.952647e-15
19 26 5.170498e-02 1.651440e-03 0 0 0 0 1.194049e-19 4.954874e-15
19 27 5.170498e-02 2.152358e-03 0 0 0 0 3.882749e-20 4.863109e-15
19 28 5.170498e-02 2.805213e-03 0 0 0 0 -1.066387e-21 4.649980e-15
19 29 5.170498e-02 3.656095e-03 0 0 0 0 1.540704e-20 4.342218e-15
19 30 5.170498e-02 4.765066e-03 0 0 0 0 -5.405388e-21 3.934260e-15
19 31 5.170498e-02 6.210412e-03 0 0 0 0 -7.537144e-20 3.471509e-15
19 32 5.170498e-02 8.094162e-03 0 0 0 0 -1.538443e-19 2.982717e-15
19 33 5.170498e-02 1.054929e-02 0 0 0 0 -4.737701e-19 2.492585e-15
19 34 5.170498e-02 1.374912e-02 0 0 0 0 -1.408845e-18 2.054310e-15
19 35 5.170498e-02 1.791952e-02 0 0 0 0 -4.294619e-18 1.652631e-15
19 36 5.170498e-02 2.335489e-02 0 0 0 0 -1.339132e-17 1.335313e-15
19 37 5.170498e-02 3.043893e-02 0 0 0 0 -4.266522e-17 1.064414e-15
19 38 5.170498e-02 3.967171e-02 0 0 0 0 -9.721628e-17 8.612388e-16
19 39 5.170498e-02 5.170498e-02 0 0 0 0 -2.067428e-15 7.008717e-16
