7.789878500000000026e-11 3.256130700000000182e-12 2.831858600000000012e-12 2.423961099999999931e-12 2.044081099999999736e-12 1.700371900000000040e-12 1.397938199999999969e-12 1.140575099999999971e-12 9.270768999999999511e-13 7.548865999999999835e-13 6.189469999999999879e-13 5.112847999999999622e-13 4.273341999999999584e-13 3.575500000000000264e-13 3.006996999999999996e-13 2.496082000000000047e-13 2.050674700000000174e-13 1.640622100000000032e-13 1.273618000000000036e-13 9.504382999999999650e-14 2.641901430000000140e-13 2.636175999999999692e-13 2.989717709999999776e-13 3.399063699999999973e-13 3.701075699999999959e-13 3.853329300000000505e-13 3.854422999999999862e-13 3.732302100000000162e-13 3.492378699999999763e-13 3.178389899999999791e-13 2.802560800000000084e-13 2.406839199999999913e-13 2.017852899999999937e-13 1.653188299999999924e-13 1.347045200000000158e-13 1.083545599999999997e-13 8.881224000000000286e-14 7.324872999999999226e-14 6.227867000000000033e-14 5.400628000000000240e-14
3.256130700000000182e-12 4.663877599999999781e-11 2.578231400000000012e-12 2.210340499999999936e-12 1.866791000000000138e-12 1.555822000000000073e-12 1.282051800000000004e-12 1.048702699999999907e-12 8.547111999999999861e-13 6.978327000000000099e-13 5.736004000000000284e-13 4.750240999999999731e-13 3.979225000000000142e-13 3.338164999999999842e-13 2.814294999999999571e-13 2.342909000000000190e-13 1.930485999999999949e-13 1.549257800000000047e-13 1.206619500000000027e-13 9.031951999999999843e-14 2.365389670999999819e-13 2.378690100000000396e-13 2.373874500000000034e-13 2.691268229999999829e-13 3.052340499999999680e-13 3.286787500000000044e-13 3.360609600000000128e-13 3.298049599999999837e-13 3.112365200000000152e-13 2.848555900000000088e-13 2.522594900000000060e-13 2.174171500000000173e-13 1.828354100000000125e-13 1.502311600000000002e-13 1.226852999999999932e-13 9.890869000000000069e-14 8.122258000000000882e-14 6.712027999999999579e-14 5.721440000000000610e-14 4.975562000000000049e-14
2.831858600000000012e-12 2.578231400000000012e-12 2.804011300000000149e-11 2.003285599999999923e-12 1.694234000000000029e-12 1.414311100000000088e-12 1.168092000000000068e-12 9.581241999999999616e-13 7.833179000000000383e-13 6.415986999999999690e-13 5.289952000000000238e-13 4.394332999999999629e-13 3.691086999999999860e-13 3.105883999999999774e-13 2.625675999999999888e-13 2.192875999999999955e-13 1.812531700000000075e-13 1.459402399999999892e-13 1.140518200000000042e-13 8.564182000000000211e-14 2.019159815799999940e-13 2.109684714000000000e-13 2.127786899999999992e-13 2.079159600000000070e-13 2.358289650000000445e-13 2.664468000000000113e-13 2.829955900000000046e-13 2.844968299999999769e-13 2.724699099999999775e-13 2.516689200000000197e-13 2.242821200000000016e-13 1.942316600000000004e-13 1.639731500000000080e-13 1.352214099999999894e-13 1.107436800000000096e-13 8.954534000000001313e-14 7.372007999999999863e-14 6.108578999999999583e-14 5.224182000000000054e-14 4.559356999999999906e-14
2.423961099999999931e-12 2.210340499999999936e-12 2.003285599999999923e-12 1.693297300000000041e-11 1.529034400000000115e-12 1.277664000000000118e-12 1.057138099999999991e-12 8.694713999999999296e-13 7.132844999999999380e-13 5.864366999999999865e-13 4.853127999999999796e-13 4.046573000000000210e-13 3.410147000000000151e-13 2.879672999999999901e-13 2.441972000000000088e-13 2.046616199999999944e-13 1.697264499999999952e-13 1.371352700000000153e-13 1.075473900000000091e-13 8.101642000000000548e-14 1.688559550200000114e-13 1.768293736200000110e-13 1.865371030000000036e-13 1.851055990000000220e-13 1.761630799999999792e-13 1.999677860000000125e-13 2.248664200000000186e-13 2.360220800000000173e-13 2.321861499999999921e-13 2.179309100000000117e-13 1.962029800000000058e-13 1.711121800000000012e-13 1.452210099999999935e-13 1.203202800000000114e-13 9.890965000000000456e-14 8.029034000000000612e-14 6.632860000000000577e-14 5.516761000000000109e-14 4.738152000000000004e-14 4.153958000000000514e-14
2.044081099999999736e-12 1.866791000000000138e-12 1.694234000000000029e-12 1.529034400000000115e-12 1.027682050000000052e-11 1.151540800000000016e-12 9.530707000000000983e-13 7.853920000000000930e-13 6.464832000000000175e-13 5.337150000000000134e-13 4.435999999999999980e-13 3.715235000000000173e-13 3.143128000000000014e-13 2.665018000000000045e-13 2.267696599999999876e-13 1.907743199999999835e-13 1.587534199999999952e-13 1.287277999999999899e-13 1.013067400000000058e-13 7.655344999999999678e-14 1.386696426099999909e-13 1.453009906099999936e-13 1.535656956999999978e-13 1.606828015000000066e-13 1.564497890000000113e-13 1.438210300000000161e-13 1.635039600000000040e-13 1.837711099999999981e-13 1.898786399999999871e-13 1.835678600000000009e-13 1.682339899999999820e-13 1.483831299999999992e-13 1.269109000000000010e-13 1.058210300000000013e-13 8.742782000000000076e-14 7.133944000000000182e-14 5.920869000000000325e-14 4.949768999999999672e-14 4.274457999999999849e-14 3.768906000000000031e-14
1.700371900000000040e-12 1.555822000000000073e-12 1.414311100000000088e-12 1.277664000000000118e-12 1.151540800000000016e-12 6.274750599999999636e-12 8.609027999999998968e-13 7.089318000000000186e-13 5.848508000000000347e-13 4.847533000000000161e-13 4.048279999999999589e-13 3.407771000000000303e-13 2.895987000000000048e-13 2.466767999999999855e-13 2.106848799999999968e-13 1.779485900000000030e-13 1.485923499999999944e-13 1.209174499999999959e-13 9.547918999999999496e-14 7.236137999999999807e-14 1.120497262200000016e-13 1.174347204719999849e-13 1.241570170799999860e-13 1.300859798000000021e-13 1.348700399000000059e-13 1.281831810000000168e-13 1.125940700000000148e-13 1.291885409999999815e-13 1.448553400000000067e-13 1.480515899999999891e-13 1.402486099999999934e-13 1.261570100000000103e-13 1.092511300000000000e-13 9.194416000000000583e-14 7.649677000000000313e-14 6.285738999999999961e-14 5.249707999999999909e-14 4.418838999999999858e-14 3.842606000000000262e-14 3.412380000000000122e-14
1.397938199999999969e-12 1.282051800000000004e-12 1.168092000000000068e-12 1.057138099999999991e-12 9.530707000000000983e-13 8.609027999999998968e-13 3.861280700000000285e-12 6.444935000000000144e-13 5.306127000000000419e-13 4.408410999999999965e-13 3.698413000000000106e-13 3.130049999999999875e-13 2.673157000000000077e-13 2.288440099999999847e-13 1.962312800000000098e-13 1.664222499999999980e-13 1.394386400000000021e-13 1.138586200000000026e-13 9.018367999999999423e-14 6.852897000000000804e-14 8.930430480000000313e-14 9.359499774300000148e-14 9.894434282999999515e-14 1.036520244999999909e-13 1.074574419000000003e-13 1.100692066999999991e-13 1.016002220000000017e-13 8.457195000000000195e-14 9.804051799999999941e-14 1.106075299999999981e-13 1.116879899999999975e-13 1.042328000000000019e-13 9.226284999999999445e-14 7.880154000000000291e-14 6.624679000000000534e-14 5.496284999999999814e-14 4.629325000000000573e-14 3.931939999999999753e-14 3.449284000000000613e-14 3.090048999999999973e-14
1.140575099999999971e-12 1.048702699999999907e-12 9.581241999999999616e-13 8.694713999999999296e-13 7.853920000000000930e-13 7.089318000000000186e-13 6.444935000000000144e-13 2.403008400000000163e-12 4.877035000000000332e-13 4.037195999999999916e-13 3.395878000000000123e-13 2.887907000000000248e-13 2.478808099999999930e-13 2.133177100000000148e-13 1.836622399999999975e-13 1.564071999999999861e-13 1.314692499999999903e-13 1.076930400000000015e-13 8.553114999999999750e-14 6.514007999999999884e-14 7.065882338000000555e-14 7.402730219999998827e-14 7.821731874200000233e-14 8.189093718999999560e-14 8.481279164000000262e-14 8.668003969999999244e-14 8.745829600000000430e-14 7.825474799999999819e-14 6.038770999999999139e-14 7.194464899999999670e-14 8.184859000000000102e-14 8.211285000000000741e-14 7.576834999999999592e-14 6.638628999999999429e-14 5.674420999999999914e-14 4.774041999999999410e-14 4.067452999999999713e-14 3.495437000000000083e-14 3.099958999999999852e-14 2.806586999999999944e-14
9.270768999999999511e-13 8.547111999999999861e-13 7.833179000000000383e-13 7.132844999999999380e-13 6.464832000000000175e-13 5.848508000000000347e-13 5.306127000000000419e-13 4.877035000000000332e-13 1.519579200000000016e-12 3.763640000000000107e-13 3.149059999999999811e-13 2.684092000000000070e-13 2.314007199999999749e-13 2.001322000000000093e-13 1.729959099999999866e-13 1.479258200000000021e-13 1.247149700000000071e-13 1.024548000000000018e-13 8.155787999999999831e-14 6.222901000000000496e-14 5.575696213999999519e-14 5.838197273999999472e-14 6.163331937100000931e-14 6.446344345000000070e-14 6.667090468000000263e-14 6.797927151000000438e-14 6.816856460000000103e-14 6.774918999999999599e-14 5.827158299999999960e-14 4.114067000000000750e-14 5.085862699999999842e-14 5.893756000000000943e-14 5.916721999999999747e-14 5.437743999999999796e-14 4.784469000000000240e-14 4.112942999999999906e-14 3.561231999999999804e-14 3.107560000000000190e-14 2.793445999999999914e-14 2.561020199999999915e-14
7.548865999999999835e-13 6.978327000000000099e-13 6.415986999999999690e-13 5.864366999999999865e-13 5.337150000000000134e-13 4.847533000000000161e-13 4.408410999999999965e-13 4.037195999999999916e-13 3.763640000000000107e-13 9.831752999999999698e-13 2.981745700000000034e-13 2.523539200000000315e-13 2.179790199999999958e-13 1.892737000000000006e-13 1.642027299999999978e-13 1.409512900000000027e-13 1.191621100000000055e-13 9.814547999999999672e-14 7.827678999999999295e-14 5.981319699999999830e-14 4.416820969000000153e-14 4.621709672999999501e-14 4.873701160000000395e-14 5.090418076100000528e-14 5.254904566699999728e-14 5.345408739999999813e-14 5.340074742000000582e-14 5.252838159999999914e-14 5.115036999999999816e-14 4.232723500000000039e-14 2.626302999999999715e-14 3.475137400000000214e-14 4.171107600000000165e-14 4.222400000000000138e-14 3.924303000000000217e-14 3.496201999999999929e-14 3.101384999999999967e-14 2.762807000000000167e-14 2.525920199999999956e-14 2.350389100000000081e-14
6.189469999999999879e-13 5.736004000000000284e-13 5.289952000000000238e-13 4.853127999999999796e-13 4.435999999999999980e-13 4.048279999999999589e-13 3.698413000000000106e-13 3.395878000000000123e-13 3.149059999999999811e-13 2.981745700000000034e-13 6.555919199999999941e-13 2.424482000000000130e-13 2.077561099999999963e-13 1.806239599999999856e-13 1.571445500000000011e-13 1.353520699999999922e-13 1.147083000000000011e-13 9.469723999999999494e-14 7.564831999999999779e-14 5.787126199999999725e-14 3.532462510999999681e-14 3.694022565999999874e-14 3.890974861200000328e-14 4.057962385399999711e-14 4.180744495499999752e-14 4.242635554800000116e-14 4.224820532999999636e-14 4.133010435999999923e-14 3.954900890000000424e-14 3.777362899999999626e-14 2.977281600000000002e-14 1.564811999999999916e-14 2.321093099999999930e-14 2.918653199999999942e-14 3.040217000000000232e-14 2.889296999999999901e-14 2.667138999999999734e-14 2.448154699999999935e-14 2.288245499999999920e-14 2.167808599999999953e-14
5.112847999999999622e-13 4.750240999999999731e-13 4.394332999999999629e-13 4.046573000000000210e-13 3.715235000000000173e-13 3.407771000000000303e-13 3.130049999999999875e-13 2.887907000000000248e-13 2.684092000000000070e-13 2.523539200000000315e-13 2.424482000000000130e-13 4.532147700000000318e-13 2.018500200000000148e-13 1.740078199999999964e-13 1.515423799999999789e-13 1.308705200000000091e-13 1.111515499999999971e-13 9.196394000000000396e-14 7.357446499999999360e-14 5.634093399999999870e-14 2.839728657999999707e-14 2.968689709999999782e-14 3.124398901300000102e-14 3.254845656500000019e-14 3.347755821799999852e-14 3.389977132000000275e-14 3.365694283599999565e-14 3.279183273000000130e-14 3.116451344999999665e-14 2.910091849999999904e-14 2.718226100000000066e-14 2.045540399999999952e-14 8.357289999999998979e-15 1.499864200000000072e-14 2.062104000000000030e-14 2.237170999999999844e-14 2.221794200000000031e-14 2.138676000000000045e-14 2.062965600000000154e-14 2.000462799999999978e-14
4.273341999999999584e-13 3.979225000000000142e-13 3.691086999999999860e-13 3.410147000000000151e-13 3.143128000000000014e-13 2.895987000000000048e-13 2.673157000000000077e-13 2.478808099999999930e-13 2.314007199999999749e-13 2.179790199999999958e-13 2.077561099999999963e-13 2.018500200000000148e-13 3.260344400000000338e-13 1.704734800000000092e-13 1.473699199999999963e-13 1.273875699999999962e-13 1.083915099999999989e-13 8.986912199999999375e-14 7.200161399999999584e-14 5.518835200000000272e-14 2.312063561000000092e-14 2.417082171999999986e-14 2.542623500700000268e-14 2.646825196400000023e-14 2.719008482590000053e-14 2.748714923556000082e-14 2.722851407700000026e-14 2.645356155300000132e-14 2.504162694999999879e-14 2.321335183000000048e-14 2.101301979999999926e-14 1.919539519999999877e-14 1.365986500000000094e-14 3.614072999999998645e-15 9.733525999999999358e-15 1.485952599999999943e-14 1.723012300000000263e-14 1.804796699999999944e-14 1.830540300000000065e-14 1.835439099999999710e-14
3.575500000000000264e-13 3.338164999999999842e-13 3.105883999999999774e-13 2.879672999999999901e-13 2.665018000000000045e-13 2.466767999999999855e-13 2.288440099999999847e-13 2.133177100000000148e-13 2.001322000000000093e-13 1.892737000000000006e-13 1.806239599999999856e-13 1.740078199999999964e-13 1.704734800000000092e-13 2.432150999999999963e-13 1.450203199999999899e-13 1.245905499999999916e-13 1.061493289999999954e-13 8.819957200000000668e-14 7.077870599999999550e-14 5.431259199999999813e-14 1.868034896999999774e-14 1.953527380000000012e-14 2.054750452599999979e-14 2.138585762099999993e-14 2.195835753980000262e-14 2.218203593959999957e-14 2.194845350099999921e-14 2.128646275139999882e-14 2.009616448300000048e-14 1.855561043200000074e-14 1.666933359999999998e-14 1.468431489999999968e-14 1.319206220000000121e-14 8.813903000000000153e-15 7.229910000000001552e-16 6.123594999999999667e-15 1.115017400000000036e-14 1.398592100000000128e-14 1.555772099999999893e-14 1.647424400000000091e-14
3.006996999999999996e-13 2.814294999999999571e-13 2.625675999999999888e-13 2.441972000000000088e-13 2.267696599999999876e-13 2.106848799999999968e-13 1.962312800000000098e-13 1.836622399999999975e-13 1.729959099999999866e-13 1.642027299999999978e-13 1.571445500000000011e-13 1.515423799999999789e-13 1.473699199999999963e-13 1.450203199999999899e-13 1.872430299999999900e-13 1.230004809999999888e-13 1.044185680000000037e-13 8.693482299999999793e-14 6.989966400000000751e-14 5.371743800000000416e-14 1.513698381999999940e-14 1.584236723000000001e-14 1.666969564900000153e-14 1.735825955000000064e-14 1.782867807819999886e-14 1.801466444640000006e-14 1.782637906589999813e-14 1.728448668049999893e-14 1.630682363880000010e-14 1.503917064499999849e-14 1.348116151999999888e-14 1.180323023000000144e-14 1.013914666000000049e-14 8.899330599999999293e-15 5.479960000000000007e-15 -1.070692000000000478e-15 3.962166100000000160e-15 8.819702000000000545e-15 1.204126200000000156e-14 1.410999600000000005e-14
2.496082000000000047e-13 2.342909000000000190e-13 2.192875999999999955e-13 2.046616199999999944e-13 1.907743199999999835e-13 1.779485900000000030e-13 1.664222499999999980e-13 1.564071999999999861e-13 1.479258200000000021e-13 1.409512900000000027e-13 1.353520699999999922e-13 1.308705200000000091e-13 1.273875699999999962e-13 1.245905499999999916e-13 1.230004809999999888e-13 1.469477820000000029e-13 1.032960810000000041e-13 8.589268700000000272e-14 6.924756000000000538e-14 5.333282900000000028e-14 1.199157082000000076e-14 1.256340601000000108e-14 1.322596718800000049e-14 1.378216152799999899e-14 1.416448434450000041e-14 1.432319367399999817e-14 1.418684500690000135e-14 1.376870491870000039e-14 1.299958177891999990e-14 1.198859542779999950e-14 1.073307044309999913e-14 9.371479597999998438e-15 7.993951878000000274e-15 6.672846350000000214e-15 5.822366699999999789e-15 3.125806999999999952e-15 -2.070550000000000483e-15 2.489438599999999936e-15 7.337424999999999908e-15 1.085796600000000072e-14
2.050674700000000174e-13 1.930485999999999949e-13 1.812531700000000075e-13 1.697264499999999952e-13 1.587534199999999952e-13 1.485923499999999944e-13 1.394386400000000021e-13 1.314692499999999903e-13 1.247149700000000071e-13 1.191621100000000055e-13 1.147083000000000011e-13 1.111515499999999971e-13 1.083915099999999989e-13 1.061493289999999954e-13 1.044185680000000037e-13 1.032960810000000041e-13 1.165318500000000171e-13 8.526859299999999373e-14 6.885946000000000525e-14 5.321327900000000409e-14 9.343740789999999710e-15 9.805524690000000764e-15 1.033280024999999936e-14 1.078292236500000085e-14 1.109847345759999959e-14 1.124319800490000135e-14 1.116105515780000030e-14 1.085829303003999862e-14 1.027828714895000142e-14 9.500156817569999884e-15 8.519898475358999294e-15 7.447578620559999411e-15 6.353890454199999893e-15 5.286809326000000057e-15 4.366186399999999914e-15 3.725381299999999571e-15 1.551060000000000004e-15 -2.740740000000000434e-15 1.553499100000000063e-15 6.405267999999999620e-15
1.640622100000000032e-13 1.549257800000000047e-13 1.459402399999999892e-13 1.371352700000000153e-13 1.287277999999999899e-13 1.209174499999999959e-13 1.138586200000000026e-13 1.076930400000000015e-13 1.024548000000000018e-13 9.814547999999999672e-14 9.469723999999999494e-14 9.196394000000000396e-14 8.986912199999999375e-14 8.819957200000000668e-14 8.693482299999999793e-14 8.589268700000000272e-14 8.526859299999999373e-14 9.225894299999999736e-14 6.877105299999999979e-14 5.336197399999999733e-14 7.046012099999999902e-15 7.410413219999999863e-15 7.817089127000000179e-15 8.171099284999999922e-15 8.423345427000000564e-15 8.549801694700000044e-15 8.508045660700000324e-15 8.299515147990000261e-15 7.880425237279999130e-15 7.307353861989998665e-15 6.574415419780000186e-15 5.761992613299999917e-15 4.922046794800000257e-15 4.093407983999999642e-15 3.362667644999999902e-15 2.697847334000000014e-15 2.291602399999999965e-15 4.160299999999999780e-16 -3.181506000000000229e-15 8.589729999999999853e-16
1.273618000000000036e-13 1.206619500000000027e-13 1.140518200000000042e-13 1.075473900000000091e-13 1.013067400000000058e-13 9.547918999999999496e-14 9.018367999999999423e-14 8.553114999999999750e-14 8.155787999999999831e-14 7.827678999999999295e-14 7.564831999999999779e-14 7.357446499999999360e-14 7.200161399999999584e-14 7.077870599999999550e-14 6.989966400000000751e-14 6.924756000000000538e-14 6.885946000000000525e-14 6.877105299999999979e-14 7.236635599999999833e-14 5.387718100000000254e-14 5.107399060000000291e-15 5.388906460000000082e-15 5.692380434000000016e-15 5.964162724999999772e-15 6.161913012899999638e-15 6.272411175699999946e-15 6.264809686600000217e-15 6.136633071870000225e-15 5.855027000589999872e-15 5.457196278126000461e-15 4.936296639580000177e-15 4.348202592899999672e-15 3.729222553199999881e-15 3.110725411999999843e-15 2.559007946000000038e-15 2.052888342999999781e-15 1.646849190000000075e-15 1.347196430000000130e-15 -3.693630000000000028e-16 -3.571173300000000201e-15
9.504382999999999650e-14 9.031951999999999843e-14 8.564182000000000211e-14 8.101642000000000548e-14 7.655344999999999678e-14 7.236137999999999807e-14 6.852897000000000804e-14 6.514007999999999884e-14 6.222901000000000496e-14 5.981319699999999830e-14 5.787126199999999725e-14 5.634093399999999870e-14 5.518835200000000272e-14 5.431259199999999813e-14 5.371743800000000416e-14 5.333282900000000028e-14 5.321327900000000409e-14 5.336197399999999733e-14 5.387718100000000254e-14 5.578108070000000105e-14 3.550233589999999852e-15 3.763814759999999850e-15 3.981314072999999426e-15 4.183563961999999606e-15 4.332959652699999678e-15 4.425350477300000417e-15 4.439068788689999427e-15 4.369031658920000132e-15 4.191366640311200026e-15 3.928656106900000022e-15 3.574341039998999948e-15 3.166446278029999640e-15 2.729834582900000195e-15 2.287936766899999938e-15 1.888626373000000105e-15 1.518499257000000097e-15 1.219419650000000066e-15 9.485425599999999600e-16 7.398594800000000502e-16 -9.326753000000000588e-16
2.641901430000000140e-13 2.365389670999999819e-13 2.019159815799999940e-13 1.688559550200000114e-13 1.386696426099999909e-13 1.120497262200000016e-13 8.930430480000000313e-14 7.065882338000000555e-14 5.575696213999999519e-14 4.416820969000000153e-14 3.532462510999999681e-14 2.839728657999999707e-14 2.312063561000000092e-14 1.868034896999999774e-14 1.513698381999999940e-14 1.199157082000000076e-14 9.343740789999999710e-15 7.046012099999999902e-15 5.107399060000000291e-15 3.550233589999999852e-15 7.428567264999999109e-11 4.936378000000000476e-14 3.994026300000000133e-14 3.670902499999999463e-14 3.555463730000000506e-14 3.461924290000000230e-14 3.311043420999999954e-14 3.100075886999999792e-14 2.808774677900000076e-14 2.478575908300000098e-14 2.115246386310000077e-14 1.758777868510000137e-14 1.432787547486999774e-14 1.141911686254299867e-14 9.131743357147000663e-15 7.227993504080000726e-15 5.851615333121899942e-15 4.773686023134999894e-15 3.972919206949999493e-15 3.356020618099999655e-15
2.636175999999999692e-13 2.378690100000000396e-13 2.109684714000000000e-13 1.768293736200000110e-13 1.453009906099999936e-13 1.174347204719999849e-13 9.359499774300000148e-14 7.402730219999998827e-14 5.838197273999999472e-14 4.621709672999999501e-14 3.694022565999999874e-14 2.968689709999999782e-14 2.417082171999999986e-14 1.953527380000000012e-14 1.584236723000000001e-14 1.256340601000000108e-14 9.805524690000000764e-15 7.410413219999999863e-15 5.388906460000000082e-15 3.763814759999999850e-15 4.936378000000000476e-14 4.376098425000000366e-11 5.237617999999999983e-14 4.205005399999999790e-14 3.826276599999999986e-14 3.643941759999999805e-14 3.462704300000000213e-14 3.238269467999999761e-14 2.935969628999999691e-14 2.593571626799999858e-14 2.215561794100000156e-14 1.843509413900000008e-14 1.502129036750000031e-14 1.196963645130999901e-14 9.567018561676999230e-15 7.565356577920000350e-15 6.119565740080000099e-15 4.986872714080000455e-15 4.147313857339999713e-15 3.501410676399999840e-15
2.989717709999999776e-13 2.373874500000000034e-13 2.127786899999999992e-13 1.865371030000000036e-13 1.535656956999999978e-13 1.241570170799999860e-13 9.894434282999999515e-14 7.821731874200000233e-14 6.163331937100000931e-14 4.873701160000000395e-14 3.890974861200000328e-14 3.124398901300000102e-14 2.542623500700000268e-14 2.054750452599999979e-14 1.666969564900000153e-14 1.322596718800000049e-14 1.033280024999999936e-14 7.817089127000000179e-15 5.692380434000000016e-15 3.981314072999999426e-15 3.994026300000000133e-14 5.237617999999999983e-14 2.579267537999999951e-11 5.499266999999999987e-14 4.381188300000000013e-14 3.937017599999999392e-14 3.668677039999999396e-14 3.413068500000000488e-14 3.093628820999999642e-14 2.735831112000000081e-14 2.340245356000000002e-14 1.949393961610000250e-14 1.589135265199999913e-14 1.266247598340000051e-14 1.011484104906300039e-14 7.989090997424902842e-15 6.455077636590000032e-15 5.252473689629999839e-15 4.363878605050000053e-15 3.681317086329999926e-15
3.399063699999999973e-13 2.691268229999999829e-13 2.079159600000000070e-13 1.851055990000000220e-13 1.606828015000000066e-13 1.300859798000000021e-13 1.036520244999999909e-13 8.189093718999999560e-14 6.446344345000000070e-14 5.090418076100000528e-14 4.057962385399999711e-14 3.254845656500000019e-14 2.646825196400000023e-14 2.138585762099999993e-14 1.735825955000000064e-14 1.378216152799999899e-14 1.078292236500000085e-14 8.171099284999999922e-15 5.964162724999999772e-15 4.183563961999999606e-15 3.670902499999999463e-14 4.205005399999999790e-14 5.499266999999999987e-14 1.521500291000000064e-11 5.629687999999999745e-14 4.431684999999999988e-14 3.910125599999999980e-14 3.575142389999999836e-14 3.228054999999999794e-14 2.855710801000000184e-14 2.446647301999999961e-14 2.041172738299999990e-14 1.665318954790000061e-14 1.327275403930000056e-14 1.059619086338999855e-14 8.357720767290300964e-15 6.743289023572999675e-15 5.476128032370000516e-15 4.543587760157999913e-15 3.828436677248000505e-15
3.701075699999999959e-13 3.052340499999999680e-13 2.358289650000000445e-13 1.761630799999999792e-13 1.564497890000000113e-13 1.348700399000000059e-13 1.074574419000000003e-13 8.481279164000000262e-14 6.667090468000000263e-14 5.254904566699999728e-14 4.180744495499999752e-14 3.347755821799999852e-14 2.719008482590000053e-14 2.195835753980000262e-14 1.782867807819999886e-14 1.416448434450000041e-14 1.109847345759999959e-14 8.423345427000000564e-15 6.161913012899999638e-15 4.332959652699999678e-15 3.555463730000000506e-14 3.826276599999999986e-14 4.381188300000000013e-14 5.629687999999999745e-14 8.987270579999999702e-12 5.593875000000000360e-14 4.323463500000000089e-14 3.755097400000000290e-14 3.339543969999999904e-14 2.946252400000000140e-14 2.527265602999999908e-14 2.112323629700000018e-14 1.725521013199999883e-14 1.376099594609999958e-14 1.098030101310000127e-14 8.647141130040000104e-15 6.964288445409999898e-15 5.641008821109999816e-15 4.672166128045000192e-15 3.930430699042000338e-15
3.853329300000000505e-13 3.286787500000000044e-13 2.664468000000000113e-13 1.999677860000000125e-13 1.438210300000000161e-13 1.281831810000000168e-13 1.100692066999999991e-13 8.668003969999999244e-14 6.797927151000000438e-14 5.345408739999999813e-14 4.242635554800000116e-14 3.389977132000000275e-14 2.748714923556000082e-14 2.218203593959999957e-14 1.801466444640000006e-14 1.432319367399999817e-14 1.124319800490000135e-14 8.549801694700000044e-15 6.272411175699999946e-15 4.425350477300000417e-15 3.461924290000000230e-14 3.643941759999999805e-14 3.937017599999999392e-14 4.431684999999999988e-14 5.593875000000000360e-14 5.319258679999999980e-12 5.363985000000000090e-14 4.071405699999999932e-14 3.448710099999999809e-14 3.002388279999999621e-14 2.571251504999999848e-14 2.151996822999999726e-14 1.760713084100000037e-14 1.405635917500000044e-14 1.121249541819999997e-14 8.816425098500000376e-15 7.085743105219999968e-15 5.721504081989999885e-15 4.728652376010000309e-15 3.969595316522000334e-15
3.854422999999999862e-13 3.360609600000000128e-13 2.829955900000000046e-13 2.248664200000000186e-13 1.635039600000000040e-13 1.125940700000000148e-13 1.016002220000000017e-13 8.745829600000000430e-14 6.816856460000000103e-14 5.340074742000000582e-14 4.224820532999999636e-14 3.365694283599999565e-14 2.722851407700000026e-14 2.194845350099999921e-14 1.782637906589999813e-14 1.418684500690000135e-14 1.116105515780000030e-14 8.508045660700000324e-15 6.264809686600000217e-15 4.439068788689999427e-15 3.311043420999999954e-14 3.462704300000000213e-14 3.668677039999999396e-14 3.910125599999999980e-14 4.323463500000000089e-14 5.363985000000000090e-14 3.157069759999999939e-12 4.954470000000000219e-14 3.657368200000000193e-14 3.040940699999999940e-14 2.573830379999999868e-14 2.151412496000000011e-14 1.762841256999999996e-14 1.409297839499999919e-14 1.124085247899999966e-14 8.825720529500000304e-15 7.075239628899999964e-15 5.691011879240000174e-15 4.690644848120000049e-15 3.926674714339999823e-15
3.732302100000000162e-13 3.298049599999999837e-13 2.844968299999999769e-13 2.360220800000000173e-13 1.837711099999999981e-13 1.291885409999999815e-13 8.457195000000000195e-14 7.825474799999999819e-14 6.774918999999999599e-14 5.252838159999999914e-14 4.133010435999999923e-14 3.279183273000000130e-14 2.645356155300000132e-14 2.128646275139999882e-14 1.728448668049999893e-14 1.376870491870000039e-14 1.085829303003999862e-14 8.299515147990000261e-15 6.136633071870000225e-15 4.369031658920000132e-15 3.100075886999999792e-14 3.238269467999999761e-14 3.413068500000000488e-14 3.575142389999999836e-14 3.755097400000000290e-14 4.071405699999999932e-14 4.954470000000000219e-14 1.880827840000000060e-12 4.391698999999999657e-14 3.167037000000000190e-14 2.561976149999999776e-14 2.117745039999999935e-14 1.733672280000000168e-14 1.387130593000000012e-14 1.106576581499999991e-14 8.677604139999999685e-15 6.937166459499999961e-15 5.555730775299999771e-15 4.564375932889999983e-15 3.807752611250000513e-15
3.492378699999999763e-13 3.112365200000000152e-13 2.724699099999999775e-13 2.321861499999999921e-13 1.898786399999999871e-13 1.448553400000000067e-13 9.804051799999999941e-14 6.038770999999999139e-14 5.827158299999999960e-14 5.115036999999999816e-14 3.954900890000000424e-14 3.116451344999999665e-14 2.504162694999999879e-14 2.009616448300000048e-14 1.630682363880000010e-14 1.299958177891999990e-14 1.027828714895000142e-14 7.880425237279999130e-15 5.855027000589999872e-15 4.191366640311200026e-15 2.808774677900000076e-14 2.935969628999999691e-14 3.093628820999999642e-14 3.228054999999999794e-14 3.339543969999999904e-14 3.448710099999999809e-14 3.657368200000000193e-14 4.391698999999999657e-14 1.125550890000000014e-12 3.739788999999999838e-14 2.604956299999999986e-14 2.061403670000000216e-14 1.669403220000000238e-14 1.332988046999999949e-14 1.063203812000000024e-14 8.326410547000000082e-15 6.636862679000000318e-15 5.289613989399999941e-15 4.328438933200000042e-15 3.594854910489999701e-15
3.178389899999999791e-13 2.848555900000000088e-13 2.516689200000000197e-13 2.179309100000000117e-13 1.835678600000000009e-13 1.480515899999999891e-13 1.106075299999999981e-13 7.194464899999999670e-14 4.114067000000000750e-14 4.232723500000000039e-14 3.777362899999999626e-14 2.910091849999999904e-14 2.321335183000000048e-14 1.855561043200000074e-14 1.503917064499999849e-14 1.198859542779999950e-14 9.500156817569999884e-15 7.307353861989998665e-15 5.457196278126000461e-15 3.928656106900000022e-15 2.478575908300000098e-14 2.593571626799999858e-14 2.735831112000000081e-14 2.855710801000000184e-14 2.946252400000000140e-14 3.002388279999999621e-14 3.040940699999999940e-14 3.167037000000000190e-14 3.739788999999999838e-14 6.772013199999999969e-13 3.052923700000000198e-14 2.065728699999999980e-14 1.597228989999999829e-14 1.259241829999999993e-14 1.001327759999999972e-14 7.822070720000001168e-15 6.218108451999999708e-15 4.933159880999999426e-15 4.018265390900000122e-15 3.319622516899999921e-15
2.802560800000000084e-13 2.522594900000000060e-13 2.242821200000000016e-13 1.962029800000000058e-13 1.682339899999999820e-13 1.402486099999999934e-13 1.116879899999999975e-13 8.184859000000000102e-14 5.085862699999999842e-14 2.626302999999999715e-14 2.977281600000000002e-14 2.718226100000000066e-14 2.101301979999999926e-14 1.666933359999999998e-14 1.348116151999999888e-14 1.073307044309999913e-14 8.519898475358999294e-15 6.574415419780000186e-15 4.936296639580000177e-15 3.574341039998999948e-15 2.115246386310000077e-14 2.215561794100000156e-14 2.340245356000000002e-14 2.446647301999999961e-14 2.527265602999999908e-14 2.571251504999999848e-14 2.573830379999999868e-14 2.561976149999999776e-14 2.604956299999999986e-14 3.052923700000000198e-14 4.097651699999999783e-13 2.406742199999999896e-14 1.567808200000000057e-14 1.178340370000000065e-14 9.234312200000000358e-15 7.165147070000000609e-15 5.677702210000000333e-15 4.482764590999999779e-15 3.632147017000000047e-15 2.981882585099999734e-15
2.406839199999999913e-13 2.174171500000000173e-13 1.942316600000000004e-13 1.711121800000000012e-13 1.483831299999999992e-13 1.261570100000000103e-13 1.042328000000000019e-13 8.211285000000000741e-14 5.893756000000000943e-14 3.475137400000000214e-14 1.564811999999999916e-14 2.045540399999999952e-14 1.919539519999999877e-14 1.468431489999999968e-14 1.180323023000000144e-14 9.371479597999998438e-15 7.447578620559999411e-15 5.761992613299999917e-15 4.348202592899999672e-15 3.166446278029999640e-15 1.758777868510000137e-14 1.843509413900000008e-14 1.949393961610000250e-14 2.041172738299999990e-14 2.112323629700000018e-14 2.151996822999999726e-14 2.151412496000000011e-14 2.117745039999999935e-14 2.061403670000000216e-14 2.065728699999999980e-14 2.406742199999999896e-14 2.494989000000000184e-13 1.829552899999999871e-14 1.146917500000000083e-14 8.500250100000000794e-15 6.462900400000000087e-15 5.082625209999999598e-15 3.984890229999999911e-15 3.210110020000000009e-15 2.617718263999999864e-15
2.017852899999999937e-13 1.828354100000000125e-13 1.639731500000000080e-13 1.452210099999999935e-13 1.269109000000000010e-13 1.092511300000000000e-13 9.226284999999999445e-14 7.576834999999999592e-14 5.916721999999999747e-14 4.171107600000000165e-14 2.321093099999999930e-14 8.357289999999998979e-15 1.365986500000000094e-14 1.319206220000000121e-14 1.013914666000000049e-14 7.993951878000000274e-15 6.353890454199999893e-15 4.922046794800000257e-15 3.729222553199999881e-15 2.729834582900000195e-15 1.432787547486999774e-14 1.502129036750000031e-14 1.589135265199999913e-14 1.665318954790000061e-14 1.725521013199999883e-14 1.760713084100000037e-14 1.762841256999999996e-14 1.733672280000000168e-14 1.669403220000000238e-14 1.597228989999999829e-14 1.567808200000000057e-14 1.829552899999999871e-14 1.529439700000000073e-13 1.362890100000000006e-14 8.222356000000000482e-15 5.867131700000000034e-15 4.503534000000000103e-15 3.480803909999999769e-15 2.782143460000000050e-15 2.251657328000000233e-15
1.653188299999999924e-13 1.502311600000000002e-13 1.352214099999999894e-13 1.203202800000000114e-13 1.058210300000000013e-13 9.194416000000000583e-14 7.880154000000000291e-14 6.638628999999999429e-14 5.437743999999999796e-14 4.222400000000000138e-14 2.918653199999999942e-14 1.499864200000000072e-14 3.614072999999998645e-15 8.813903000000000153e-15 8.899330599999999293e-15 6.672846350000000214e-15 5.286809326000000057e-15 4.093407983999999642e-15 3.110725411999999843e-15 2.287936766899999938e-15 1.141911686254299867e-14 1.196963645130999901e-14 1.266247598340000051e-14 1.327275403930000056e-14 1.376099594609999958e-14 1.405635917500000044e-14 1.409297839499999919e-14 1.387130593000000012e-14 1.332988046999999949e-14 1.259241829999999993e-14 1.178340370000000065e-14 1.146917500000000083e-14 1.362890100000000006e-14 9.453672299999999707e-14 1.000524300000000109e-14 5.736281000000000016e-15 4.064276999999999600e-15 3.025550399999999955e-15 2.376417049999999810e-15 1.899693690000000036e-15
1.347045200000000158e-13 1.226852999999999932e-13 1.107436800000000096e-13 9.890965000000000456e-14 8.742782000000000076e-14 7.649677000000000313e-14 6.624679000000000534e-14 5.674420999999999914e-14 4.784469000000000240e-14 3.924303000000000217e-14 3.040217000000000232e-14 2.062104000000000030e-14 9.733525999999999358e-15 7.229910000000001552e-16 5.479960000000000007e-15 5.822366699999999789e-15 4.366186399999999914e-15 3.362667644999999902e-15 2.559007946000000038e-15 1.888626373000000105e-15 9.131743357147000663e-15 9.567018561676999230e-15 1.011484104906300039e-14 1.059619086338999855e-14 1.098030101310000127e-14 1.121249541819999997e-14 1.124085247899999966e-14 1.106576581499999991e-14 1.063203812000000024e-14 1.001327759999999972e-14 9.234312200000000358e-15 8.500250100000000794e-15 8.222356000000000482e-15 1.000524300000000109e-14 5.914527900000000345e-14 7.439145000000000307e-15 4.109903499999999356e-15 2.766279800000000092e-15 2.069914200000000174e-15 1.609954140000000103e-15
1.083545599999999997e-13 9.890869000000000069e-14 8.954534000000001313e-14 8.029034000000000612e-14 7.133944000000000182e-14 6.285738999999999961e-14 5.496284999999999814e-14 4.774041999999999410e-14 4.112942999999999906e-14 3.496201999999999929e-14 2.889296999999999901e-14 2.237170999999999844e-14 1.485952599999999943e-14 6.123594999999999667e-15 -1.070692000000000478e-15 3.125806999999999952e-15 3.725381299999999571e-15 2.697847334000000014e-15 2.052888342999999781e-15 1.518499257000000097e-15 7.227993504080000726e-15 7.565356577920000350e-15 7.989090997424902842e-15 8.357720767290300964e-15 8.647141130040000104e-15 8.816425098500000376e-15 8.825720529500000304e-15 8.677604139999999685e-15 8.326410547000000082e-15 7.822070720000001168e-15 7.165147070000000609e-15 6.462900400000000087e-15 5.867131700000000034e-15 5.736281000000000016e-15 7.439145000000000307e-15 3.768665300000000453e-14 5.690892999999999918e-15 2.959743899999999938e-15 1.943315700000000174e-15 1.403589800000000032e-15
8.881224000000000286e-14 8.122258000000000882e-14 7.372007999999999863e-14 6.632860000000000577e-14 5.920869000000000325e-14 5.249707999999999909e-14 4.629325000000000573e-14 4.067452999999999713e-14 3.561231999999999804e-14 3.101384999999999967e-14 2.667138999999999734e-14 2.221794200000000031e-14 1.723012300000000263e-14 1.115017400000000036e-14 3.962166100000000160e-15 -2.070550000000000483e-15 1.551060000000000004e-15 2.291602399999999965e-15 1.646849190000000075e-15 1.219419650000000066e-15 5.851615333121899942e-15 6.119565740080000099e-15 6.455077636590000032e-15 6.743289023572999675e-15 6.964288445409999898e-15 7.085743105219999968e-15 7.075239628899999964e-15 6.937166459499999961e-15 6.636862679000000318e-15 6.218108451999999708e-15 5.677702210000000333e-15 5.082625209999999598e-15 4.503534000000000103e-15 4.064276999999999600e-15 4.109903499999999356e-15 5.690892999999999918e-15 2.472436199999999815e-14 4.593224000000000186e-15 2.299348400000000072e-15 1.407952800000000020e-15
7.324872999999999226e-14 6.712027999999999579e-14 6.108578999999999583e-14 5.516761000000000109e-14 4.949768999999999672e-14 4.418838999999999858e-14 3.931939999999999753e-14 3.495437000000000083e-14 3.107560000000000190e-14 2.762807000000000167e-14 2.448154699999999935e-14 2.138676000000000045e-14 1.804796699999999944e-14 1.398592100000000128e-14 8.819702000000000545e-15 2.489438599999999936e-15 -2.740740000000000434e-15 4.160299999999999780e-16 1.347196430000000130e-15 9.485425599999999600e-16 4.773686023134999894e-15 4.986872714080000455e-15 5.252473689629999839e-15 5.476128032370000516e-15 5.641008821109999816e-15 5.721504081989999885e-15 5.691011879240000174e-15 5.555730775299999771e-15 5.289613989399999941e-15 4.933159880999999426e-15 4.482764590999999779e-15 3.984890229999999911e-15 3.480803909999999769e-15 3.025550399999999955e-15 2.766279800000000092e-15 2.959743899999999938e-15 4.593224000000000186e-15 1.694656599999999951e-14 3.953672999999999667e-15 1.872389199999999790e-15
6.227867000000000033e-14 5.721440000000000610e-14 5.224182000000000054e-14 4.738152000000000004e-14 4.274457999999999849e-14 3.842606000000000262e-14 3.449284000000000613e-14 3.099958999999999852e-14 2.793445999999999914e-14 2.525920199999999956e-14 2.288245499999999920e-14 2.062965600000000154e-14 1.830540300000000065e-14 1.555772099999999893e-14 1.204126200000000156e-14 7.337424999999999908e-15 1.553499100000000063e-15 -3.181506000000000229e-15 -3.693630000000000028e-16 7.398594800000000502e-16 3.972919206949999493e-15 4.147313857339999713e-15 4.363878605050000053e-15 4.543587760157999913e-15 4.672166128045000192e-15 4.728652376010000309e-15 4.690644848120000049e-15 4.564375932889999983e-15 4.328438933200000042e-15 4.018265390900000122e-15 3.632147017000000047e-15 3.210110020000000009e-15 2.782143460000000050e-15 2.376417049999999810e-15 2.069914200000000174e-15 1.943315700000000174e-15 2.299348400000000072e-15 3.953672999999999667e-15 1.233237900000000041e-14 3.615682699999999922e-15
5.400628000000000240e-14 4.975562000000000049e-14 4.559356999999999906e-14 4.153958000000000514e-14 3.768906000000000031e-14 3.412380000000000122e-14 3.090048999999999973e-14 2.806586999999999944e-14 2.561020199999999915e-14 2.350389100000000081e-14 2.167808599999999953e-14 2.000462799999999978e-14 1.835439099999999710e-14 1.647424400000000091e-14 1.410999600000000005e-14 1.085796600000000072e-14 6.405267999999999620e-15 8.589729999999999853e-16 -3.571173300000000201e-15 -9.326753000000000588e-16 3.356020618099999655e-15 3.501410676399999840e-15 3.681317086329999926e-15 3.828436677248000505e-15 3.930430699042000338e-15 3.969595316522000334e-15 3.926674714339999823e-15 3.807752611250000513e-15 3.594854910489999701e-15 3.319622516899999921e-15 2.981882585099999734e-15 2.617718263999999864e-15 2.251657328000000233e-15 1.899693690000000036e-15 1.609954140000000103e-15 1.403589800000000032e-15 1.407952800000000020e-15 1.872389199999999790e-15 3.615682699999999922e-15 9.651048899999999121e-15
