7.493459999999999940e-11 6.404987000000000040e-13 5.571995999999999596e-13 4.804981000000000365e-13 4.134730999999999762e-13 3.567939000000000172e-13 3.100361999999999871e-13 2.720665000000000201e-13 2.413554000000000138e-13 2.162684000000000067e-13 1.952530999999999983e-13 1.769617000000000072e-13 1.603073999999999890e-13 1.444706000000000074e-13 1.288804999999999879e-13 1.131939000000000000e-13 9.728447000000000602e-14 8.125178000000000227e-14 6.542913999999999569e-14 5.034254000000000018e-14 -9.851857000000000452e-15 -2.273039999999999875e-14 -2.560428999999999859e-15 2.586606999999999868e-14 4.736196999999999837e-14 5.932043000000000455e-14 6.328279999999999718e-14 6.162760999999999957e-14 5.653746999999999926e-14 4.975239000000000143e-14 4.253768000000000217e-14 3.573232000000000157e-14 2.982438999999999789e-14 2.503242999999999959e-14 2.138641999999999855e-14 1.880020999999999947e-14 1.712822000000000047e-14 1.620062999999999993e-14 1.583212000000000057e-14 1.580479999999999996e-14
6.404987000000000040e-13 4.432657000000000102e-11 5.635564000000000159e-13 4.854785000000000099e-13 4.165919999999999883e-13 3.585590000000000174e-13 3.109637999999999921e-13 2.725206999999999840e-13 2.415649999999999910e-13 2.163598000000000097e-13 1.952906000000000120e-13 1.769767000000000076e-13 1.603136000000000087e-13 1.444738000000000119e-13 1.288829999999999921e-13 1.131962999999999970e-13 9.728704999999999590e-14 8.125452000000000121e-14 6.543199999999999827e-14 5.034540000000000275e-14 -5.844328999999999834e-16 -1.006008999999999975e-14 -2.391544999999999934e-14 -3.335177000000000039e-15 2.477074999999999886e-14 4.479444999999999802e-14 5.480465999999999783e-14 5.697816000000000366e-14 5.410142000000000102e-14 4.851899000000000312e-14 4.192788999999999902e-14 3.543535000000000259e-14 2.968020999999999955e-14 2.496176000000000036e-14 2.135109999999999939e-14 1.878197999999999996e-14 1.711840999999999963e-14 1.619510999999999979e-14 1.582889000000000151e-14 1.580283999999999944e-14
5.571995999999999596e-13 5.635564000000000159e-13 2.628096000000000033e-11 4.937425999999999605e-13 4.220890000000000001e-13 3.616771000000000220e-13 3.125913999999999841e-13 2.733164999999999896e-13 2.419334000000000039e-13 2.165230999999999925e-13 1.953617999999999916e-13 1.770091999999999876e-13 1.603311999999999954e-13 1.444860999999999936e-13 1.288940000000000059e-13 1.132072000000000035e-13 9.729801000000000427e-14 8.126547999999999695e-14 6.544278999999999937e-14 5.035576999999999744e-14 -7.601842000000000168e-17 -3.602285999999999939e-16 -1.013180999999999926e-14 -2.475954000000000079e-14 -4.034835000000000018e-15 2.316630000000000096e-14 4.132908999999999884e-14 4.935293000000000183e-14 5.004091000000000084e-14 4.644491999999999977e-14 4.089821999999999978e-14 3.493246000000000123e-14 2.943585000000000124e-14 2.484191000000000138e-14 2.129110000000000078e-14 1.875099000000000061e-14 1.710172000000000054e-14 1.618573999999999862e-14 1.582346000000000094e-14 1.579964000000000128e-14
4.804981000000000365e-13 4.854785000000000099e-13 4.937425999999999605e-13 1.563434999999999911e-11 4.317144000000000007e-13 3.672883999999999781e-13 3.154815999999999994e-13 2.747034999999999815e-13 2.425600999999999854e-13 2.167900000000000032e-13 1.954687999999999880e-13 1.770495000000000020e-13 1.603460000000000066e-13 1.444922000000000061e-13 1.288975999999999889e-13 1.132107000000000045e-13 9.730191999999999450e-14 8.126979000000000353e-14 6.544740000000000242e-14 5.036053999999999692e-14 -4.814498000000000126e-17 1.667361999999999988e-17 -1.083969999999999941e-16 -9.908101000000000031e-15 -2.514741999999999951e-14 -4.580213999999999606e-15 2.117122000000000089e-14 3.719818000000000130e-14 4.336934999999999937e-14 4.298430999999999736e-14 3.916607999999999764e-14 3.408297999999999832e-14 2.902200999999999687e-14 2.463882999999999888e-14 2.118927000000000125e-14 1.869836000000000039e-14 1.707338999999999875e-14 1.616983000000000109e-14 1.581421000000000025e-14 1.579414000000000069e-14
4.134730999999999762e-13 4.165919999999999883e-13 4.220890000000000001e-13 4.317144000000000007e-13 9.346855000000000768e-12 3.776567999999999989e-13 3.208233999999999838e-13 2.772075000000000080e-13 2.436655999999999952e-13 2.172493999999999901e-13 1.956459999999999925e-13 1.771106000000000077e-13 1.603627000000000039e-13 1.444940000000000101e-13 1.288952999999999991e-13 1.132082000000000002e-13 9.730002999999999399e-14 8.126852000000000499e-14 6.544648000000000398e-14 5.035968999999999849e-14 -4.105738999999999720e-17 3.029061000000000248e-17 1.112956999999999894e-16 1.953014999999999896e-16 -9.418111000000000129e-15 -2.494626999999999979e-14 -4.891140000000000036e-15 1.892050999999999947e-14 3.270144000000000152e-14 3.728876000000000049e-14 3.627368999999999798e-14 3.265373000000000217e-14 2.832267999999999976e-14 2.429497000000000121e-14 2.101667999999999977e-14 1.860899000000000106e-14 1.702530999999999975e-14 1.614284999999999922e-14 1.579850999999999962e-14 1.578478000000000087e-14
3.567939000000000172e-13 3.585590000000000174e-13 3.616771000000000220e-13 3.672883999999999781e-13 3.776567999999999989e-13 5.628613999999999668e-12 3.312669999999999959e-13 2.819760999999999964e-13 2.457022000000000110e-13 2.180764999999999897e-13 1.959611999999999910e-13 1.772197000000000047e-13 1.603942999999999944e-13 1.444992999999999899e-13 1.288937999999999915e-13 1.132060000000000050e-13 9.729910999999999555e-14 8.126868999999999962e-14 6.544725000000000418e-14 5.036056999999999783e-14 -4.717378000000000137e-17 9.220471999999999389e-18 5.981707999999999941e-17 2.064797999999999912e-16 5.155399000000000096e-16 -8.647118999999999374e-15 -2.411673000000000090e-14 -4.930459000000000231e-15 1.656924000000000021e-14 2.815409000000000070e-14 3.150630999999999821e-14 3.026554999999999971e-14 2.714610999999999965e-14 2.371387000000000130e-14 2.072458000000000119e-14 1.845746999999999895e-14 1.694374000000000028e-14 1.609708000000000084e-14 1.577186000000000144e-14 1.576890000000000110e-14
3.100361999999999871e-13 3.109637999999999921e-13 3.125913999999999841e-13 3.154815999999999994e-13 3.208233999999999838e-13 3.312669999999999959e-13 3.425496000000000008e-12 2.918698999999999901e-13 2.496965999999999924e-13 2.196254999999999965e-13 1.965341999999999978e-13 1.774147999999999924e-13 1.604506000000000060e-13 1.445096000000000035e-13 1.288920000000000126e-13 1.132030999999999970e-13 9.729810999999999889e-14 8.126964000000000529e-14 6.544923999999999931e-14 5.036272000000000202e-14 -5.469520000000000152e-17 -5.122257000000000277e-18 2.065282999999999921e-17 9.072450000000000131e-17 2.707418999999999907e-16 8.230067000000000382e-16 -7.648077999999999791e-15 -2.268985000000000088e-14 -4.702882000000000044e-15 1.426263000000000039e-14 2.383982000000000012e-14 2.632519999999999949e-14 2.517959999999999918e-14 2.273633000000000080e-14 2.023120999999999925e-14 1.820105999999999919e-14 1.680538999999999992e-14 1.601944999999999883e-14 1.572666000000000142e-14 1.574191999999999923e-14
2.720665000000000201e-13 2.725206999999999840e-13 2.733164999999999896e-13 2.747034999999999815e-13 2.772075000000000080e-13 2.819760999999999964e-13 2.918698999999999901e-13 2.116460000000000051e-12 2.585447000000000141e-13 2.227640999999999959e-13 1.976286000000000118e-13 1.777743999999999993e-13 1.605525999999999938e-13 1.445282000000000122e-13 1.288887000000000009e-13 1.131981000000000011e-13 9.729608999999999654e-14 8.127092000000000203e-14 6.545231000000000194e-14 5.036605000000000201e-14 -5.541662000000000088e-17 -1.086780000000000006e-17 2.278741999999999965e-18 3.505718999999999734e-17 9.654163999999999993e-17 3.116097000000000037e-16 1.072955999999999917e-15 -6.512111999999999665e-15 -2.076708999999999959e-14 -4.257410999999999712e-15 1.212140999999999988e-14 1.997602999999999892e-14 2.193352999999999967e-14 2.110285999999999913e-14 1.940135999999999938e-14 1.776831999999999918e-14 1.657129000000000032e-14 1.588789000000000030e-14 1.565002999999999923e-14 1.569615000000000085e-14
2.413554000000000138e-13 2.415649999999999910e-13 2.419334000000000039e-13 2.425600999999999854e-13 2.436655999999999952e-13 2.457022000000000110e-13 2.496965999999999924e-13 2.585447000000000141e-13 1.335437000000000098e-12 2.302477999999999956e-13 1.999331999999999917e-13 1.784810999999999916e-13 1.607464999999999957e-13 1.445641000000000110e-13 1.288840999999999961e-13 1.131894000000000024e-13 9.729284999999999927e-14 8.127308000000000441e-14 6.545759999999999616e-14 5.037177000000000085e-14 -5.668786000000000583e-17 -1.333726000000000017e-17 -4.560628999999999924e-18 1.414344999999999849e-17 3.107468000000000050e-17 9.522150999999999646e-17 3.237846000000000174e-16 1.229719999999999992e-15 -5.345136999999999670e-15 -1.850553000000000155e-14 -3.669432999999999608e-15 1.023202000000000016e-14 1.669795999999999888e-14 1.840723999999999892e-14 1.801575000000000013e-14 1.704073999999999851e-14 1.617640000000000151e-14 1.566527999999999883e-14 1.552022000000000117e-14 1.561853000000000019e-14
2.162684000000000067e-13 2.163598000000000097e-13 2.165230999999999925e-13 2.167900000000000032e-13 2.172493999999999901e-13 2.180764999999999897e-13 2.196254999999999965e-13 2.227640999999999959e-13 2.302477999999999956e-13 8.665016999999999650e-13 2.059168999999999978e-13 1.800449000000000096e-13 1.611460999999999953e-13 1.446387999999999915e-13 1.288787000000000090e-13 1.131753000000000040e-13 9.728724999999999776e-14 8.127675999999999819e-14 6.546656999999999677e-14 5.038151999999999988e-14 -5.716030999999999441e-17 -1.412326999999999865e-17 -6.878400000000000316e-18 7.090760999999999829e-18 9.625667000000000259e-18 2.685740000000000009e-17 8.752741999999999798e-17 3.066016000000000003e-16 1.279880000000000003e-15 -4.247375000000000115e-15 -1.608865000000000082e-14 -3.020476000000000055e-15 8.644336000000000291e-15 1.406094000000000006e-14 1.573159999999999870e-14 1.582725000000000016e-14 1.551300999999999922e-14 1.528982000000000121e-14 1.530064000000000007e-14 1.548708000000000079e-14
1.952530999999999983e-13 1.952906000000000120e-13 1.953617999999999916e-13 1.954687999999999880e-13 1.956459999999999925e-13 1.959611999999999910e-13 1.965341999999999978e-13 1.976286000000000118e-13 1.999331999999999917e-13 2.059168999999999978e-13 5.821784000000000349e-13 1.845525999999999926e-13 1.621011999999999970e-13 1.448134999999999918e-13 1.288777999999999944e-13 1.131523999999999996e-13 9.727777999999999881e-14 8.128292999999999805e-14 6.548163999999999723e-14 5.039806999999999893e-14 -5.712488999999999895e-17 -1.439433999999999947e-17 -7.581388000000000045e-18 4.923853999999999777e-18 3.184955000000000014e-18 6.885547999999999748e-18 2.275532999999999862e-17 7.393436000000000416e-17 2.681189000000000070e-16 1.229888999999999937e-15 -3.294794000000000108e-15 -1.369415000000000027e-14 -2.381389000000000011e-15 7.375001999999999769e-15 1.205522000000000028e-14 1.383040000000000007e-14 1.440790999999999947e-14 1.465970000000000114e-14 1.493034000000000113e-14 1.526479999999999987e-14
1.769617000000000072e-13 1.769767000000000076e-13 1.770091999999999876e-13 1.770495000000000020e-13 1.771106000000000077e-13 1.772197000000000047e-13 1.774147999999999924e-13 1.777743999999999993e-13 1.784810999999999916e-13 1.800449000000000096e-13 1.845525999999999926e-13 4.071301000000000102e-13 1.652758000000000024e-13 1.453057999999999876e-13 1.289055999999999874e-13 1.131174000000000028e-13 9.726173999999999629e-14 8.129305000000000619e-14 6.550714999999999871e-14 5.042603000000000107e-14 -5.701342000000000150e-17 -1.438290000000000071e-17 -7.870986999999999362e-18 4.326564999999999904e-18 1.388217999999999934e-18 1.421319999999999961e-18 5.732836000000000177e-18 1.757272999999999971e-17 5.811345000000000411e-17 2.181285000000000053e-16 1.102191000000000085e-15 -2.530465999999999810e-15 -1.146890999999999963e-14 -1.802488000000000191e-15 6.414260000000000220e-15 1.062615000000000011e-14 1.259346000000000013e-14 1.361131000000000068e-14 1.430940999999999994e-14 1.489007000000000019e-14
1.603073999999999890e-13 1.603136000000000087e-13 1.603311999999999954e-13 1.603460000000000066e-13 1.603627000000000039e-13 1.603942999999999944e-13 1.604506000000000060e-13 1.605525999999999938e-13 1.607464999999999957e-13 1.611460999999999953e-13 1.621011999999999970e-13 1.652758000000000024e-13 2.967812000000000097e-13 1.473641000000000092e-13 1.290798000000000020e-13 1.130729999999999944e-13 9.723508999999999811e-14 8.130941999999999979e-14 6.554983000000000121e-14 5.047339000000000032e-14 -5.698439000000000189e-17 -1.429828000000000093e-17 -7.834993000000000631e-18 4.181963999999999636e-18 8.348258999999999699e-19 4.923556000000000259e-20 1.414076999999999914e-18 4.051552999999999907e-18 1.261694999999999972e-17 4.257182999999999790e-17 1.655498000000000094e-16 9.269151999999999595e-16 -1.965165000000000054e-15 -9.515177000000000669e-15 -1.311614000000000096e-15 5.734055000000000047e-15 9.692990000000000547e-15 1.189397000000000027e-14 1.327752999999999943e-14 1.426205999999999888e-14
1.444706000000000074e-13 1.444738000000000119e-13 1.444860999999999936e-13 1.444922000000000061e-13 1.444940000000000101e-13 1.444992999999999899e-13 1.445096000000000035e-13 1.445282000000000122e-13 1.445641000000000110e-13 1.446387999999999915e-13 1.448134999999999918e-13 1.453057999999999876e-13 1.473641000000000092e-13 2.247362000000000123e-13 1.302779000000000007e-13 1.130696999999999953e-13 9.719365999999999775e-14 8.133492000000000307e-14 6.562071000000000050e-14 5.055317999999999841e-14 -5.698103000000000286e-17 -1.427620000000000112e-17 -7.915473999999999579e-18 4.187620999999999729e-18 8.075398000000000007e-19 -3.840603999999999879e-19 4.135009999999999982e-19 8.927513999999999395e-19 2.634482999999999943e-18 8.380432000000000275e-18 2.886360000000000101e-17 1.168648999999999951e-16 7.335222000000000334e-16 -1.584886999999999952e-15 -7.888017000000000474e-15 -9.180269999999999978e-16 5.294103000000000032e-15 9.159791000000000302e-15 1.159082999999999985e-14 1.321954000000000023e-14
1.288804999999999879e-13 1.288829999999999921e-13 1.288940000000000059e-13 1.288975999999999889e-13 1.288952999999999991e-13 1.288937999999999915e-13 1.288920000000000126e-13 1.288887000000000009e-13 1.288840999999999961e-13 1.288787000000000090e-13 1.288777999999999944e-13 1.289055999999999874e-13 1.290798000000000020e-13 1.302779000000000007e-13 1.753800999999999880e-13 1.136812999999999944e-13 9.715221999999999919e-14 8.137266999999999702e-14 6.573630000000000284e-14 5.068692000000000204e-14 -5.688617999999999600e-17 -1.413276999999999849e-17 -7.994351000000000426e-18 4.079549999999999990e-18 7.380781999999999589e-19 -3.955535999999999916e-19 1.690659000000000117e-19 1.866804999999999973e-19 5.036388000000000298e-19 1.540645000000000094e-18 4.981520000000000283e-18 1.768023000000000010e-17 7.561665999999999404e-17 5.452885999999999875e-16 -1.361146999999999988e-15 -6.602295000000000129e-15 -6.206508999999999736e-16 5.043215000000000046e-15 8.915579000000000584e-15 1.151853000000000062e-14
1.131939000000000000e-13 1.131962999999999970e-13 1.132072000000000035e-13 1.132107000000000045e-13 1.132082000000000002e-13 1.132060000000000050e-13 1.132030999999999970e-13 1.131981000000000011e-13 1.131894000000000024e-13 1.131753000000000040e-13 1.131523999999999996e-13 1.131174000000000028e-13 1.130729999999999944e-13 1.130696999999999953e-13 1.136812999999999944e-13 1.395323000000000021e-13 9.745815000000000060e-14 8.143049999999999820e-14 6.591912000000000528e-14 5.090871999999999787e-14 -5.675917999999999660e-17 -1.388398999999999972e-17 -8.002812000000000585e-18 4.091528000000000343e-18 6.943444999999999764e-19 -4.863259999999999843e-19 1.050069000000000041e-19 1.049186999999999962e-19 4.177891999999999890e-20 2.354278000000000112e-19 7.004430999999999765e-19 2.375598000000000107e-18 9.002878000000000021e-18 4.267635000000000172e-17 3.766216999999999841e-16 -1.261467999999999932e-15 -5.645669000000000271e-15 -4.183923999999999925e-16 4.915904000000000136e-15 8.829500000000000394e-15
9.728447000000000602e-14 9.728704999999999590e-14 9.729801000000000427e-14 9.730191999999999450e-14 9.730002999999999399e-14 9.729910999999999555e-14 9.729810999999999889e-14 9.729608999999999654e-14 9.729284999999999927e-14 9.728724999999999776e-14 9.727777999999999881e-14 9.726173999999999629e-14 9.723508999999999811e-14 9.719365999999999775e-14 9.715221999999999919e-14 9.745815000000000060e-14 1.118895000000000050e-13 8.170558999999999850e-14 6.619443000000000383e-14 5.126925000000000139e-14 -5.651021000000000431e-17 -1.350831000000000050e-17 -8.049749999999999865e-18 4.112364999999999919e-18 7.434576000000000067e-19 -4.419951000000000017e-19 6.515779999999999439e-20 1.303004000000000059e-20 2.714894999999999715e-20 -1.418242999999999968e-20 5.475358999999999858e-21 3.562056000000000079e-20 3.174542000000000237e-19 2.194325999999999967e-18 1.674339999999999982e-17 2.328312999999999915e-16 -1.257427999999999969e-15 -4.992707000000000370e-15 -3.182048999999999792e-16 4.834355000000000041e-15
8.125178000000000227e-14 8.125452000000000121e-14 8.126547999999999695e-14 8.126979000000000353e-14 8.126852000000000499e-14 8.126868999999999962e-14 8.126964000000000529e-14 8.127092000000000203e-14 8.127308000000000441e-14 8.127675999999999819e-14 8.128292999999999805e-14 8.129305000000000619e-14 8.130941999999999979e-14 8.133492000000000307e-14 8.137266999999999702e-14 8.143049999999999820e-14 8.170558999999999850e-14 8.949213999999999878e-14 6.667768000000000079e-14 5.183248999999999829e-14 -5.609090000000000096e-17 -1.294377999999999939e-17 -8.119873000000000304e-18 4.121285000000000177e-18 7.574270000000000219e-19 -4.163053000000000046e-19 1.276607000000000107e-19 3.914798999999999944e-20 -2.476272000000000001e-20 -2.513800999999999920e-20 -5.758021999999999952e-20 -1.943867000000000043e-19 -5.312052000000000352e-19 -1.443016000000000034e-18 -3.537354999999999772e-18 -4.504666000000000032e-18 1.124463999999999905e-16 -1.327481000000000044e-15 -4.611552000000000195e-15 -3.264539999999999795e-16
6.542913999999999569e-14 6.543199999999999827e-14 6.544278999999999937e-14 6.544740000000000242e-14 6.544648000000000398e-14 6.544725000000000418e-14 6.544923999999999931e-14 6.545231000000000194e-14 6.545759999999999616e-14 6.546656999999999677e-14 6.548163999999999723e-14 6.550714999999999871e-14 6.554983000000000121e-14 6.562071000000000050e-14 6.573630000000000284e-14 6.591912000000000528e-14 6.619443000000000383e-14 6.667768000000000079e-14 7.076087000000000078e-14 5.269708000000000077e-14 -5.542394000000000185e-17 -1.210553999999999976e-17 -8.215565999999999291e-18 4.113725000000000041e-18 7.480128999999999681e-19 -4.308243000000000214e-19 1.206866000000000090e-19 5.807186999999999509e-20 2.000059000000000108e-20 -8.721874000000000493e-21 -6.436041999999999455e-20 -1.084071000000000049e-19 -3.624468000000000072e-19 -1.029587999999999979e-18 -2.969053999999999979e-18 -8.419656999999999386e-18 -2.203481000000000054e-17 1.412242999999999889e-17 -1.447564000000000067e-15 -4.450316000000000034e-15
5.034254000000000018e-14 5.034540000000000275e-14 5.035576999999999744e-14 5.036053999999999692e-14 5.035968999999999849e-14 5.036056999999999783e-14 5.036272000000000202e-14 5.036605000000000201e-14 5.037177000000000085e-14 5.038151999999999988e-14 5.039806999999999893e-14 5.042603000000000107e-14 5.047339000000000032e-14 5.055317999999999841e-14 5.068692000000000204e-14 5.090871999999999787e-14 5.126925000000000139e-14 5.183248999999999829e-14 5.269708000000000077e-14 5.490292000000000270e-14 -5.455341000000000252e-17 -1.084923999999999975e-17 -8.308926999999999668e-18 4.101962000000000268e-18 7.426527000000000419e-19 -4.455227000000000098e-19 9.978868999999999645e-20 3.365892000000000258e-20 -3.596887999999999918e-22 1.410689999999999870e-20 -2.960001000000000174e-21 -6.172197000000000003e-20 -1.244170999999999995e-19 -3.842330999999999947e-19 -1.120626999999999946e-18 -3.328743000000000053e-18 -1.001835000000000031e-17 -3.021613999999999952e-17 -5.115861999999999780e-17 -1.575194999999999951e-15
-9.851857000000000452e-15 -5.844328999999999834e-16 -7.601842000000000168e-17 -4.814498000000000126e-17 -4.105738999999999720e-17 -4.717378000000000137e-17 -5.469520000000000152e-17 -5.541662000000000088e-17 -5.668786000000000583e-17 -5.716030999999999441e-17 -5.712488999999999895e-17 -5.701342000000000150e-17 -5.698439000000000189e-17 -5.698103000000000286e-17 -5.688617999999999600e-17 -5.675917999999999660e-17 -5.651021000000000431e-17 -5.609090000000000096e-17 -5.542394000000000185e-17 -5.455341000000000252e-17 7.425432999999999426e-11 1.691675000000000021e-14 6.190162999999999845e-15 2.108945000000000193e-15 6.990572999999999573e-16 2.234629000000000068e-16 6.691421000000000534e-17 2.041887000000000081e-17 5.736778999999999633e-18 1.419083000000000039e-18 3.638630999999999829e-19 1.586851000000000047e-19 7.547486999999999890e-20 -3.137457000000000151e-21 -4.642852999999999989e-21 -1.349592000000000013e-20 3.331219000000000155e-22 3.023134999999999889e-21 -2.279304999999999945e-20 -1.363818999999999984e-19
-2.273039999999999875e-14 -1.006008999999999975e-14 -3.602285999999999939e-16 1.667361999999999988e-17 3.029061000000000248e-17 9.220471999999999389e-18 -5.122257000000000277e-18 -1.086780000000000006e-17 -1.333726000000000017e-17 -1.412326999999999865e-17 -1.439433999999999947e-17 -1.438290000000000071e-17 -1.429828000000000093e-17 -1.427620000000000112e-17 -1.413276999999999849e-17 -1.388398999999999972e-17 -1.350831000000000050e-17 -1.294377999999999939e-17 -1.210553999999999976e-17 -1.084923999999999975e-17 1.691675000000000021e-14 4.372736000000000160e-11 1.736393000000000051e-14 6.120903999999999798e-15 2.030476000000000140e-15 6.447175999999999905e-16 1.963230000000000053e-16 5.795468000000000538e-17 1.650628999999999847e-17 4.596268000000000171e-18 1.227941000000000044e-18 3.541389999999999862e-19 1.603675000000000058e-19 2.645131000000000069e-20 -7.438322999999999405e-21 -1.342208000000000027e-20 -2.425991999999999979e-20 -4.628591999999999902e-20 -8.514266000000000203e-20 -1.353236000000000048e-19
-2.560428999999999859e-15 -2.391544999999999934e-14 -1.013180999999999926e-14 -1.083969999999999941e-16 1.112956999999999894e-16 5.981707999999999941e-17 2.065282999999999921e-17 2.278741999999999965e-18 -4.560628999999999924e-18 -6.878400000000000316e-18 -7.581388000000000045e-18 -7.870986999999999362e-18 -7.834993000000000631e-18 -7.915473999999999579e-18 -7.994351000000000426e-18 -8.002812000000000585e-18 -8.049749999999999865e-18 -8.119873000000000304e-18 -8.215565999999999291e-18 -8.308926999999999668e-18 6.190162999999999845e-15 1.736393000000000051e-14 2.575616999999999929e-11 1.747678999999999896e-14 5.920382999999999630e-15 1.882895999999999821e-15 5.735803999999999713e-16 1.682750000000000079e-16 4.788821000000000197e-17 1.334112000000000008e-17 3.713560000000000291e-18 9.796161000000000856e-19 3.526519999999999937e-19 1.059834000000000023e-19 -8.950937000000000355e-21 -2.575097999999999867e-24 3.636589999999999839e-21 1.368962999999999858e-20 2.460504999999999978e-20 4.408632999999999835e-20
2.586606999999999868e-14 -3.335177000000000039e-15 -2.475954000000000079e-14 -9.908101000000000031e-15 1.953014999999999896e-16 2.064797999999999912e-16 9.072450000000000131e-17 3.505718999999999734e-17 1.414344999999999849e-17 7.090760999999999829e-18 4.923853999999999777e-18 4.326564999999999904e-18 4.181963999999999636e-18 4.187620999999999729e-18 4.079549999999999990e-18 4.091528000000000343e-18 4.112364999999999919e-18 4.121285000000000177e-18 4.113725000000000041e-18 4.101962000000000268e-18 2.108945000000000193e-15 6.120903999999999798e-15 1.747678999999999896e-14 1.517637000000000110e-11 1.718898999999999929e-14 5.553590000000000377e-15 1.688525999999999978e-15 4.932838999999999887e-16 1.397700000000000012e-16 3.870800999999999900e-17 1.058301999999999933e-17 2.917383000000000187e-18 8.295479000000000316e-19 3.040392999999999966e-19 4.086339000000000193e-20 7.672903000000000296e-22 7.023572999999999299e-21 1.203236999999999985e-20 3.760158000000000227e-21 -3.322752000000000161e-21
4.736196999999999837e-14 2.477074999999999886e-14 -4.034835000000000018e-15 -2.514741999999999951e-14 -9.418111000000000129e-15 5.155399000000000096e-16 2.707418999999999907e-16 9.654163999999999993e-17 3.107468000000000050e-17 9.625667000000000259e-18 3.184955000000000014e-18 1.388217999999999934e-18 8.348258999999999699e-19 8.075398000000000007e-19 7.380781999999999589e-19 6.943444999999999764e-19 7.434576000000000067e-19 7.574270000000000219e-19 7.480128999999999681e-19 7.426527000000000419e-19 6.990572999999999573e-16 2.030476000000000140e-15 5.920382999999999630e-15 1.718898999999999929e-14 8.947573000000000127e-12 1.648232000000000155e-14 5.042215000000000227e-15 1.462214000000000019e-15 4.109196999999999845e-16 1.131039999999999984e-16 3.085602999999999743e-17 8.476297000000000034e-18 2.320131999999999866e-18 7.259461000000000325e-19 2.110130999999999883e-19 2.113004000000000016e-20 2.344540999999999966e-20 2.282110999999999889e-20 7.128044999999999501e-21 -3.300958000000000128e-21
5.932043000000000455e-14 4.479444999999999802e-14 2.316630000000000096e-14 -4.580213999999999606e-15 -2.494626999999999979e-14 -8.647118999999999374e-15 8.230067000000000382e-16 3.116097000000000037e-16 9.522150999999999646e-17 2.685740000000000009e-17 6.885547999999999748e-18 1.421319999999999961e-18 4.923556000000000259e-20 -3.840603999999999879e-19 -3.955535999999999916e-19 -4.863259999999999843e-19 -4.419951000000000017e-19 -4.163053000000000046e-19 -4.308243000000000214e-19 -4.455227000000000098e-19 2.234629000000000068e-16 6.447175999999999905e-16 1.882895999999999821e-15 5.553590000000000377e-15 1.648232000000000155e-14 5.279891000000000206e-12 1.536631000000000021e-14 4.427097000000000238e-15 1.226270999999999924e-15 3.336327999999999986e-16 9.020504999999999442e-17 2.458823000000000063e-17 6.910841000000000250e-18 1.949174999999999876e-18 6.354182000000000368e-19 1.470985000000000064e-19 5.810522000000000491e-20 4.408199000000000026e-20 1.737600999999999996e-20 -1.683477999999999922e-21
6.328279999999999718e-14 5.480465999999999783e-14 4.132908999999999884e-14 2.117122000000000089e-14 -4.891140000000000036e-15 -2.411673000000000090e-14 -7.648077999999999791e-15 1.072955999999999917e-15 3.237846000000000174e-16 8.752741999999999798e-17 2.275532999999999862e-17 5.732836000000000177e-18 1.414076999999999914e-18 4.135009999999999982e-19 1.690659000000000117e-19 1.050069000000000041e-19 6.515779999999999439e-20 1.276607000000000107e-19 1.206866000000000090e-19 9.978868999999999645e-20 6.691421000000000534e-17 1.963230000000000053e-16 5.735803999999999713e-16 1.688525999999999978e-15 5.042215000000000227e-15 1.536631000000000021e-14 3.119660999999999827e-12 1.390961999999999980e-14 3.764352000000000155e-15 1.001237000000000023e-15 2.665437999999999945e-16 7.192496000000000004e-17 1.995256999999999890e-17 5.808394999999999976e-18 1.772478999999999857e-18 5.655295000000000383e-19 1.506289000000000101e-19 8.887924000000000132e-20 4.084811999999999867e-20 3.714339999999999681e-21
6.162760999999999957e-14 5.697816000000000366e-14 4.935293000000000183e-14 3.719818000000000130e-14 1.892050999999999947e-14 -4.930459000000000231e-15 -2.268985000000000088e-14 -6.512111999999999665e-15 1.229719999999999992e-15 3.066016000000000003e-16 7.393436000000000416e-17 1.757272999999999971e-17 4.051552999999999907e-18 8.927513999999999395e-19 1.866804999999999973e-19 1.049186999999999962e-19 1.303004000000000059e-20 3.914798999999999944e-20 5.807186999999999509e-20 3.365892000000000258e-20 2.041887000000000081e-17 5.795468000000000538e-17 1.682750000000000079e-16 4.932838999999999887e-16 1.462214000000000019e-15 4.427097000000000238e-15 1.390961999999999980e-14 1.846664000000000016e-12 1.222713999999999933e-14 3.112149999999999896e-15 8.030915000000000257e-16 2.125404000000000004e-16 5.832280000000000524e-17 1.678593000000000017e-17 5.105814999999999821e-18 1.693139999999999990e-18 5.364595000000000265e-19 1.977753000000000058e-19 9.393288999999999522e-20 2.361125000000000082e-20
5.653746999999999926e-14 5.410142000000000102e-14 5.004091000000000084e-14 4.336934999999999937e-14 3.270144000000000152e-14 1.656924000000000021e-14 -4.702882000000000044e-15 -2.076708999999999959e-14 -5.345136999999999670e-15 1.279880000000000003e-15 2.681189000000000070e-16 5.811345000000000411e-17 1.261694999999999972e-17 2.634482999999999943e-18 5.036388000000000298e-19 4.177891999999999890e-20 2.714894999999999715e-20 -2.476272000000000001e-20 2.000059000000000108e-20 -3.596887999999999918e-22 5.736778999999999633e-18 1.650628999999999847e-17 4.788821000000000197e-17 1.397700000000000012e-16 4.109196999999999845e-16 1.226270999999999924e-15 3.764352000000000155e-15 1.222713999999999933e-14 1.095876000000000086e-12 1.045827999999999922e-14 2.519833000000000018e-15 6.409466999999999947e-16 1.720122000000000067e-16 4.895047000000000081e-17 1.483812000000000067e-17 4.745547000000000068e-18 1.648678999999999985e-18 5.539893999999999929e-19 2.329332000000000075e-19 8.191049000000000470e-20
4.975239000000000143e-14 4.851899000000000312e-14 4.644491999999999977e-14 4.298430999999999736e-14 3.728876000000000049e-14 2.815409000000000070e-14 1.426263000000000039e-14 -4.257410999999999712e-15 -1.850553000000000155e-14 -4.247375000000000115e-15 1.229888999999999937e-15 2.181285000000000053e-16 4.257182999999999790e-17 8.380432000000000275e-18 1.540645000000000094e-18 2.354278000000000112e-19 -1.418242999999999968e-20 -2.513800999999999920e-20 -8.721874000000000493e-21 1.410689999999999870e-20 1.419083000000000039e-18 4.596268000000000171e-18 1.334112000000000008e-17 3.870800999999999900e-17 1.131039999999999984e-16 3.336327999999999986e-16 1.001237000000000023e-15 3.112149999999999896e-15 1.045827999999999922e-14 6.525168999999999578e-13 8.739726999999999477e-15 2.019936999999999990e-15 5.173298999999999854e-16 1.438182999999999984e-16 4.309859999999999961e-17 1.381572000000000062e-17 4.649452000000000118e-18 1.641880999999999938e-18 5.983908999999999642e-19 2.385169000000000235e-19
4.253768000000000217e-14 4.192788999999999902e-14 4.089821999999999978e-14 3.916607999999999764e-14 3.627368999999999798e-14 3.150630999999999821e-14 2.383982000000000012e-14 1.212140999999999988e-14 -3.669432999999999608e-15 -1.608865000000000082e-14 -3.294794000000000108e-15 1.102191000000000085e-15 1.655498000000000094e-16 2.886360000000000101e-17 4.981520000000000283e-18 7.004430999999999765e-19 5.475358999999999858e-21 -5.758021999999999952e-20 -6.436041999999999455e-20 -2.960001000000000174e-21 3.638630999999999829e-19 1.227941000000000044e-18 3.713560000000000291e-18 1.058301999999999933e-17 3.085602999999999743e-17 9.020504999999999442e-17 2.665437999999999945e-16 8.030915000000000257e-16 2.519833000000000018e-15 8.739726999999999477e-15 3.902378000000000035e-13 7.182651999999999710e-15 1.626421999999999945e-15 4.297836999999999790e-16 1.259771999999999894e-16 3.998307000000000029e-17 1.347320999999999982e-17 4.742591000000000251e-18 1.694016999999999982e-18 6.425850999999999875e-19
3.573232000000000157e-14 3.543535000000000259e-14 3.493246000000000123e-14 3.408297999999999832e-14 3.265373000000000217e-14 3.026554999999999971e-14 2.632519999999999949e-14 1.997602999999999892e-14 1.023202000000000016e-14 -3.020476000000000055e-15 -1.369415000000000027e-14 -2.530465999999999810e-15 9.269151999999999595e-16 1.168648999999999951e-16 1.768023000000000010e-17 2.375598000000000107e-18 3.562056000000000079e-20 -1.943867000000000043e-19 -1.084071000000000049e-19 -6.172197000000000003e-20 1.586851000000000047e-19 3.541389999999999862e-19 9.796161000000000856e-19 2.917383000000000187e-18 8.476297000000000034e-18 2.458823000000000063e-17 7.192496000000000004e-17 2.125404000000000004e-16 6.409466999999999947e-16 2.019936999999999990e-15 7.182651999999999710e-15 2.347252000000000064e-13 5.859728999999999651e-15 1.337715000000000084e-15 3.730331000000000030e-16 1.162544000000000121e-16 3.891321000000000157e-17 1.365423000000000011e-17 4.959019999999999825e-18 1.801264000000000047e-18
2.982438999999999789e-14 2.968020999999999955e-14 2.943585000000000124e-14 2.902200999999999687e-14 2.832267999999999976e-14 2.714610999999999965e-14 2.517959999999999918e-14 2.193352999999999967e-14 1.669795999999999888e-14 8.644336000000000291e-15 -2.381389000000000011e-15 -1.146890999999999963e-14 -1.965165000000000054e-15 7.335222000000000334e-16 7.561665999999999404e-17 9.002878000000000021e-18 3.174542000000000237e-19 -5.312052000000000352e-19 -3.624468000000000072e-19 -1.244170999999999995e-19 7.547486999999999890e-20 1.603675000000000058e-19 3.526519999999999937e-19 8.295479000000000316e-19 2.320131999999999866e-18 6.910841000000000250e-18 1.995256999999999890e-17 5.832280000000000524e-17 1.720122000000000067e-16 5.173298999999999854e-16 1.626421999999999945e-15 5.859728999999999651e-15 1.422664000000000005e-13 4.803070000000000165e-15 1.142117000000000056e-15 3.408086999999999975e-16 1.126180000000000089e-16 3.938390999999999707e-17 1.423945999999999988e-17 5.247328000000000002e-18
2.503242999999999959e-14 2.496176000000000036e-14 2.484191000000000138e-14 2.463882999999999888e-14 2.429497000000000121e-14 2.371387000000000130e-14 2.273633000000000080e-14 2.110285999999999913e-14 1.840723999999999892e-14 1.406094000000000006e-14 7.375001999999999769e-15 -1.802488000000000191e-15 -9.515177000000000669e-15 -1.584886999999999952e-15 5.452885999999999875e-16 4.267635000000000172e-17 2.194325999999999967e-18 -1.443016000000000034e-18 -1.029587999999999979e-18 -3.842330999999999947e-19 -3.137457000000000151e-21 2.645131000000000069e-20 1.059834000000000023e-19 3.040392999999999966e-19 7.259461000000000325e-19 1.949174999999999876e-18 5.808394999999999976e-18 1.678593000000000017e-17 4.895047000000000081e-17 1.438182999999999984e-16 4.297836999999999790e-16 1.337715000000000084e-15 4.803070000000000165e-15 8.713591999999999774e-14 4.010867999999999998e-15 1.023130999999999940e-15 3.272020000000000066e-16 1.135484000000000082e-16 4.101404999999999786e-17 1.508768999999999895e-17
2.138641999999999855e-14 2.135109999999999939e-14 2.129110000000000078e-14 2.118927000000000125e-14 2.101667999999999977e-14 2.072458000000000119e-14 2.023120999999999925e-14 1.940135999999999938e-14 1.801575000000000013e-14 1.573159999999999870e-14 1.205522000000000028e-14 6.414260000000000220e-15 -1.311614000000000096e-15 -7.888017000000000474e-15 -1.361146999999999988e-15 3.766216999999999841e-16 1.674339999999999982e-17 -3.537354999999999772e-18 -2.969053999999999979e-18 -1.120626999999999946e-18 -4.642852999999999989e-21 -7.438322999999999405e-21 -8.950937000000000355e-21 4.086339000000000193e-20 2.110130999999999883e-19 6.354182000000000368e-19 1.772478999999999857e-18 5.105814999999999821e-18 1.483812000000000067e-17 4.309859999999999961e-17 1.259771999999999894e-16 3.730331000000000030e-16 1.142117000000000056e-15 4.010867999999999998e-15 5.417612999999999864e-14 3.458198999999999852e-15 9.638464999999999134e-16 3.275468000000000019e-16 1.179182000000000048e-16 4.340213999999999699e-17
1.880020999999999947e-14 1.878197999999999996e-14 1.875099000000000061e-14 1.869836000000000039e-14 1.860899000000000106e-14 1.845746999999999895e-14 1.820105999999999919e-14 1.776831999999999918e-14 1.704073999999999851e-14 1.582725000000000016e-14 1.383040000000000007e-14 1.062615000000000011e-14 5.734055000000000047e-15 -9.180269999999999978e-16 -6.602295000000000129e-15 -1.261467999999999932e-15 2.328312999999999915e-16 -4.504666000000000032e-18 -8.419656999999999386e-18 -3.328743000000000053e-18 -1.349592000000000013e-20 -1.342208000000000027e-20 -2.575097999999999867e-24 7.672903000000000296e-22 2.113004000000000016e-20 1.470985000000000064e-19 5.655295000000000383e-19 1.693139999999999990e-18 4.745547000000000068e-18 1.381572000000000062e-17 3.998307000000000029e-17 1.162544000000000121e-16 3.408086999999999975e-16 1.023130999999999940e-15 3.458198999999999852e-15 3.443825000000000222e-14 3.108609999999999842e-15 9.497919000000000498e-16 3.383596999999999946e-16 1.245508000000000013e-16
1.712822000000000047e-14 1.711840999999999963e-14 1.710172000000000054e-14 1.707338999999999875e-14 1.702530999999999975e-14 1.694374000000000028e-14 1.680538999999999992e-14 1.657129000000000032e-14 1.617640000000000151e-14 1.551300999999999922e-14 1.440790999999999947e-14 1.259346000000000013e-14 9.692990000000000547e-15 5.294103000000000032e-15 -6.206508999999999736e-16 -5.645669000000000271e-15 -1.257427999999999969e-15 1.124463999999999905e-16 -2.203481000000000054e-17 -1.001835000000000031e-17 3.331219000000000155e-22 -2.425991999999999979e-20 3.636589999999999839e-21 7.023572999999999299e-21 2.344540999999999966e-20 5.810522000000000491e-20 1.506289000000000101e-19 5.364595000000000265e-19 1.648678999999999985e-18 4.649452000000000118e-18 1.347320999999999982e-17 3.891321000000000157e-17 1.126180000000000089e-16 3.272020000000000066e-16 9.638464999999999134e-16 3.108609999999999842e-15 2.262455999999999859e-14 2.923473000000000005e-15 9.696194000000000747e-16 3.560858000000000008e-16
1.620062999999999993e-14 1.619510999999999979e-14 1.618573999999999862e-14 1.616983000000000109e-14 1.614284999999999922e-14 1.609708000000000084e-14 1.601944999999999883e-14 1.588789000000000030e-14 1.566527999999999883e-14 1.528982000000000121e-14 1.465970000000000114e-14 1.361131000000000068e-14 1.189397000000000027e-14 9.159791000000000302e-15 5.043215000000000046e-15 -4.183923999999999925e-16 -4.992707000000000370e-15 -1.327481000000000044e-15 1.412242999999999889e-17 -3.021613999999999952e-17 3.023134999999999889e-21 -4.628591999999999902e-20 1.368962999999999858e-20 1.203236999999999985e-20 2.282110999999999889e-20 4.408199000000000026e-20 8.887924000000000132e-20 1.977753000000000058e-19 5.539893999999999929e-19 1.641880999999999938e-18 4.742591000000000251e-18 1.365423000000000011e-17 3.938390999999999707e-17 1.135484000000000082e-16 3.275468000000000019e-16 9.497919000000000498e-16 2.923473000000000005e-15 1.558777999999999866e-14 2.867003999999999916e-15 1.012006999999999998e-15
1.583212000000000057e-14 1.582889000000000151e-14 1.582346000000000094e-14 1.581421000000000025e-14 1.579850999999999962e-14 1.577186000000000144e-14 1.572666000000000142e-14 1.565002999999999923e-14 1.552022000000000117e-14 1.530064000000000007e-14 1.493034000000000113e-14 1.430940999999999994e-14 1.327752999999999943e-14 1.159082999999999985e-14 8.915579000000000584e-15 4.915904000000000136e-15 -3.182048999999999792e-16 -4.611552000000000195e-15 -1.447564000000000067e-15 -5.115861999999999780e-17 -2.279304999999999945e-20 -8.514266000000000203e-20 2.460504999999999978e-20 3.760158000000000227e-21 7.128044999999999501e-21 1.737600999999999996e-20 4.084811999999999867e-20 9.393288999999999522e-20 2.329332000000000075e-19 5.983908999999999642e-19 1.694016999999999982e-18 4.959019999999999825e-18 1.423945999999999988e-17 4.101404999999999786e-17 1.179182000000000048e-16 3.383596999999999946e-16 9.696194000000000747e-16 2.867003999999999916e-15 1.144791000000000028e-14 2.901617000000000149e-15
1.580479999999999996e-14 1.580283999999999944e-14 1.579964000000000128e-14 1.579414000000000069e-14 1.578478000000000087e-14 1.576890000000000110e-14 1.574191999999999923e-14 1.569615000000000085e-14 1.561853000000000019e-14 1.548708000000000079e-14 1.526479999999999987e-14 1.489007000000000019e-14 1.426205999999999888e-14 1.321954000000000023e-14 1.151853000000000062e-14 8.829500000000000394e-15 4.834355000000000041e-15 -3.264539999999999795e-16 -4.450316000000000034e-15 -1.575194999999999951e-15 -1.363818999999999984e-19 -1.353236000000000048e-19 4.408632999999999835e-20 -3.322752000000000161e-21 -3.300958000000000128e-21 -1.683477999999999922e-21 3.714339999999999681e-21 2.361125000000000082e-20 8.191049000000000470e-20 2.385169000000000235e-19 6.425850999999999875e-19 1.801264000000000047e-18 5.247328000000000002e-18 1.508768999999999895e-17 4.340213999999999699e-17 1.245508000000000013e-16 3.560858000000000008e-16 1.012006999999999998e-15 2.901617000000000149e-15 9.060428999999999773e-15
