# Please cite the following papers in research using this covariance:
# arXiv: 1601.05779, https://arxiv.org/abs/1601.05779
# arXiv: 1911.11947, https://arxiv.org/abs/1911.11947
# arXiv: 2004.04833, https://arxiv.org/abs/2004.04833
########################################################
20 20 3.369410e-04 3.369410e-04 0 0 0 0 7.425433e-11 3.134265e-14
20 21 3.369410e-04 4.391424e-04 0 0 0 0 1.691675e-14 3.244703e-14
20 22 3.369410e-04 5.723437e-04 0 0 0 0 6.190163e-15 3.375010e-14
20 23 3.369410e-04 7.459478e-04 0 0 0 0 2.108945e-15 3.460008e-14
20 24 3.369410e-04 9.722096e-04 0 0 0 0 6.990573e-16 3.485558e-14
20 25 3.369410e-04 1.267102e-03 0 0 0 0 2.234629e-16 3.439578e-14
20 26 3.369410e-04 1.651440e-03 0 0 0 0 6.691421e-17 3.304352e-14
20 27 3.369410e-04 2.152358e-03 0 0 0 0 2.041887e-17 3.098034e-14
20 28 3.369410e-04 2.805213e-03 0 0 0 0 5.736779e-18 2.808201e-14
20 29 3.369410e-04 3.656095e-03 0 0 0 0 1.419083e-18 2.478434e-14
20 30 3.369410e-04 4.765066e-03 0 0 0 0 3.638631e-19 2.115210e-14
20 31 3.369410e-04 6.210412e-03 0 0 0 0 1.586851e-19 1.758762e-14
20 32 3.369410e-04 8.094162e-03 0 0 0 0 7.547487e-20 1.432780e-14
20 33 3.369410e-04 1.054929e-02 0 0 0 0 -3.137457e-21 1.141912e-14
20 34 3.369410e-04 1.374912e-02 0 0 0 0 -4.642853e-21 9.131748e-15
20 35 3.369410e-04 1.791952e-02 0 0 0 0 -1.349592e-20 7.228007e-15
20 36 3.369410e-04 2.335489e-02 0 0 0 0 3.331219e-22 5.851615e-15
20 37 3.369410e-04 3.043893e-02 0 0 0 0 3.023135e-21 4.773683e-15
20 38 3.369410e-04 3.967171e-02 0 0 0 0 -2.279305e-20 3.972942e-15
20 39 3.369410e-04 5.170498e-02 0 0 0 0 -1.363819e-19 3.356157e-15
21 20 4.391424e-04 3.369410e-04 0 0 0 0 1.691675e-14 3.244703e-14
21 21 4.391424e-04 4.391424e-04 0 0 0 0 4.372736e-11 3.362425e-14
21 22 4.391424e-04 5.723437e-04 0 0 0 0 1.736393e-14 3.501225e-14
21 23 4.391424e-04 7.459478e-04 0 0 0 0 6.120904e-15 3.592915e-14
21 24 4.391424e-04 9.722096e-04 0 0 0 0 2.030476e-15 3.623229e-14
21 25 4.391424e-04 1.267102e-03 0 0 0 0 6.447176e-16 3.579470e-14
21 26 4.391424e-04 1.651440e-03 0 0 0 0 1.963230e-16 3.443072e-14
21 27 4.391424e-04 2.152358e-03 0 0 0 0 5.795468e-17 3.232474e-14
21 28 4.391424e-04 2.805213e-03 0 0 0 0 1.650629e-17 2.934319e-14
21 29 4.391424e-04 3.656095e-03 0 0 0 0 4.596268e-18 2.593112e-14
21 30 4.391424e-04 4.765066e-03 0 0 0 0 1.227941e-18 2.215439e-14
21 31 4.391424e-04 6.210412e-03 0 0 0 0 3.541390e-19 1.843474e-14
21 32 4.391424e-04 8.094162e-03 0 0 0 0 1.603675e-19 1.502113e-14
21 33 4.391424e-04 1.054929e-02 0 0 0 0 2.645131e-20 1.196961e-14
21 34 4.391424e-04 1.374912e-02 0 0 0 0 -7.438323e-21 9.567026e-15
21 35 4.391424e-04 1.791952e-02 0 0 0 0 -1.342208e-20 7.565370e-15
21 36 4.391424e-04 2.335489e-02 0 0 0 0 -2.425992e-20 6.119590e-15
21 37 4.391424e-04 3.043893e-02 0 0 0 0 -4.628592e-20 4.986919e-15
21 38 4.391424e-04 3.967171e-02 0 0 0 0 -8.514266e-20 4.147399e-15
21 39 4.391424e-04 5.170498e-02 0 0 0 0 -1.353236e-19 3.501546e-15
22 20 5.723437e-04 3.369410e-04 0 0 0 0 6.190163e-15 3.375010e-14
22 21 5.723437e-04 4.391424e-04 0 0 0 0 1.736393e-14 3.501225e-14
22 22 5.723437e-04 5.723437e-04 0 0 0 0 2.575617e-11 3.650538e-14
22 23 5.723437e-04 7.459478e-04 0 0 0 0 1.747679e-14 3.751588e-14
22 24 5.723437e-04 9.722096e-04 0 0 0 0 5.920383e-15 3.789150e-14
22 25 5.723437e-04 1.267102e-03 0 0 0 0 1.882896e-15 3.748728e-14
22 26 5.723437e-04 1.651440e-03 0 0 0 0 5.735804e-16 3.611319e-14
22 27 5.723437e-04 2.152358e-03 0 0 0 0 1.682750e-16 3.396241e-14
22 28 5.723437e-04 2.805213e-03 0 0 0 0 4.788821e-17 3.088840e-14
22 29 5.723437e-04 3.656095e-03 0 0 0 0 1.334112e-17 2.734497e-14
22 30 5.723437e-04 4.765066e-03 0 0 0 0 3.713560e-18 2.339874e-14
22 31 5.723437e-04 6.210412e-03 0 0 0 0 9.796161e-19 1.949296e-14
22 32 5.723437e-04 8.094162e-03 0 0 0 0 3.526520e-19 1.589100e-14
22 33 5.723437e-04 1.054929e-02 0 0 0 0 1.059834e-19 1.266237e-14
22 34 5.723437e-04 1.374912e-02 0 0 0 0 -8.950937e-21 1.011485e-14
22 35 5.723437e-04 1.791952e-02 0 0 0 0 -2.575098e-24 7.989091e-15
22 36 5.723437e-04 2.335489e-02 0 0 0 0 3.636590e-21 6.455074e-15
22 37 5.723437e-04 3.043893e-02 0 0 0 0 1.368963e-20 5.252460e-15
22 38 5.723437e-04 3.967171e-02 0 0 0 0 2.460505e-20 4.363854e-15
22 39 5.723437e-04 5.170498e-02 0 0 0 0 4.408633e-20 3.681273e-15
23 20 7.459478e-04 3.369410e-04 0 0 0 0 2.108945e-15 3.460008e-14
23 21 7.459478e-04 4.391424e-04 0 0 0 0 6.120904e-15 3.592915e-14
23 22 7.459478e-04 5.723437e-04 0 0 0 0 1.747679e-14 3.751588e-14
23 23 7.459478e-04 7.459478e-04 0 0 0 0 1.517637e-11 3.863291e-14
23 24 7.459478e-04 9.722096e-04 0 0 0 0 1.718899e-14 3.910789e-14
23 25 7.459478e-04 1.267102e-03 0 0 0 0 5.553590e-15 3.876326e-14
23 26 7.459478e-04 1.651440e-03 0 0 0 0 1.688526e-15 3.741273e-14
23 27 7.459478e-04 2.152358e-03 0 0 0 0 4.932839e-16 3.525814e-14
23 28 7.459478e-04 2.805213e-03 0 0 0 0 1.397700e-16 3.214078e-14
23 29 7.459478e-04 3.656095e-03 0 0 0 0 3.870801e-17 2.851840e-14
23 30 7.459478e-04 4.765066e-03 0 0 0 0 1.058302e-17 2.445589e-14
23 31 7.459478e-04 6.210412e-03 0 0 0 0 2.917383e-18 2.040881e-14
23 32 7.459478e-04 8.094162e-03 0 0 0 0 8.295479e-19 1.665236e-14
23 33 7.459478e-04 1.054929e-02 0 0 0 0 3.040393e-19 1.327245e-14
23 34 7.459478e-04 1.374912e-02 0 0 0 0 4.086339e-20 1.059615e-14
23 35 7.459478e-04 1.791952e-02 0 0 0 0 7.672903e-22 8.357720e-15
23 36 7.459478e-04 2.335489e-02 0 0 0 0 7.023573e-21 6.743282e-15
23 37 7.459478e-04 3.043893e-02 0 0 0 0 1.203237e-20 5.476116e-15
23 38 7.459478e-04 3.967171e-02 0 0 0 0 3.760158e-21 4.543584e-15
23 39 7.459478e-04 5.170498e-02 0 0 0 0 -3.322752e-21 3.828440e-15
24 20 9.722096e-04 3.369410e-04 0 0 0 0 6.990573e-16 3.485558e-14
24 21 9.722096e-04 4.391424e-04 0 0 0 0 2.030476e-15 3.623229e-14
24 22 9.722096e-04 5.723437e-04 0 0 0 0 5.920383e-15 3.789150e-14
24 23 9.722096e-04 7.459478e-04 0 0 0 0 1.718899e-14 3.910789e-14
24 24 9.722096e-04 9.722096e-04 0 0 0 0 8.947573e-12 3.969758e-14
24 25 9.722096e-04 1.267102e-03 0 0 0 0 1.648232e-14 3.945643e-14
24 26 9.722096e-04 1.651440e-03 0 0 0 0 5.042215e-15 3.819242e-14
24 27 9.722096e-04 2.152358e-03 0 0 0 0 1.462214e-15 3.608876e-14
24 28 9.722096e-04 2.805213e-03 0 0 0 0 4.109197e-16 3.298452e-14
24 29 9.722096e-04 3.656095e-03 0 0 0 0 1.131040e-16 2.934942e-14
24 30 9.722096e-04 4.765066e-03 0 0 0 0 3.085603e-17 2.524180e-14
24 31 9.722096e-04 6.210412e-03 0 0 0 0 8.476297e-18 2.111476e-14
24 32 9.722096e-04 8.094162e-03 0 0 0 0 2.320132e-18 1.725289e-14
24 33 9.722096e-04 1.054929e-02 0 0 0 0 7.259461e-19 1.376027e-14
24 34 9.722096e-04 1.374912e-02 0 0 0 0 2.110131e-19 1.098009e-14
24 35 9.722096e-04 1.791952e-02 0 0 0 0 2.113004e-20 8.647120e-15
24 36 9.722096e-04 2.335489e-02 0 0 0 0 2.344541e-20 6.964265e-15
24 37 9.722096e-04 3.043893e-02 0 0 0 0 2.282111e-20 5.640986e-15
24 38 9.722096e-04 3.967171e-02 0 0 0 0 7.128045e-21 4.672159e-15
24 39 9.722096e-04 5.170498e-02 0 0 0 0 -3.300958e-21 3.930434e-15
25 20 1.267102e-03 3.369410e-04 0 0 0 0 2.234629e-16 3.439578e-14
25 21 1.267102e-03 4.391424e-04 0 0 0 0 6.447176e-16 3.579470e-14
25 22 1.267102e-03 5.723437e-04 0 0 0 0 1.882896e-15 3.748728e-14
25 23 1.267102e-03 7.459478e-04 0 0 0 0 5.553590e-15 3.876326e-14
25 24 1.267102e-03 9.722096e-04 0 0 0 0 1.648232e-14 3.945643e-14
25 25 1.267102e-03 1.267102e-03 0 0 0 0 5.279891e-12 3.936768e-14
25 26 1.267102e-03 1.651440e-03 0 0 0 0 1.536631e-14 3.827354e-14
25 27 1.267102e-03 2.152358e-03 0 0 0 0 4.427097e-15 3.628696e-14
25 28 1.267102e-03 2.805213e-03 0 0 0 0 1.226271e-15 3.326083e-14
25 29 1.267102e-03 3.656095e-03 0 0 0 0 3.336328e-16 2.969025e-14
25 30 1.267102e-03 4.765066e-03 0 0 0 0 9.020505e-17 2.562231e-14
25 31 1.267102e-03 6.210412e-03 0 0 0 0 2.458823e-17 2.149538e-14
25 32 1.267102e-03 8.094162e-03 0 0 0 0 6.910841e-18 1.760022e-14
25 33 1.267102e-03 1.054929e-02 0 0 0 0 1.949175e-18 1.405441e-14
25 34 1.267102e-03 1.374912e-02 0 0 0 0 6.354182e-19 1.121186e-14
25 35 1.267102e-03 1.791952e-02 0 0 0 0 1.470985e-19 8.816278e-15
25 36 1.267102e-03 2.335489e-02 0 0 0 0 5.810522e-20 7.085685e-15
25 37 1.267102e-03 3.043893e-02 0 0 0 0 4.408199e-20 5.721460e-15
25 38 1.267102e-03 3.967171e-02 0 0 0 0 1.737601e-20 4.728635e-15
25 39 1.267102e-03 5.170498e-02 0 0 0 0 -1.683478e-21 3.969597e-15
26 20 1.651440e-03 3.369410e-04 0 0 0 0 6.691421e-17 3.304352e-14
26 21 1.651440e-03 4.391424e-04 0 0 0 0 1.963230e-16 3.443072e-14
26 22 1.651440e-03 5.723437e-04 0 0 0 0 5.735804e-16 3.611319e-14
26 23 1.651440e-03 7.459478e-04 0 0 0 0 1.688526e-15 3.741273e-14
26 24 1.651440e-03 9.722096e-04 0 0 0 0 5.042215e-15 3.819242e-14
26 25 1.651440e-03 1.267102e-03 0 0 0 0 1.536631e-14 3.827354e-14
26 26 1.651440e-03 1.651440e-03 0 0 0 0 3.119661e-12 3.740876e-14
26 27 1.651440e-03 2.152358e-03 0 0 0 0 1.390962e-14 3.563508e-14
26 28 1.651440e-03 2.805213e-03 0 0 0 0 3.764352e-15 3.280933e-14
26 29 1.651440e-03 3.656095e-03 0 0 0 0 1.001237e-15 2.940817e-14
26 30 1.651440e-03 4.765066e-03 0 0 0 0 2.665438e-16 2.547176e-14
26 31 1.651440e-03 6.210412e-03 0 0 0 0 7.192496e-17 2.144220e-14
26 32 1.651440e-03 8.094162e-03 0 0 0 0 1.995257e-17 1.760846e-14
26 33 1.651440e-03 1.054929e-02 0 0 0 0 5.808395e-18 1.408717e-14
26 34 1.651440e-03 1.374912e-02 0 0 0 0 1.772479e-18 1.123908e-14
26 35 1.651440e-03 1.791952e-02 0 0 0 0 5.655295e-19 8.825155e-15
26 36 1.651440e-03 2.335489e-02 0 0 0 0 1.506289e-19 7.075089e-15
26 37 1.651440e-03 3.043893e-02 0 0 0 0 8.887924e-20 5.690923e-15
26 38 1.651440e-03 3.967171e-02 0 0 0 0 4.084812e-20 4.690604e-15
26 39 1.651440e-03 5.170498e-02 0 0 0 0 3.714340e-21 3.926671e-15
27 20 2.152358e-03 3.369410e-04 0 0 0 0 2.041887e-17 3.098034e-14
27 21 2.152358e-03 4.391424e-04 0 0 0 0 5.795468e-17 3.232474e-14
27 22 2.152358e-03 5.723437e-04 0 0 0 0 1.682750e-16 3.396241e-14
27 23 2.152358e-03 7.459478e-04 0 0 0 0 4.932839e-16 3.525814e-14
27 24 2.152358e-03 9.722096e-04 0 0 0 0 1.462214e-15 3.608876e-14
27 25 2.152358e-03 1.267102e-03 0 0 0 0 4.427097e-15 3.628696e-14
27 26 2.152358e-03 1.651440e-03 0 0 0 0 1.390962e-14 3.563508e-14
27 27 2.152358e-03 2.152358e-03 0 0 0 0 1.846664e-12 3.416384e-14
27 28 2.152358e-03 2.805213e-03 0 0 0 0 1.222714e-14 3.168985e-14
27 29 2.152358e-03 3.656095e-03 0 0 0 0 3.112150e-15 2.855822e-14
27 30 2.152358e-03 4.765066e-03 0 0 0 0 8.030915e-16 2.481667e-14
27 31 2.152358e-03 6.210412e-03 0 0 0 0 2.125404e-16 2.096491e-14
27 32 2.152358e-03 8.094162e-03 0 0 0 0 5.832280e-17 1.727840e-14
27 33 2.152358e-03 1.054929e-02 0 0 0 0 1.678593e-17 1.385452e-14
27 34 2.152358e-03 1.374912e-02 0 0 0 0 5.105815e-18 1.106066e-14
27 35 2.152358e-03 1.791952e-02 0 0 0 0 1.693140e-18 8.675911e-15
27 36 2.152358e-03 2.335489e-02 0 0 0 0 5.364595e-19 6.936630e-15
27 37 2.152358e-03 3.043893e-02 0 0 0 0 1.977753e-19 5.555533e-15
27 38 2.152358e-03 3.967171e-02 0 0 0 0 9.393289e-20 4.564282e-15
27 39 2.152358e-03 5.170498e-02 0 0 0 0 2.361125e-20 3.807729e-15
28 20 2.805213e-03 3.369410e-04 0 0 0 0 5.736779e-18 2.808201e-14
28 21 2.805213e-03 4.391424e-04 0 0 0 0 1.650629e-17 2.934319e-14
28 22 2.805213e-03 5.723437e-04 0 0 0 0 4.788821e-17 3.088840e-14
28 23 2.805213e-03 7.459478e-04 0 0 0 0 1.397700e-16 3.214078e-14
28 24 2.805213e-03 9.722096e-04 0 0 0 0 4.109197e-16 3.298452e-14
28 25 2.805213e-03 1.267102e-03 0 0 0 0 1.226271e-15 3.326083e-14
28 26 2.805213e-03 1.651440e-03 0 0 0 0 3.764352e-15 3.280933e-14
28 27 2.805213e-03 2.152358e-03 0 0 0 0 1.222714e-14 3.168985e-14
28 28 2.805213e-03 2.805213e-03 0 0 0 0 1.095876e-12 2.967489e-14
28 29 2.805213e-03 3.656095e-03 0 0 0 0 1.045828e-14 2.693961e-14
28 30 2.805213e-03 4.765066e-03 0 0 0 0 2.519833e-15 2.352973e-14
28 31 2.805213e-03 6.210412e-03 0 0 0 0 6.409467e-16 1.997309e-14
28 32 2.805213e-03 8.094162e-03 0 0 0 0 1.720122e-16 1.652202e-14
28 33 2.805213e-03 1.054929e-02 0 0 0 0 4.895047e-17 1.328093e-14
28 34 2.805213e-03 1.374912e-02 0 0 0 0 1.483812e-17 1.061720e-14
28 35 2.805213e-03 1.791952e-02 0 0 0 0 4.745547e-18 8.321665e-15
28 36 2.805213e-03 2.335489e-02 0 0 0 0 1.648679e-18 6.635214e-15
28 37 2.805213e-03 3.043893e-02 0 0 0 0 5.539894e-19 5.289060e-15
28 38 2.805213e-03 3.967171e-02 0 0 0 0 2.329332e-19 4.328206e-15
28 39 2.805213e-03 5.170498e-02 0 0 0 0 8.191049e-20 3.594773e-15
29 20 3.656095e-03 3.369410e-04 0 0 0 0 1.419083e-18 2.478434e-14
29 21 3.656095e-03 4.391424e-04 0 0 0 0 4.596268e-18 2.593112e-14
29 22 3.656095e-03 5.723437e-04 0 0 0 0 1.334112e-17 2.734497e-14
29 23 3.656095e-03 7.459478e-04 0 0 0 0 3.870801e-17 2.851840e-14
29 24 3.656095e-03 9.722096e-04 0 0 0 0 1.131040e-16 2.934942e-14
29 25 3.656095e-03 1.267102e-03 0 0 0 0 3.336328e-16 2.969025e-14
29 26 3.656095e-03 1.651440e-03 0 0 0 0 1.001237e-15 2.940817e-14
29 27 3.656095e-03 2.152358e-03 0 0 0 0 3.112150e-15 2.855822e-14
29 28 3.656095e-03 2.805213e-03 0 0 0 0 1.045828e-14 2.693961e-14
29 29 3.656095e-03 3.656095e-03 0 0 0 0 6.525169e-13 2.468442e-14
29 30 3.656095e-03 4.765066e-03 0 0 0 0 8.739727e-15 2.178951e-14
29 31 3.656095e-03 6.210412e-03 0 0 0 0 2.019937e-15 1.863735e-14
29 32 3.656095e-03 8.094162e-03 0 0 0 0 5.173299e-16 1.545496e-14
29 33 3.656095e-03 1.054929e-02 0 0 0 0 1.438183e-16 1.244860e-14
29 34 3.656095e-03 1.374912e-02 0 0 0 0 4.309860e-17 9.970179e-15
29 35 3.656095e-03 1.791952e-02 0 0 0 0 1.381572e-17 7.808255e-15
29 36 3.656095e-03 2.335489e-02 0 0 0 0 4.649452e-18 6.213459e-15
29 37 3.656095e-03 3.043893e-02 0 0 0 0 1.641881e-18 4.931518e-15
29 38 3.656095e-03 3.967171e-02 0 0 0 0 5.983909e-19 4.017667e-15
29 39 3.656095e-03 5.170498e-02 0 0 0 0 2.385169e-19 3.319384e-15
30 20 4.765066e-03 3.369410e-04 0 0 0 0 3.638631e-19 2.115210e-14
30 21 4.765066e-03 4.391424e-04 0 0 0 0 1.227941e-18 2.215439e-14
30 22 4.765066e-03 5.723437e-04 0 0 0 0 3.713560e-18 2.339874e-14
30 23 4.765066e-03 7.459478e-04 0 0 0 0 1.058302e-17 2.445589e-14
30 24 4.765066e-03 9.722096e-04 0 0 0 0 3.085603e-17 2.524180e-14
30 25 4.765066e-03 1.267102e-03 0 0 0 0 9.020505e-17 2.562231e-14
30 26 4.765066e-03 1.651440e-03 0 0 0 0 2.665438e-16 2.547176e-14
30 27 4.765066e-03 2.152358e-03 0 0 0 0 8.030915e-16 2.481667e-14
30 28 4.765066e-03 2.805213e-03 0 0 0 0 2.519833e-15 2.352973e-14
30 29 4.765066e-03 3.656095e-03 0 0 0 0 8.739727e-15 2.178951e-14
30 30 4.765066e-03 4.765066e-03 0 0 0 0 3.902378e-13 1.952737e-14
30 31 4.765066e-03 6.210412e-03 0 0 0 0 7.182652e-15 1.688477e-14
30 32 4.765066e-03 8.094162e-03 0 0 0 0 1.626422e-15 1.405166e-14
30 33 4.765066e-03 1.054929e-02 0 0 0 0 4.297837e-16 1.135362e-14
30 34 4.765066e-03 1.374912e-02 0 0 0 0 1.259772e-16 9.108335e-15
30 35 4.765066e-03 1.791952e-02 0 0 0 0 3.998307e-17 7.125164e-15
30 36 4.765066e-03 2.335489e-02 0 0 0 0 1.347321e-17 5.664229e-15
30 37 4.765066e-03 3.043893e-02 0 0 0 0 4.742591e-18 4.478022e-15
30 38 4.765066e-03 3.967171e-02 0 0 0 0 1.694017e-18 3.630453e-15
30 39 4.765066e-03 5.170498e-02 0 0 0 0 6.425851e-19 2.981240e-15
31 20 6.210412e-03 3.369410e-04 0 0 0 0 1.586851e-19 1.758762e-14
31 21 6.210412e-03 4.391424e-04 0 0 0 0 3.541390e-19 1.843474e-14
31 22 6.210412e-03 5.723437e-04 0 0 0 0 9.796161e-19 1.949296e-14
31 23 6.210412e-03 7.459478e-04 0 0 0 0 2.917383e-18 2.040881e-14
31 24 6.210412e-03 9.722096e-04 0 0 0 0 8.476297e-18 2.111476e-14
31 25 6.210412e-03 1.267102e-03 0 0 0 0 2.458823e-17 2.149538e-14
31 26 6.210412e-03 1.651440e-03 0 0 0 0 7.192496e-17 2.144220e-14
31 27 6.210412e-03 2.152358e-03 0 0 0 0 2.125404e-16 2.096491e-14
31 28 6.210412e-03 2.805213e-03 0 0 0 0 6.409467e-16 1.997309e-14
31 29 6.210412e-03 3.656095e-03 0 0 0 0 2.019937e-15 1.863735e-14
31 30 6.210412e-03 4.765066e-03 0 0 0 0 7.182652e-15 1.688477e-14
31 31 6.210412e-03 6.210412e-03 0 0 0 0 2.347252e-13 1.477370e-14
31 32 6.210412e-03 8.094162e-03 0 0 0 0 5.859729e-15 1.243580e-14
31 33 6.210412e-03 1.054929e-02 0 0 0 0 1.337715e-15 1.013146e-14
31 34 6.210412e-03 1.374912e-02 0 0 0 0 3.730331e-16 8.127217e-15
31 35 6.210412e-03 1.791952e-02 0 0 0 0 1.162544e-16 6.346646e-15
31 36 6.210412e-03 2.335489e-02 0 0 0 0 3.891321e-17 5.043712e-15
31 37 6.210412e-03 3.043893e-02 0 0 0 0 1.365423e-17 3.971236e-15
31 38 6.210412e-03 3.967171e-02 0 0 0 0 4.959020e-18 3.205151e-15
31 39 6.210412e-03 5.170498e-02 0 0 0 0 1.801264e-18 2.615917e-15
32 20 8.094162e-03 3.369410e-04 0 0 0 0 7.547487e-20 1.432780e-14
32 21 8.094162e-03 4.391424e-04 0 0 0 0 1.603675e-19 1.502113e-14
32 22 8.094162e-03 5.723437e-04 0 0 0 0 3.526520e-19 1.589100e-14
32 23 8.094162e-03 7.459478e-04 0 0 0 0 8.295479e-19 1.665236e-14
32 24 8.094162e-03 9.722096e-04 0 0 0 0 2.320132e-18 1.725289e-14
32 25 8.094162e-03 1.267102e-03 0 0 0 0 6.910841e-18 1.760022e-14
32 26 8.094162e-03 1.651440e-03 0 0 0 0 1.995257e-17 1.760846e-14
32 27 8.094162e-03 2.152358e-03 0 0 0 0 5.832280e-17 1.727840e-14
32 28 8.094162e-03 2.805213e-03 0 0 0 0 1.720122e-16 1.652202e-14
32 29 8.094162e-03 3.656095e-03 0 0 0 0 5.173299e-16 1.545496e-14
32 30 8.094162e-03 4.765066e-03 0 0 0 0 1.626422e-15 1.405166e-14
32 31 8.094162e-03 6.210412e-03 0 0 0 0 5.859729e-15 1.243580e-14
32 32 8.094162e-03 8.094162e-03 0 0 0 0 1.422664e-13 1.067757e-14
32 33 8.094162e-03 1.054929e-02 0 0 0 0 4.803070e-15 8.825831e-15
32 34 8.094162e-03 1.374912e-02 0 0 0 0 1.142117e-15 7.080239e-15
32 35 8.094162e-03 1.791952e-02 0 0 0 0 3.408087e-16 5.526323e-15
32 36 8.094162e-03 2.335489e-02 0 0 0 0 1.126180e-16 4.390916e-15
32 37 8.094162e-03 3.043893e-02 0 0 0 0 3.938391e-17 3.441420e-15
32 38 8.094162e-03 3.967171e-02 0 0 0 0 1.423946e-17 2.767904e-15
32 39 8.094162e-03 5.170498e-02 0 0 0 0 5.247328e-18 2.246410e-15
33 20 1.054929e-02 3.369410e-04 0 0 0 0 -3.137457e-21 1.141912e-14
33 21 1.054929e-02 4.391424e-04 0 0 0 0 2.645131e-20 1.196961e-14
33 22 1.054929e-02 5.723437e-04 0 0 0 0 1.059834e-19 1.266237e-14
33 23 1.054929e-02 7.459478e-04 0 0 0 0 3.040393e-19 1.327245e-14
33 24 1.054929e-02 9.722096e-04 0 0 0 0 7.259461e-19 1.376027e-14
33 25 1.054929e-02 1.267102e-03 0 0 0 0 1.949175e-18 1.405441e-14
33 26 1.054929e-02 1.651440e-03 0 0 0 0 5.808395e-18 1.408717e-14
33 27 1.054929e-02 2.152358e-03 0 0 0 0 1.678593e-17 1.385452e-14
33 28 1.054929e-02 2.805213e-03 0 0 0 0 4.895047e-17 1.328093e-14
33 29 1.054929e-02 3.656095e-03 0 0 0 0 1.438183e-16 1.244860e-14
33 30 1.054929e-02 4.765066e-03 0 0 0 0 4.297837e-16 1.135362e-14
33 31 1.054929e-02 6.210412e-03 0 0 0 0 1.337715e-15 1.013146e-14
33 32 1.054929e-02 8.094162e-03 0 0 0 0 4.803070e-15 8.825831e-15
33 33 1.054929e-02 1.054929e-02 0 0 0 0 8.713592e-14 7.400803e-15
33 34 1.054929e-02 1.374912e-02 0 0 0 0 4.010868e-15 5.994375e-15
33 35 1.054929e-02 1.791952e-02 0 0 0 0 1.023131e-15 4.713150e-15
33 36 1.054929e-02 2.335489e-02 0 0 0 0 3.272020e-16 3.737075e-15
33 37 1.054929e-02 3.043893e-02 0 0 0 0 1.135484e-16 2.912002e-15
33 38 1.054929e-02 3.967171e-02 0 0 0 0 4.101405e-17 2.335403e-15
33 39 1.054929e-02 5.170498e-02 0 0 0 0 1.508769e-17 1.884606e-15
34 20 1.374912e-02 3.369410e-04 0 0 0 0 -4.642853e-21 9.131748e-15
34 21 1.374912e-02 4.391424e-04 0 0 0 0 -7.438323e-21 9.567026e-15
34 22 1.374912e-02 5.723437e-04 0 0 0 0 -8.950937e-21 1.011485e-14
34 23 1.374912e-02 7.459478e-04 0 0 0 0 4.086339e-20 1.059615e-14
34 24 1.374912e-02 9.722096e-04 0 0 0 0 2.110131e-19 1.098009e-14
34 25 1.374912e-02 1.267102e-03 0 0 0 0 6.354182e-19 1.121186e-14
34 26 1.374912e-02 1.651440e-03 0 0 0 0 1.772479e-18 1.123908e-14
34 27 1.374912e-02 2.152358e-03 0 0 0 0 5.105815e-18 1.106066e-14
34 28 1.374912e-02 2.805213e-03 0 0 0 0 1.483812e-17 1.061720e-14
34 29 1.374912e-02 3.656095e-03 0 0 0 0 4.309860e-17 9.970179e-15
34 30 1.374912e-02 4.765066e-03 0 0 0 0 1.259772e-16 9.108335e-15
34 31 1.374912e-02 6.210412e-03 0 0 0 0 3.730331e-16 8.127217e-15
34 32 1.374912e-02 8.094162e-03 0 0 0 0 1.142117e-15 7.080239e-15
34 33 1.374912e-02 1.054929e-02 0 0 0 0 4.010868e-15 5.994375e-15
34 34 1.374912e-02 1.374912e-02 0 0 0 0 5.417613e-14 4.969149e-15
34 35 1.374912e-02 1.791952e-02 0 0 0 0 3.458199e-15 3.980946e-15
34 36 1.374912e-02 2.335489e-02 0 0 0 0 9.638465e-16 3.146057e-15
34 37 1.374912e-02 3.043893e-02 0 0 0 0 3.275468e-16 2.438733e-15
34 38 1.374912e-02 3.967171e-02 0 0 0 0 1.179182e-16 1.951996e-15
34 39 1.374912e-02 5.170498e-02 0 0 0 0 4.340214e-17 1.566552e-15
35 20 1.791952e-02 3.369410e-04 0 0 0 0 -1.349592e-20 7.228007e-15
35 21 1.791952e-02 4.391424e-04 0 0 0 0 -1.342208e-20 7.565370e-15
35 22 1.791952e-02 5.723437e-04 0 0 0 0 -2.575098e-24 7.989091e-15
35 23 1.791952e-02 7.459478e-04 0 0 0 0 7.672903e-22 8.357720e-15
35 24 1.791952e-02 9.722096e-04 0 0 0 0 2.113004e-20 8.647120e-15
35 25 1.791952e-02 1.267102e-03 0 0 0 0 1.470985e-19 8.816278e-15
35 26 1.791952e-02 1.651440e-03 0 0 0 0 5.655295e-19 8.825155e-15
35 27 1.791952e-02 2.152358e-03 0 0 0 0 1.693140e-18 8.675911e-15
35 28 1.791952e-02 2.805213e-03 0 0 0 0 4.745547e-18 8.321665e-15
35 29 1.791952e-02 3.656095e-03 0 0 0 0 1.381572e-17 7.808255e-15
35 30 1.791952e-02 4.765066e-03 0 0 0 0 3.998307e-17 7.125164e-15
35 31 1.791952e-02 6.210412e-03 0 0 0 0 1.162544e-16 6.346646e-15
35 32 1.791952e-02 8.094162e-03 0 0 0 0 3.408087e-16 5.526323e-15
35 33 1.791952e-02 1.054929e-02 0 0 0 0 1.023131e-15 4.713150e-15
35 34 1.791952e-02 1.374912e-02 0 0 0 0 3.458199e-15 3.980946e-15
35 35 1.791952e-02 1.791952e-02 0 0 0 0 3.443825e-14 3.248403e-15
35 36 1.791952e-02 2.335489e-02 0 0 0 0 3.108610e-15 2.582283e-15
35 37 1.791952e-02 3.043893e-02 0 0 0 0 9.497919e-16 2.009952e-15
35 38 1.791952e-02 3.967171e-02 0 0 0 0 3.383597e-16 1.604956e-15
35 39 1.791952e-02 5.170498e-02 0 0 0 0 1.245508e-16 1.279039e-15
36 20 2.335489e-02 3.369410e-04 0 0 0 0 3.331219e-22 5.851615e-15
36 21 2.335489e-02 4.391424e-04 0 0 0 0 -2.425992e-20 6.119590e-15
36 22 2.335489e-02 5.723437e-04 0 0 0 0 3.636590e-21 6.455074e-15
36 23 2.335489e-02 7.459478e-04 0 0 0 0 7.023573e-21 6.743282e-15
36 24 2.335489e-02 9.722096e-04 0 0 0 0 2.344541e-20 6.964265e-15
36 25 2.335489e-02 1.267102e-03 0 0 0 0 5.810522e-20 7.085685e-15
36 26 2.335489e-02 1.651440e-03 0 0 0 0 1.506289e-19 7.075089e-15
36 27 2.335489e-02 2.152358e-03 0 0 0 0 5.364595e-19 6.936630e-15
36 28 2.335489e-02 2.805213e-03 0 0 0 0 1.648679e-18 6.635214e-15
36 29 2.335489e-02 3.656095e-03 0 0 0 0 4.649452e-18 6.213459e-15
36 30 2.335489e-02 4.765066e-03 0 0 0 0 1.347321e-17 5.664229e-15
36 31 2.335489e-02 6.210412e-03 0 0 0 0 3.891321e-17 5.043712e-15
36 32 2.335489e-02 8.094162e-03 0 0 0 0 1.126180e-16 4.390916e-15
36 33 2.335489e-02 1.054929e-02 0 0 0 0 3.272020e-16 3.737075e-15
36 34 2.335489e-02 1.374912e-02 0 0 0 0 9.638465e-16 3.146057e-15
36 35 2.335489e-02 1.791952e-02 0 0 0 0 3.108610e-15 2.582283e-15
36 36 2.335489e-02 2.335489e-02 0 0 0 0 2.262456e-14 2.099802e-15
36 37 2.335489e-02 3.043893e-02 0 0 0 0 2.923473e-15 1.669751e-15
36 38 2.335489e-02 3.967171e-02 0 0 0 0 9.696194e-16 1.329729e-15
36 39 2.335489e-02 5.170498e-02 0 0 0 0 3.560858e-16 1.051867e-15
37 20 3.043893e-02 3.369410e-04 0 0 0 0 3.023135e-21 4.773683e-15
37 21 3.043893e-02 4.391424e-04 0 0 0 0 -4.628592e-20 4.986919e-15
37 22 3.043893e-02 5.723437e-04 0 0 0 0 1.368963e-20 5.252460e-15
37 23 3.043893e-02 7.459478e-04 0 0 0 0 1.203237e-20 5.476116e-15
37 24 3.043893e-02 9.722096e-04 0 0 0 0 2.282111e-20 5.640986e-15
37 25 3.043893e-02 1.267102e-03 0 0 0 0 4.408199e-20 5.721460e-15
37 26 3.043893e-02 1.651440e-03 0 0 0 0 8.887924e-20 5.690923e-15
37 27 3.043893e-02 2.152358e-03 0 0 0 0 1.977753e-19 5.555533e-15
37 28 3.043893e-02 2.805213e-03 0 0 0 0 5.539894e-19 5.289060e-15
37 29 3.043893e-02 3.656095e-03 0 0 0 0 1.641881e-18 4.931518e-15
37 30 3.043893e-02 4.765066e-03 0 0 0 0 4.742591e-18 4.478022e-15
37 31 3.043893e-02 6.210412e-03 0 0 0 0 1.365423e-17 3.971236e-15
37 32 3.043893e-02 8.094162e-03 0 0 0 0 3.938391e-17 3.441420e-15
37 33 3.043893e-02 1.054929e-02 0 0 0 0 1.135484e-16 2.912002e-15
37 34 3.043893e-02 1.374912e-02 0 0 0 0 3.275468e-16 2.438733e-15
37 35 3.043893e-02 1.791952e-02 0 0 0 0 9.497919e-16 2.009952e-15
37 36 3.043893e-02 2.335489e-02 0 0 0 0 2.923473e-15 1.669751e-15
37 37 3.043893e-02 3.043893e-02 0 0 0 0 1.558778e-14 1.358786e-15
37 38 3.043893e-02 3.967171e-02 0 0 0 0 2.867004e-15 1.086669e-15
37 39 3.043893e-02 5.170498e-02 0 0 0 0 1.012007e-15 8.603822e-16
38 20 3.967171e-02 3.369410e-04 0 0 0 0 -2.279305e-20 3.972942e-15
38 21 3.967171e-02 4.391424e-04 0 0 0 0 -8.514266e-20 4.147399e-15
38 22 3.967171e-02 5.723437e-04 0 0 0 0 2.460505e-20 4.363854e-15
38 23 3.967171e-02 7.459478e-04 0 0 0 0 3.760158e-21 4.543584e-15
38 24 3.967171e-02 9.722096e-04 0 0 0 0 7.128045e-21 4.672159e-15
38 25 3.967171e-02 1.267102e-03 0 0 0 0 1.737601e-20 4.728635e-15
38 26 3.967171e-02 1.651440e-03 0 0 0 0 4.084812e-20 4.690604e-15
38 27 3.967171e-02 2.152358e-03 0 0 0 0 9.393289e-20 4.564282e-15
38 28 3.967171e-02 2.805213e-03 0 0 0 0 2.329332e-19 4.328206e-15
38 29 3.967171e-02 3.656095e-03 0 0 0 0 5.983909e-19 4.017667e-15
38 30 3.967171e-02 4.765066e-03 0 0 0 0 1.694017e-18 3.630453e-15
38 31 3.967171e-02 6.210412e-03 0 0 0 0 4.959020e-18 3.205151e-15
38 32 3.967171e-02 8.094162e-03 0 0 0 0 1.423946e-17 2.767904e-15
38 33 3.967171e-02 1.054929e-02 0 0 0 0 4.101405e-17 2.335403e-15
38 34 3.967171e-02 1.374912e-02 0 0 0 0 1.179182e-16 1.951996e-15
38 35 3.967171e-02 1.791952e-02 0 0 0 0 3.383597e-16 1.604956e-15
38 36 3.967171e-02 2.335489e-02 0 0 0 0 9.696194e-16 1.329729e-15
38 37 3.967171e-02 3.043893e-02 0 0 0 0 2.867004e-15 1.086669e-15
38 38 3.967171e-02 3.967171e-02 0 0 0 0 1.144791e-14 8.844690e-16
38 39 3.967171e-02 5.170498e-02 0 0 0 0 2.901617e-15 7.140657e-16
39 20 5.170498e-02 3.369410e-04 0 0 0 0 -1.363819e-19 3.356157e-15
39 21 5.170498e-02 4.391424e-04 0 0 0 0 -1.353236e-19 3.501546e-15
39 22 5.170498e-02 5.723437e-04 0 0 0 0 4.408633e-20 3.681273e-15
39 23 5.170498e-02 7.459478e-04 0 0 0 0 -3.322752e-21 3.828440e-15
39 24 5.170498e-02 9.722096e-04 0 0 0 0 -3.300958e-21 3.930434e-15
39 25 5.170498e-02 1.267102e-03 0 0 0 0 -1.683478e-21 3.969597e-15
39 26 5.170498e-02 1.651440e-03 0 0 0 0 3.714340e-21 3.926671e-15
39 27 5.170498e-02 2.152358e-03 0 0 0 0 2.361125e-20 3.807729e-15
39 28 5.170498e-02 2.805213e-03 0 0 0 0 8.191049e-20 3.594773e-15
39 29 5.170498e-02 3.656095e-03 0 0 0 0 2.385169e-19 3.319384e-15
39 30 5.170498e-02 4.765066e-03 0 0 0 0 6.425851e-19 2.981240e-15
39 31 5.170498e-02 6.210412e-03 0 0 0 0 1.801264e-18 2.615917e-15
39 32 5.170498e-02 8.094162e-03 0 0 0 0 5.247328e-18 2.246410e-15
39 33 5.170498e-02 1.054929e-02 0 0 0 0 1.508769e-17 1.884606e-15
39 34 5.170498e-02 1.374912e-02 0 0 0 0 4.340214e-17 1.566552e-15
39 35 5.170498e-02 1.791952e-02 0 0 0 0 1.245508e-16 1.279039e-15
39 36 5.170498e-02 2.335489e-02 0 0 0 0 3.560858e-16 1.051867e-15
39 37 5.170498e-02 3.043893e-02 0 0 0 0 1.012007e-15 8.603822e-16
39 38 5.170498e-02 3.967171e-02 0 0 0 0 2.901617e-15 7.140657e-16
39 39 5.170498e-02 5.170498e-02 0 0 0 0 9.060429e-15 5.906199e-16
