# Please cite the following papers in research using this covariance:
# arXiv: 1601.05779, https://arxiv.org/abs/1601.05779
# arXiv: 1911.11947, https://arxiv.org/abs/1911.11947
# arXiv: 2004.04833, https://arxiv.org/abs/2004.04833
########################################################
0 0 3.369410e-04 3.369410e-04 0 0 0 0 7.493460e-11 2.964185e-12
0 1 3.369410e-04 4.391424e-04 0 0 0 0 6.404987e-13 2.615632e-12
0 2 3.369410e-04 5.723437e-04 0 0 0 0 5.571996e-13 2.274659e-12
0 3 3.369410e-04 7.459478e-04 0 0 0 0 4.804981e-13 1.943463e-12
0 4 3.369410e-04 9.722096e-04 0 0 0 0 4.134731e-13 1.630608e-12
0 5 3.369410e-04 1.267102e-03 0 0 0 0 3.567939e-13 1.343578e-12
0 6 3.369410e-04 1.651440e-03 0 0 0 0 3.100362e-13 1.087902e-12
0 7 3.369410e-04 2.152358e-03 0 0 0 0 2.720665e-13 8.685086e-13
0 8 3.369410e-04 2.805213e-03 0 0 0 0 2.413554e-13 6.857215e-13
0 9 3.369410e-04 3.656095e-03 0 0 0 0 2.162684e-13 5.386182e-13
0 10 3.369410e-04 4.765066e-03 0 0 0 0 1.952531e-13 4.236939e-13
0 11 3.369410e-04 6.210412e-03 0 0 0 0 1.769617e-13 3.343231e-13
0 12 3.369410e-04 8.094162e-03 0 0 0 0 1.603074e-13 2.670268e-13
0 13 3.369410e-04 1.054929e-02 0 0 0 0 1.444706e-13 2.130794e-13
0 14 3.369410e-04 1.374912e-02 0 0 0 0 1.288805e-13 1.718192e-13
0 15 3.369410e-04 1.791952e-02 0 0 0 0 1.131939e-13 1.364143e-13
0 16 3.369410e-04 2.335489e-02 0 0 0 0 9.728447e-14 1.077830e-13
0 17 3.369410e-04 3.043893e-02 0 0 0 0 8.125178e-14 8.281043e-14
0 18 3.369410e-04 3.967171e-02 0 0 0 0 6.542914e-14 6.193266e-14
0 19 3.369410e-04 5.170498e-02 0 0 0 0 5.034254e-14 4.470129e-14
1 0 4.391424e-04 3.369410e-04 0 0 0 0 6.404987e-13 2.615632e-12
1 1 4.391424e-04 4.391424e-04 0 0 0 0 4.432657e-11 2.312206e-12
1 2 4.391424e-04 5.723437e-04 0 0 0 0 5.635564e-13 2.014675e-12
1 3 4.391424e-04 7.459478e-04 0 0 0 0 4.854785e-13 1.724862e-12
1 4 4.391424e-04 9.722096e-04 0 0 0 0 4.165920e-13 1.450199e-12
1 5 4.391424e-04 1.267102e-03 0 0 0 0 3.585590e-13 1.197263e-12
1 6 4.391424e-04 1.651440e-03 0 0 0 0 3.109638e-13 9.710880e-13
1 7 4.391424e-04 2.152358e-03 0 0 0 0 2.725207e-13 7.761820e-13
1 8 4.391424e-04 2.805213e-03 0 0 0 0 2.415650e-13 6.131462e-13
1 9 4.391424e-04 3.656095e-03 0 0 0 0 2.163598e-13 4.814729e-13
1 10 4.391424e-04 4.765066e-03 0 0 0 0 1.952906e-13 3.783098e-13
1 11 4.391424e-04 6.210412e-03 0 0 0 0 1.769767e-13 2.980474e-13
1 12 4.391424e-04 8.094162e-03 0 0 0 0 1.603136e-13 2.376089e-13
1 13 4.391424e-04 1.054929e-02 0 0 0 0 1.444738e-13 1.893427e-13
1 14 4.391424e-04 1.374912e-02 0 0 0 0 1.288830e-13 1.525465e-13
1 15 4.391424e-04 1.791952e-02 0 0 0 0 1.131963e-13 1.210946e-13
1 16 4.391424e-04 2.335489e-02 0 0 0 0 9.728705e-14 9.576155e-14
1 17 4.391424e-04 3.043893e-02 0 0 0 0 8.125452e-14 7.367126e-14
1 18 4.391424e-04 3.967171e-02 0 0 0 0 6.543200e-14 5.522995e-14
1 19 4.391424e-04 5.170498e-02 0 0 0 0 5.034540e-14 3.997412e-14
2 0 5.723437e-04 3.369410e-04 0 0 0 0 5.571996e-13 2.274659e-12
2 1 5.723437e-04 4.391424e-04 0 0 0 0 5.635564e-13 2.014675e-12
2 2 5.723437e-04 5.723437e-04 0 0 0 0 2.628096e-11 1.759153e-12
2 3 5.723437e-04 7.459478e-04 0 0 0 0 4.937426e-13 1.509543e-12
2 4 5.723437e-04 9.722096e-04 0 0 0 0 4.220890e-13 1.272145e-12
2 5 5.723437e-04 1.267102e-03 0 0 0 0 3.616771e-13 1.052634e-12
2 6 5.723437e-04 1.651440e-03 0 0 0 0 3.125914e-13 8.555006e-13
2 7 5.723437e-04 2.152358e-03 0 0 0 0 2.733165e-13 6.848077e-13
2 8 5.723437e-04 2.805213e-03 0 0 0 0 2.419334e-13 5.413845e-13
2 9 5.723437e-04 3.656095e-03 0 0 0 0 2.165231e-13 4.250756e-13
2 10 5.723437e-04 4.765066e-03 0 0 0 0 1.953618e-13 3.336334e-13
2 11 5.723437e-04 6.210412e-03 0 0 0 0 1.770092e-13 2.624241e-13
2 12 5.723437e-04 8.094162e-03 0 0 0 0 1.603312e-13 2.087775e-13
2 13 5.723437e-04 1.054929e-02 0 0 0 0 1.444861e-13 1.661023e-13
2 14 5.723437e-04 1.374912e-02 0 0 0 0 1.288940e-13 1.336736e-13
2 15 5.723437e-04 1.791952e-02 0 0 0 0 1.132072e-13 1.060804e-13
2 16 5.723437e-04 2.335489e-02 0 0 0 0 9.729801e-14 8.395516e-14
2 17 5.723437e-04 3.043893e-02 0 0 0 0 8.126548e-14 6.467476e-14
2 18 5.723437e-04 3.967171e-02 0 0 0 0 6.544279e-14 4.860903e-14
2 19 5.723437e-04 5.170498e-02 0 0 0 0 5.035577e-14 3.528605e-14
3 0 7.459478e-04 3.369410e-04 0 0 0 0 4.804981e-13 1.943463e-12
3 1 7.459478e-04 4.391424e-04 0 0 0 0 4.854785e-13 1.724862e-12
3 2 7.459478e-04 5.723437e-04 0 0 0 0 4.937426e-13 1.509543e-12
3 3 7.459478e-04 7.459478e-04 0 0 0 0 1.563435e-11 1.298623e-12
3 4 7.459478e-04 9.722096e-04 0 0 0 0 4.317144e-13 1.097320e-12
3 5 7.459478e-04 1.267102e-03 0 0 0 0 3.672884e-13 9.103756e-13
3 6 7.459478e-04 1.651440e-03 0 0 0 0 3.154816e-13 7.416565e-13
3 7 7.459478e-04 2.152358e-03 0 0 0 0 2.747035e-13 5.947679e-13
3 8 7.459478e-04 2.805213e-03 0 0 0 0 2.425601e-13 4.707244e-13
3 9 7.459478e-04 3.656095e-03 0 0 0 0 2.167900e-13 3.696467e-13
3 10 7.459478e-04 4.765066e-03 0 0 0 0 1.954688e-13 2.898440e-13
3 11 7.459478e-04 6.210412e-03 0 0 0 0 1.770495e-13 2.276078e-13
3 12 7.459478e-04 8.094162e-03 0 0 0 0 1.603460e-13 1.806687e-13
3 13 7.459478e-04 1.054929e-02 0 0 0 0 1.444922e-13 1.434751e-13
3 14 7.459478e-04 1.374912e-02 0 0 0 0 1.288976e-13 1.152996e-13
3 15 7.459478e-04 1.791952e-02 0 0 0 0 1.132107e-13 9.145092e-14
3 16 7.459478e-04 2.335489e-02 0 0 0 0 9.730192e-14 7.242453e-14
3 17 7.459478e-04 3.043893e-02 0 0 0 0 8.126979e-14 5.586548e-14
3 18 7.459478e-04 3.967171e-02 0 0 0 0 6.544740e-14 4.209999e-14
3 19 7.459478e-04 5.170498e-02 0 0 0 0 5.036054e-14 3.065588e-14
4 0 9.722096e-04 3.369410e-04 0 0 0 0 4.134731e-13 1.630608e-12
4 1 9.722096e-04 4.391424e-04 0 0 0 0 4.165920e-13 1.450199e-12
4 2 9.722096e-04 5.723437e-04 0 0 0 0 4.220890e-13 1.272145e-12
4 3 9.722096e-04 7.459478e-04 0 0 0 0 4.317144e-13 1.097320e-12
4 4 9.722096e-04 9.722096e-04 0 0 0 0 9.346855e-12 9.299655e-13
4 5 9.722096e-04 1.267102e-03 0 0 0 0 3.776568e-13 7.738840e-13
4 6 9.722096e-04 1.651440e-03 0 0 0 0 3.208234e-13 6.322473e-13
4 7 9.722096e-04 2.152358e-03 0 0 0 0 2.772075e-13 5.081845e-13
4 8 9.722096e-04 2.805213e-03 0 0 0 0 2.436656e-13 4.028176e-13
4 9 9.722096e-04 3.656095e-03 0 0 0 0 2.172494e-13 3.164656e-13
4 10 9.722096e-04 4.765066e-03 0 0 0 0 1.956460e-13 2.479540e-13
4 11 9.722096e-04 6.210412e-03 0 0 0 0 1.771106e-13 1.944129e-13
4 12 9.722096e-04 8.094162e-03 0 0 0 0 1.603627e-13 1.539501e-13
4 13 9.722096e-04 1.054929e-02 0 0 0 0 1.444940e-13 1.220078e-13
4 14 9.722096e-04 1.374912e-02 0 0 0 0 1.288953e-13 9.787436e-14
4 15 9.722096e-04 1.791952e-02 0 0 0 0 1.132082e-13 7.756612e-14
4 16 9.722096e-04 2.335489e-02 0 0 0 0 9.730003e-14 6.145339e-14
4 17 9.722096e-04 3.043893e-02 0 0 0 0 8.126852e-14 4.745928e-14
4 18 9.722096e-04 3.967171e-02 0 0 0 0 6.544648e-14 3.586026e-14
4 19 9.722096e-04 5.170498e-02 0 0 0 0 5.035969e-14 2.619376e-14
5 0 1.267102e-03 3.369410e-04 0 0 0 0 3.567939e-13 1.343578e-12
5 1 1.267102e-03 4.391424e-04 0 0 0 0 3.585590e-13 1.197263e-12
5 2 1.267102e-03 5.723437e-04 0 0 0 0 3.616771e-13 1.052634e-12
5 3 1.267102e-03 7.459478e-04 0 0 0 0 3.672884e-13 9.103756e-13
5 4 1.267102e-03 9.722096e-04 0 0 0 0 3.776568e-13 7.738840e-13
5 5 1.267102e-03 1.267102e-03 0 0 0 0 5.628614e-12 6.461366e-13
5 6 1.267102e-03 1.651440e-03 0 0 0 0 3.312670e-13 5.296358e-13
5 7 1.267102e-03 2.152358e-03 0 0 0 0 2.819761e-13 4.269557e-13
5 8 1.267102e-03 2.805213e-03 0 0 0 0 2.457022e-13 3.391486e-13
5 9 1.267102e-03 3.656095e-03 0 0 0 0 2.180765e-13 2.666768e-13
5 10 1.267102e-03 4.765066e-03 0 0 0 0 1.959612e-13 2.088668e-13
5 11 1.267102e-03 6.210412e-03 0 0 0 0 1.772197e-13 1.635574e-13
5 12 1.267102e-03 8.094162e-03 0 0 0 0 1.603943e-13 1.292044e-13
5 13 1.267102e-03 1.054929e-02 0 0 0 0 1.444993e-13 1.021775e-13
5 14 1.267102e-03 1.374912e-02 0 0 0 0 1.288938e-13 8.179108e-14
5 15 1.267102e-03 1.791952e-02 0 0 0 0 1.132060e-13 6.474259e-14
5 16 1.267102e-03 2.335489e-02 0 0 0 0 9.729911e-14 5.129324e-14
5 17 1.267102e-03 3.043893e-02 0 0 0 0 8.126869e-14 3.964876e-14
5 18 1.267102e-03 3.967171e-02 0 0 0 0 6.544725e-14 3.003194e-14
5 19 1.267102e-03 5.170498e-02 0 0 0 0 5.036057e-14 2.200081e-14
6 0 1.651440e-03 3.369410e-04 0 0 0 0 3.100362e-13 1.087902e-12
6 1 1.651440e-03 4.391424e-04 0 0 0 0 3.109638e-13 9.710880e-13
6 2 1.651440e-03 5.723437e-04 0 0 0 0 3.125914e-13 8.555006e-13
6 3 1.651440e-03 7.459478e-04 0 0 0 0 3.154816e-13 7.416565e-13
6 4 1.651440e-03 9.722096e-04 0 0 0 0 3.208234e-13 6.322473e-13
6 5 1.651440e-03 1.267102e-03 0 0 0 0 3.312670e-13 5.296358e-13
6 6 1.651440e-03 1.651440e-03 0 0 0 0 3.425496e-12 4.357847e-13
6 7 1.651440e-03 2.152358e-03 0 0 0 0 2.918699e-13 3.526236e-13
6 8 1.651440e-03 2.805213e-03 0 0 0 0 2.496966e-13 2.809161e-13
6 9 1.651440e-03 3.656095e-03 0 0 0 0 2.196255e-13 2.212156e-13
6 10 1.651440e-03 4.765066e-03 0 0 0 0 1.965342e-13 1.733071e-13
6 11 1.651440e-03 6.210412e-03 0 0 0 0 1.774148e-13 1.355902e-13
6 12 1.651440e-03 8.094162e-03 0 0 0 0 1.604506e-13 1.068651e-13
6 13 1.651440e-03 1.054929e-02 0 0 0 0 1.445096e-13 8.433441e-14
6 14 1.651440e-03 1.374912e-02 0 0 0 0 1.288920e-13 6.733928e-14
6 15 1.651440e-03 1.791952e-02 0 0 0 0 1.132031e-13 5.321915e-14
6 16 1.651440e-03 2.335489e-02 0 0 0 0 9.729811e-14 4.214053e-14
6 17 1.651440e-03 3.043893e-02 0 0 0 0 8.126964e-14 3.258898e-14
6 18 1.651440e-03 3.967171e-02 0 0 0 0 6.544924e-14 2.473444e-14
6 19 1.651440e-03 5.170498e-02 0 0 0 0 5.036272e-14 1.816625e-14
7 0 2.152358e-03 3.369410e-04 0 0 0 0 2.720665e-13 8.685086e-13
7 1 2.152358e-03 4.391424e-04 0 0 0 0 2.725207e-13 7.761820e-13
7 2 2.152358e-03 5.723437e-04 0 0 0 0 2.733165e-13 6.848077e-13
7 3 2.152358e-03 7.459478e-04 0 0 0 0 2.747035e-13 5.947679e-13
7 4 2.152358e-03 9.722096e-04 0 0 0 0 2.772075e-13 5.081845e-13
7 5 2.152358e-03 1.267102e-03 0 0 0 0 2.819761e-13 4.269557e-13
7 6 2.152358e-03 1.651440e-03 0 0 0 0 2.918699e-13 3.526236e-13
7 7 2.152358e-03 2.152358e-03 0 0 0 0 2.116460e-12 2.865484e-13
7 8 2.152358e-03 2.805213e-03 0 0 0 0 2.585447e-13 2.291588e-13
7 9 2.152358e-03 3.656095e-03 0 0 0 0 2.227641e-13 1.809555e-13
7 10 2.152358e-03 4.765066e-03 0 0 0 0 1.976286e-13 1.419592e-13
7 11 2.152358e-03 6.210412e-03 0 0 0 0 1.777744e-13 1.110163e-13
7 12 2.152358e-03 8.094162e-03 0 0 0 0 1.605526e-13 8.732821e-14
7 13 2.152358e-03 1.054929e-02 0 0 0 0 1.445282e-13 6.878951e-14
7 14 2.152358e-03 1.374912e-02 0 0 0 0 1.288887e-13 5.477354e-14
7 15 2.152358e-03 1.791952e-02 0 0 0 0 1.131981e-13 4.320910e-14
7 16 2.152358e-03 2.335489e-02 0 0 0 0 9.729609e-14 3.417316e-14
7 17 2.152358e-03 3.043893e-02 0 0 0 0 8.127092e-14 2.642212e-14
7 18 2.152358e-03 3.967171e-02 0 0 0 0 6.545231e-14 2.007884e-14
7 19 2.152358e-03 5.170498e-02 0 0 0 0 5.036605e-14 1.477403e-14
8 0 2.805213e-03 3.369410e-04 0 0 0 0 2.413554e-13 6.857215e-13
8 1 2.805213e-03 4.391424e-04 0 0 0 0 2.415650e-13 6.131462e-13
8 2 2.805213e-03 5.723437e-04 0 0 0 0 2.419334e-13 5.413845e-13
8 3 2.805213e-03 7.459478e-04 0 0 0 0 2.425601e-13 4.707244e-13
8 4 2.805213e-03 9.722096e-04 0 0 0 0 2.436656e-13 4.028176e-13
8 5 2.805213e-03 1.267102e-03 0 0 0 0 2.457022e-13 3.391486e-13
8 6 2.805213e-03 1.651440e-03 0 0 0 0 2.496966e-13 2.809161e-13
8 7 2.805213e-03 2.152358e-03 0 0 0 0 2.585447e-13 2.291588e-13
8 8 2.805213e-03 2.805213e-03 0 0 0 0 1.335437e-12 1.841422e-13
8 9 2.805213e-03 3.656095e-03 0 0 0 0 2.302478e-13 1.461162e-13
8 10 2.805213e-03 4.765066e-03 0 0 0 0 1.999332e-13 1.149728e-13
8 11 2.805213e-03 6.210412e-03 0 0 0 0 1.784811e-13 8.992810e-14
8 12 2.805213e-03 8.094162e-03 0 0 0 0 1.607465e-13 7.065422e-14
8 13 2.805213e-03 1.054929e-02 0 0 0 0 1.445641e-13 5.556810e-14
8 14 2.805213e-03 1.374912e-02 0 0 0 0 1.288841e-13 4.411181e-14
8 15 2.805213e-03 1.791952e-02 0 0 0 0 1.131894e-13 3.473642e-14
8 16 2.805213e-03 2.335489e-02 0 0 0 0 9.729285e-14 2.742212e-14
8 17 2.805213e-03 3.043893e-02 0 0 0 0 8.127308e-14 2.118172e-14
8 18 2.805213e-03 3.967171e-02 0 0 0 0 6.545760e-14 1.610028e-14
8 19 2.805213e-03 5.170498e-02 0 0 0 0 5.037177e-14 1.185724e-14
9 0 3.656095e-03 3.369410e-04 0 0 0 0 2.162684e-13 5.386182e-13
9 1 3.656095e-03 4.391424e-04 0 0 0 0 2.163598e-13 4.814729e-13
9 2 3.656095e-03 5.723437e-04 0 0 0 0 2.165231e-13 4.250756e-13
9 3 3.656095e-03 7.459478e-04 0 0 0 0 2.167900e-13 3.696467e-13
9 4 3.656095e-03 9.722096e-04 0 0 0 0 2.172494e-13 3.164656e-13
9 5 3.656095e-03 1.267102e-03 0 0 0 0 2.180765e-13 2.666768e-13
9 6 3.656095e-03 1.651440e-03 0 0 0 0 2.196255e-13 2.212156e-13
9 7 3.656095e-03 2.152358e-03 0 0 0 0 2.227641e-13 1.809555e-13
9 8 3.656095e-03 2.805213e-03 0 0 0 0 2.302478e-13 1.461162e-13
9 9 3.656095e-03 3.656095e-03 0 0 0 0 8.665017e-13 1.166736e-13
9 10 3.656095e-03 4.765066e-03 0 0 0 0 2.059169e-13 9.225767e-14
9 11 3.656095e-03 6.210412e-03 0 0 0 0 1.800449e-13 7.230902e-14
9 12 3.656095e-03 8.094162e-03 0 0 0 0 1.611461e-13 5.683292e-14
9 13 3.656095e-03 1.054929e-02 0 0 0 0 1.446388e-13 4.463490e-14
9 14 3.656095e-03 1.374912e-02 0 0 0 0 1.288787e-13 3.532403e-14
9 15 3.656095e-03 1.791952e-02 0 0 0 0 1.131753e-13 2.777599e-14
9 16 3.656095e-03 2.335489e-02 0 0 0 0 9.728725e-14 2.187486e-14
9 17 3.656095e-03 3.043893e-02 0 0 0 0 8.127676e-14 1.686872e-14
9 18 3.656095e-03 3.967171e-02 0 0 0 0 6.546657e-14 1.281022e-14
9 19 3.656095e-03 5.170498e-02 0 0 0 0 5.038152e-14 9.431677e-15
10 0 4.765066e-03 3.369410e-04 0 0 0 0 1.952531e-13 4.236939e-13
10 1 4.765066e-03 4.391424e-04 0 0 0 0 1.952906e-13 3.783098e-13
10 2 4.765066e-03 5.723437e-04 0 0 0 0 1.953618e-13 3.336334e-13
10 3 4.765066e-03 7.459478e-04 0 0 0 0 1.954688e-13 2.898440e-13
10 4 4.765066e-03 9.722096e-04 0 0 0 0 1.956460e-13 2.479540e-13
10 5 4.765066e-03 1.267102e-03 0 0 0 0 1.959612e-13 2.088668e-13
10 6 4.765066e-03 1.651440e-03 0 0 0 0 1.965342e-13 1.733071e-13
10 7 4.765066e-03 2.152358e-03 0 0 0 0 1.976286e-13 1.419592e-13
10 8 4.765066e-03 2.805213e-03 0 0 0 0 1.999332e-13 1.149728e-13
10 9 4.765066e-03 3.656095e-03 0 0 0 0 2.059169e-13 9.225767e-14
10 10 4.765066e-03 4.765066e-03 0 0 0 0 5.821784e-13 7.341352e-14
10 11 4.765066e-03 6.210412e-03 0 0 0 0 1.845526e-13 5.789560e-14
10 12 4.765066e-03 8.094162e-03 0 0 0 0 1.621012e-13 4.565491e-14
10 13 4.765066e-03 1.054929e-02 0 0 0 0 1.448135e-13 3.581046e-14
10 14 4.765066e-03 1.374912e-02 0 0 0 0 1.288778e-13 2.826675e-14
10 15 4.765066e-03 1.791952e-02 0 0 0 0 1.131524e-13 2.219967e-14
10 16 4.765066e-03 2.335489e-02 0 0 0 0 9.727778e-14 1.743052e-14
10 17 4.765066e-03 3.043893e-02 0 0 0 0 8.128293e-14 1.341431e-14
10 18 4.765066e-03 3.967171e-02 0 0 0 0 6.548164e-14 1.016668e-14
10 19 4.765066e-03 5.170498e-02 0 0 0 0 5.039807e-14 7.473192e-15
11 0 6.210412e-03 3.369410e-04 0 0 0 0 1.769617e-13 3.343231e-13
11 1 6.210412e-03 4.391424e-04 0 0 0 0 1.769767e-13 2.980474e-13
11 2 6.210412e-03 5.723437e-04 0 0 0 0 1.770092e-13 2.624241e-13
11 3 6.210412e-03 7.459478e-04 0 0 0 0 1.770495e-13 2.276078e-13
11 4 6.210412e-03 9.722096e-04 0 0 0 0 1.771106e-13 1.944129e-13
11 5 6.210412e-03 1.267102e-03 0 0 0 0 1.772197e-13 1.635574e-13
11 6 6.210412e-03 1.651440e-03 0 0 0 0 1.774148e-13 1.355902e-13
11 7 6.210412e-03 2.152358e-03 0 0 0 0 1.777744e-13 1.110163e-13
11 8 6.210412e-03 2.805213e-03 0 0 0 0 1.784811e-13 8.992810e-14
11 9 6.210412e-03 3.656095e-03 0 0 0 0 1.800449e-13 7.230902e-14
11 10 6.210412e-03 4.765066e-03 0 0 0 0 1.845526e-13 5.789560e-14
11 11 6.210412e-03 6.210412e-03 0 0 0 0 4.071301e-13 4.608467e-14
11 12 6.210412e-03 8.094162e-03 0 0 0 0 1.652758e-13 3.657422e-14
11 13 6.210412e-03 1.054929e-02 0 0 0 0 1.453058e-13 2.870202e-14
11 14 6.210412e-03 1.374912e-02 0 0 0 0 1.289056e-13 2.263678e-14
11 15 6.210412e-03 1.791952e-02 0 0 0 0 1.131174e-13 1.775312e-14
11 16 6.210412e-03 2.335489e-02 0 0 0 0 9.726174e-14 1.388981e-14
11 17 6.210412e-03 3.043893e-02 0 0 0 0 8.129305e-14 1.067089e-14
11 18 6.210412e-03 3.967171e-02 0 0 0 0 6.550715e-14 8.067315e-15
11 19 6.210412e-03 5.170498e-02 0 0 0 0 5.042603e-14 5.914904e-15
12 0 8.094162e-03 3.369410e-04 0 0 0 0 1.603074e-13 2.670268e-13
12 1 8.094162e-03 4.391424e-04 0 0 0 0 1.603136e-13 2.376089e-13
12 2 8.094162e-03 5.723437e-04 0 0 0 0 1.603312e-13 2.087775e-13
12 3 8.094162e-03 7.459478e-04 0 0 0 0 1.603460e-13 1.806687e-13
12 4 8.094162e-03 9.722096e-04 0 0 0 0 1.603627e-13 1.539501e-13
12 5 8.094162e-03 1.267102e-03 0 0 0 0 1.603943e-13 1.292044e-13
12 6 8.094162e-03 1.651440e-03 0 0 0 0 1.604506e-13 1.068651e-13
12 7 8.094162e-03 2.152358e-03 0 0 0 0 1.605526e-13 8.732821e-14
12 8 8.094162e-03 2.805213e-03 0 0 0 0 1.607465e-13 7.065422e-14
12 9 8.094162e-03 3.656095e-03 0 0 0 0 1.611461e-13 5.683292e-14
12 10 8.094162e-03 4.765066e-03 0 0 0 0 1.621012e-13 4.565491e-14
12 11 8.094162e-03 6.210412e-03 0 0 0 0 1.652758e-13 3.657422e-14
12 12 8.094162e-03 8.094162e-03 0 0 0 0 2.967812e-13 2.925324e-14
12 13 8.094162e-03 1.054929e-02 0 0 0 0 1.473641e-13 2.310938e-14
12 14 8.094162e-03 1.374912e-02 0 0 0 0 1.290798e-13 1.829012e-14
12 15 8.094162e-03 1.791952e-02 0 0 0 0 1.130730e-13 1.431457e-14
12 16 8.094162e-03 2.335489e-02 0 0 0 0 9.723509e-14 1.115642e-14
12 17 8.094162e-03 3.043893e-02 0 0 0 0 8.130942e-14 8.559702e-15
12 18 8.094162e-03 3.967171e-02 0 0 0 0 6.554983e-14 6.451784e-15
12 19 8.094162e-03 5.170498e-02 0 0 0 0 5.047339e-14 4.714962e-15
13 0 1.054929e-02 3.369410e-04 0 0 0 0 1.444706e-13 2.130794e-13
13 1 1.054929e-02 4.391424e-04 0 0 0 0 1.444738e-13 1.893427e-13
13 2 1.054929e-02 5.723437e-04 0 0 0 0 1.444861e-13 1.661023e-13
13 3 1.054929e-02 7.459478e-04 0 0 0 0 1.444922e-13 1.434751e-13
13 4 1.054929e-02 9.722096e-04 0 0 0 0 1.444940e-13 1.220078e-13
13 5 1.054929e-02 1.267102e-03 0 0 0 0 1.444993e-13 1.021775e-13
13 6 1.054929e-02 1.651440e-03 0 0 0 0 1.445096e-13 8.433441e-14
13 7 1.054929e-02 2.152358e-03 0 0 0 0 1.445282e-13 6.878951e-14
13 8 1.054929e-02 2.805213e-03 0 0 0 0 1.445641e-13 5.556810e-14
13 9 1.054929e-02 3.656095e-03 0 0 0 0 1.446388e-13 4.463490e-14
13 10 1.054929e-02 4.765066e-03 0 0 0 0 1.448135e-13 3.581046e-14
13 11 1.054929e-02 6.210412e-03 0 0 0 0 1.453058e-13 2.870202e-14
13 12 1.054929e-02 8.094162e-03 0 0 0 0 1.473641e-13 2.310938e-14
13 13 1.054929e-02 1.054929e-02 0 0 0 0 2.247362e-13 1.847890e-14
13 14 1.054929e-02 1.374912e-02 0 0 0 0 1.302779e-13 1.474242e-14
13 15 1.054929e-02 1.791952e-02 0 0 0 0 1.130697e-13 1.152085e-14
13 16 1.054929e-02 2.335489e-02 0 0 0 0 9.719366e-14 8.955669e-15
13 17 1.054929e-02 3.043893e-02 0 0 0 0 8.133492e-14 6.864652e-15
13 18 1.054929e-02 3.967171e-02 0 0 0 0 6.562071e-14 5.157996e-15
13 19 1.054929e-02 5.170498e-02 0 0 0 0 5.055318e-14 3.759412e-15
14 0 1.374912e-02 3.369410e-04 0 0 0 0 1.288805e-13 1.718192e-13
14 1 1.374912e-02 4.391424e-04 0 0 0 0 1.288830e-13 1.525465e-13
14 2 1.374912e-02 5.723437e-04 0 0 0 0 1.288940e-13 1.336736e-13
14 3 1.374912e-02 7.459478e-04 0 0 0 0 1.288976e-13 1.152996e-13
14 4 1.374912e-02 9.722096e-04 0 0 0 0 1.288953e-13 9.787436e-14
14 5 1.374912e-02 1.267102e-03 0 0 0 0 1.288938e-13 8.179108e-14
14 6 1.374912e-02 1.651440e-03 0 0 0 0 1.288920e-13 6.733928e-14
14 7 1.374912e-02 2.152358e-03 0 0 0 0 1.288887e-13 5.477354e-14
14 8 1.374912e-02 2.805213e-03 0 0 0 0 1.288841e-13 4.411181e-14
14 9 1.374912e-02 3.656095e-03 0 0 0 0 1.288787e-13 3.532403e-14
14 10 1.374912e-02 4.765066e-03 0 0 0 0 1.288778e-13 2.826675e-14
14 11 1.374912e-02 6.210412e-03 0 0 0 0 1.289056e-13 2.263678e-14
14 12 1.374912e-02 8.094162e-03 0 0 0 0 1.290798e-13 1.829012e-14
14 13 1.374912e-02 1.054929e-02 0 0 0 0 1.302779e-13 1.474242e-14
14 14 1.374912e-02 1.374912e-02 0 0 0 0 1.753801e-13 1.186293e-14
14 15 1.374912e-02 1.791952e-02 0 0 0 0 1.136813e-13 9.319181e-15
14 16 1.374912e-02 2.335489e-02 0 0 0 0 9.715222e-14 7.266348e-15
14 17 1.374912e-02 3.043893e-02 0 0 0 0 8.137267e-14 5.562153e-15
14 18 1.374912e-02 3.967171e-02 0 0 0 0 6.573630e-14 4.163364e-15
14 19 1.374912e-02 5.170498e-02 0 0 0 0 5.068692e-14 3.030518e-15
15 0 1.791952e-02 3.369410e-04 0 0 0 0 1.131939e-13 1.364143e-13
15 1 1.791952e-02 4.391424e-04 0 0 0 0 1.131963e-13 1.210946e-13
15 2 1.791952e-02 5.723437e-04 0 0 0 0 1.132072e-13 1.060804e-13
15 3 1.791952e-02 7.459478e-04 0 0 0 0 1.132107e-13 9.145092e-14
15 4 1.791952e-02 9.722096e-04 0 0 0 0 1.132082e-13 7.756612e-14
15 5 1.791952e-02 1.267102e-03 0 0 0 0 1.132060e-13 6.474259e-14
15 6 1.791952e-02 1.651440e-03 0 0 0 0 1.132031e-13 5.321915e-14
15 7 1.791952e-02 2.152358e-03 0 0 0 0 1.131981e-13 4.320910e-14
15 8 1.791952e-02 2.805213e-03 0 0 0 0 1.131894e-13 3.473642e-14
15 9 1.791952e-02 3.656095e-03 0 0 0 0 1.131753e-13 2.777599e-14
15 10 1.791952e-02 4.765066e-03 0 0 0 0 1.131524e-13 2.219967e-14
15 11 1.791952e-02 6.210412e-03 0 0 0 0 1.131174e-13 1.775312e-14
15 12 1.791952e-02 8.094162e-03 0 0 0 0 1.130730e-13 1.431457e-14
15 13 1.791952e-02 1.054929e-02 0 0 0 0 1.130697e-13 1.152085e-14
15 14 1.791952e-02 1.374912e-02 0 0 0 0 1.136813e-13 9.319181e-15
15 15 1.791952e-02 1.791952e-02 0 0 0 0 1.395323e-13 7.415482e-15
15 16 1.791952e-02 2.335489e-02 0 0 0 0 9.745815e-14 5.837931e-15
15 17 1.791952e-02 3.043893e-02 0 0 0 0 8.143050e-14 4.462187e-15
15 18 1.791952e-02 3.967171e-02 0 0 0 0 6.591912e-14 3.328440e-15
15 19 1.791952e-02 5.170498e-02 0 0 0 0 5.090872e-14 2.424109e-15
16 0 2.335489e-02 3.369410e-04 0 0 0 0 9.728447e-14 1.077830e-13
16 1 2.335489e-02 4.391424e-04 0 0 0 0 9.728705e-14 9.576155e-14
16 2 2.335489e-02 5.723437e-04 0 0 0 0 9.729801e-14 8.395516e-14
16 3 2.335489e-02 7.459478e-04 0 0 0 0 9.730192e-14 7.242453e-14
16 4 2.335489e-02 9.722096e-04 0 0 0 0 9.730003e-14 6.145339e-14
16 5 2.335489e-02 1.267102e-03 0 0 0 0 9.729911e-14 5.129324e-14
16 6 2.335489e-02 1.651440e-03 0 0 0 0 9.729811e-14 4.214053e-14
16 7 2.335489e-02 2.152358e-03 0 0 0 0 9.729609e-14 3.417316e-14
16 8 2.335489e-02 2.805213e-03 0 0 0 0 9.729285e-14 2.742212e-14
16 9 2.335489e-02 3.656095e-03 0 0 0 0 9.728725e-14 2.187486e-14
16 10 2.335489e-02 4.765066e-03 0 0 0 0 9.727778e-14 1.743052e-14
16 11 2.335489e-02 6.210412e-03 0 0 0 0 9.726174e-14 1.388981e-14
16 12 2.335489e-02 8.094162e-03 0 0 0 0 9.723509e-14 1.115642e-14
16 13 2.335489e-02 1.054929e-02 0 0 0 0 9.719366e-14 8.955669e-15
16 14 2.335489e-02 1.374912e-02 0 0 0 0 9.715222e-14 7.266348e-15
16 15 2.335489e-02 1.791952e-02 0 0 0 0 9.745815e-14 5.837931e-15
16 16 2.335489e-02 2.335489e-02 0 0 0 0 1.118895e-13 4.642350e-15
16 17 2.335489e-02 3.043893e-02 0 0 0 0 8.170559e-14 3.563003e-15
16 18 2.335489e-02 3.967171e-02 0 0 0 0 6.619443e-14 2.665030e-15
16 19 2.335489e-02 5.170498e-02 0 0 0 0 5.126925e-14 1.944029e-15
17 0 3.043893e-02 3.369410e-04 0 0 0 0 8.125178e-14 8.281043e-14
17 1 3.043893e-02 4.391424e-04 0 0 0 0 8.125452e-14 7.367126e-14
17 2 3.043893e-02 5.723437e-04 0 0 0 0 8.126548e-14 6.467476e-14
17 3 3.043893e-02 7.459478e-04 0 0 0 0 8.126979e-14 5.586548e-14
17 4 3.043893e-02 9.722096e-04 0 0 0 0 8.126852e-14 4.745928e-14
17 5 3.043893e-02 1.267102e-03 0 0 0 0 8.126869e-14 3.964876e-14
17 6 3.043893e-02 1.651440e-03 0 0 0 0 8.126964e-14 3.258898e-14
17 7 3.043893e-02 2.152358e-03 0 0 0 0 8.127092e-14 2.642212e-14
17 8 3.043893e-02 2.805213e-03 0 0 0 0 8.127308e-14 2.118172e-14
17 9 3.043893e-02 3.656095e-03 0 0 0 0 8.127676e-14 1.686872e-14
17 10 3.043893e-02 4.765066e-03 0 0 0 0 8.128293e-14 1.341431e-14
17 11 3.043893e-02 6.210412e-03 0 0 0 0 8.129305e-14 1.067089e-14
17 12 3.043893e-02 8.094162e-03 0 0 0 0 8.130942e-14 8.559702e-15
17 13 3.043893e-02 1.054929e-02 0 0 0 0 8.133492e-14 6.864652e-15
17 14 3.043893e-02 1.374912e-02 0 0 0 0 8.137267e-14 5.562153e-15
17 15 3.043893e-02 1.791952e-02 0 0 0 0 8.143050e-14 4.462187e-15
17 16 3.043893e-02 2.335489e-02 0 0 0 0 8.170559e-14 3.563003e-15
17 17 3.043893e-02 3.043893e-02 0 0 0 0 8.949214e-14 2.766803e-15
17 18 3.043893e-02 3.967171e-02 0 0 0 0 6.667768e-14 2.093373e-15
17 19 3.043893e-02 5.170498e-02 0 0 0 0 5.183249e-14 1.529484e-15
18 0 3.967171e-02 3.369410e-04 0 0 0 0 6.542914e-14 6.193266e-14
18 1 3.967171e-02 4.391424e-04 0 0 0 0 6.543200e-14 5.522995e-14
18 2 3.967171e-02 5.723437e-04 0 0 0 0 6.544279e-14 4.860903e-14
18 3 3.967171e-02 7.459478e-04 0 0 0 0 6.544740e-14 4.209999e-14
18 4 3.967171e-02 9.722096e-04 0 0 0 0 6.544648e-14 3.586026e-14
18 5 3.967171e-02 1.267102e-03 0 0 0 0 6.544725e-14 3.003194e-14
18 6 3.967171e-02 1.651440e-03 0 0 0 0 6.544924e-14 2.473444e-14
18 7 3.967171e-02 2.152358e-03 0 0 0 0 6.545231e-14 2.007884e-14
18 8 3.967171e-02 2.805213e-03 0 0 0 0 6.545760e-14 1.610028e-14
18 9 3.967171e-02 3.656095e-03 0 0 0 0 6.546657e-14 1.281022e-14
18 10 3.967171e-02 4.765066e-03 0 0 0 0 6.548164e-14 1.016668e-14
18 11 3.967171e-02 6.210412e-03 0 0 0 0 6.550715e-14 8.067315e-15
18 12 3.967171e-02 8.094162e-03 0 0 0 0 6.554983e-14 6.451784e-15
18 13 3.967171e-02 1.054929e-02 0 0 0 0 6.562071e-14 5.157996e-15
18 14 3.967171e-02 1.374912e-02 0 0 0 0 6.573630e-14 4.163364e-15
18 15 3.967171e-02 1.791952e-02 0 0 0 0 6.591912e-14 3.328440e-15
18 16 3.967171e-02 2.335489e-02 0 0 0 0 6.619443e-14 2.665030e-15
18 17 3.967171e-02 3.043893e-02 0 0 0 0 6.667768e-14 2.093373e-15
18 18 3.967171e-02 3.967171e-02 0 0 0 0 7.076087e-14 1.605486e-15
18 19 3.967171e-02 5.170498e-02 0 0 0 0 5.269708e-14 1.180101e-15
19 0 5.170498e-02 3.369410e-04 0 0 0 0 5.034254e-14 4.470129e-14
19 1 5.170498e-02 4.391424e-04 0 0 0 0 5.034540e-14 3.997412e-14
19 2 5.170498e-02 5.723437e-04 0 0 0 0 5.035577e-14 3.528605e-14
19 3 5.170498e-02 7.459478e-04 0 0 0 0 5.036054e-14 3.065588e-14
19 4 5.170498e-02 9.722096e-04 0 0 0 0 5.035969e-14 2.619376e-14
19 5 5.170498e-02 1.267102e-03 0 0 0 0 5.036057e-14 2.200081e-14
19 6 5.170498e-02 1.651440e-03 0 0 0 0 5.036272e-14 1.816625e-14
19 7 5.170498e-02 2.152358e-03 0 0 0 0 5.036605e-14 1.477403e-14
19 8 5.170498e-02 2.805213e-03 0 0 0 0 5.037177e-14 1.185724e-14
19 9 5.170498e-02 3.656095e-03 0 0 0 0 5.038152e-14 9.431677e-15
19 10 5.170498e-02 4.765066e-03 0 0 0 0 5.039807e-14 7.473192e-15
19 11 5.170498e-02 6.210412e-03 0 0 0 0 5.042603e-14 5.914904e-15
19 12 5.170498e-02 8.094162e-03 0 0 0 0 5.047339e-14 4.714962e-15
19 13 5.170498e-02 1.054929e-02 0 0 0 0 5.055318e-14 3.759412e-15
19 14 5.170498e-02 1.374912e-02 0 0 0 0 5.068692e-14 3.030518e-15
19 15 5.170498e-02 1.791952e-02 0 0 0 0 5.090872e-14 2.424109e-15
19 16 5.170498e-02 2.335489e-02 0 0 0 0 5.126925e-14 1.944029e-15
19 17 5.170498e-02 3.043893e-02 0 0 0 0 5.183249e-14 1.529484e-15
19 18 5.170498e-02 3.967171e-02 0 0 0 0 5.269708e-14 1.180101e-15
19 19 5.170498e-02 5.170498e-02 0 0 0 0 5.490292e-14 8.781607e-16
