# Please cite the following papers in research using this covariance:
# arXiv: 1601.05779, https://arxiv.org/abs/1601.05779
# arXiv: 1911.11947, https://arxiv.org/abs/1911.11947
# arXiv: 2004.04833, https://arxiv.org/abs/2004.04833
########################################################
0 20 3.369410e-04 3.369410e-04 0 0 0 0 -9.851857e-15 2.740420e-13
0 21 3.369410e-04 4.391424e-04 0 0 0 0 -2.273040e-14 2.863480e-13
0 22 3.369410e-04 5.723437e-04 0 0 0 0 -2.560429e-15 3.015322e-13
0 23 3.369410e-04 7.459478e-04 0 0 0 0 2.586607e-14 3.140403e-13
0 24 3.369410e-04 9.722096e-04 0 0 0 0 4.736197e-14 3.227456e-13
0 25 3.369410e-04 1.267102e-03 0 0 0 0 5.932043e-14 3.260125e-13
0 26 3.369410e-04 1.651440e-03 0 0 0 0 6.328280e-14 3.221595e-13
0 27 3.369410e-04 2.152358e-03 0 0 0 0 6.162761e-14 3.116026e-13
0 28 3.369410e-04 2.805213e-03 0 0 0 0 5.653747e-14 2.927004e-13
0 29 3.369410e-04 3.656095e-03 0 0 0 0 4.975239e-14 2.680866e-13
0 30 3.369410e-04 4.765066e-03 0 0 0 0 4.253768e-14 2.377184e-13
0 31 3.369410e-04 6.210412e-03 0 0 0 0 3.573232e-14 2.049516e-13
0 32 3.369410e-04 8.094162e-03 0 0 0 0 2.982439e-14 1.719609e-13
0 33 3.369410e-04 1.054929e-02 0 0 0 0 2.503243e-14 1.402864e-13
0 34 3.369410e-04 1.374912e-02 0 0 0 0 2.138642e-14 1.133181e-13
0 35 3.369410e-04 1.791952e-02 0 0 0 0 1.880021e-14 8.955435e-14
0 36 3.369410e-04 2.335489e-02 0 0 0 0 1.712822e-14 7.168402e-14
0 37 3.369410e-04 3.043893e-02 0 0 0 0 1.620063e-14 5.704810e-14
0 38 3.369410e-04 3.967171e-02 0 0 0 0 1.583212e-14 4.644655e-14
0 39 3.369410e-04 5.170498e-02 0 0 0 0 1.580480e-14 3.820148e-14
1 20 4.391424e-04 3.369410e-04 0 0 0 0 -5.844329e-16 2.371234e-13
1 21 4.391424e-04 4.391424e-04 0 0 0 0 -1.006009e-14 2.479291e-13
1 22 4.391424e-04 5.723437e-04 0 0 0 0 -2.391545e-14 2.613029e-13
1 23 4.391424e-04 7.459478e-04 0 0 0 0 -3.335177e-15 2.724620e-13
1 24 4.391424e-04 9.722096e-04 0 0 0 0 2.477075e-14 2.804633e-13
1 25 4.391424e-04 1.267102e-03 0 0 0 0 4.479445e-14 2.838843e-13
1 26 4.391424e-04 1.651440e-03 0 0 0 0 5.480466e-14 2.812563e-13
1 27 4.391424e-04 2.152358e-03 0 0 0 0 5.697816e-14 2.728268e-13
1 28 4.391424e-04 2.805213e-03 0 0 0 0 5.410142e-14 2.571351e-13
1 29 4.391424e-04 3.656095e-03 0 0 0 0 4.851899e-14 2.363366e-13
1 30 4.391424e-04 4.765066e-03 0 0 0 0 4.192789e-14 2.103316e-13
1 31 4.391424e-04 6.210412e-03 0 0 0 0 3.543535e-14 1.819818e-13
1 32 4.391424e-04 8.094162e-03 0 0 0 0 2.968021e-14 1.531552e-13
1 33 4.391424e-04 1.054929e-02 0 0 0 0 2.496176e-14 1.252694e-13
1 34 4.391424e-04 1.374912e-02 0 0 0 0 2.135110e-14 1.013342e-13
1 35 4.391424e-04 1.791952e-02 0 0 0 0 1.878198e-14 8.012671e-14
1 36 4.391424e-04 2.335489e-02 0 0 0 0 1.711841e-14 6.410417e-14
1 37 4.391424e-04 3.043893e-02 0 0 0 0 1.619511e-14 5.092517e-14
1 38 4.391424e-04 3.967171e-02 0 0 0 0 1.582889e-14 4.138551e-14
1 39 4.391424e-04 5.170498e-02 0 0 0 0 1.580284e-14 3.395278e-14
2 20 5.723437e-04 3.369410e-04 0 0 0 0 -7.601842e-17 2.019920e-13
2 21 5.723437e-04 4.391424e-04 0 0 0 0 -3.602286e-16 2.113287e-13
2 22 5.723437e-04 5.723437e-04 0 0 0 0 -1.013181e-14 2.229105e-13
2 23 5.723437e-04 7.459478e-04 0 0 0 0 -2.475954e-14 2.326755e-13
2 24 5.723437e-04 9.722096e-04 0 0 0 0 -4.034835e-15 2.398638e-13
2 25 5.723437e-04 1.267102e-03 0 0 0 0 2.316630e-14 2.432805e-13
2 26 5.723437e-04 1.651440e-03 0 0 0 0 4.132909e-14 2.416665e-13
2 27 5.723437e-04 2.152358e-03 0 0 0 0 4.935293e-14 2.351439e-13
2 28 5.723437e-04 2.805213e-03 0 0 0 0 5.004091e-14 2.224290e-13
2 29 5.723437e-04 3.656095e-03 0 0 0 0 4.644492e-14 2.052240e-13
2 30 5.723437e-04 4.765066e-03 0 0 0 0 4.089822e-14 1.833839e-13
2 31 5.723437e-04 6.210412e-03 0 0 0 0 3.493246e-14 1.592992e-13
2 32 5.723437e-04 8.094162e-03 0 0 0 0 2.943585e-14 1.345373e-13
2 33 5.723437e-04 1.054929e-02 0 0 0 0 2.484191e-14 1.103795e-13
2 34 5.723437e-04 1.374912e-02 0 0 0 0 2.129110e-14 8.945258e-14
2 35 5.723437e-04 1.791952e-02 0 0 0 0 1.875099e-14 7.079435e-14
2 36 5.723437e-04 2.335489e-02 0 0 0 0 1.710172e-14 5.661836e-14
2 37 5.723437e-04 3.043893e-02 0 0 0 0 1.618574e-14 4.490005e-14
2 38 5.723437e-04 3.967171e-02 0 0 0 0 1.582346e-14 3.641836e-14
2 39 5.723437e-04 5.170498e-02 0 0 0 0 1.579964e-14 2.979393e-14
3 20 7.459478e-04 3.369410e-04 0 0 0 0 -4.814498e-17 1.689041e-13
3 21 7.459478e-04 4.391424e-04 0 0 0 0 1.667362e-17 1.768127e-13
3 22 7.459478e-04 5.723437e-04 0 0 0 0 -1.083970e-16 1.866455e-13
3 23 7.459478e-04 7.459478e-04 0 0 0 0 -9.908101e-15 1.950137e-13
3 24 7.459478e-04 9.722096e-04 0 0 0 0 -2.514742e-14 2.013105e-13
3 25 7.459478e-04 1.267102e-03 0 0 0 0 -4.580214e-15 2.045480e-13
3 26 7.459478e-04 1.651440e-03 0 0 0 0 2.117122e-14 2.036952e-13
3 27 7.459478e-04 2.152358e-03 0 0 0 0 3.719818e-14 1.988239e-13
3 28 7.459478e-04 2.805213e-03 0 0 0 0 4.336935e-14 1.888168e-13
3 29 7.459478e-04 3.656095e-03 0 0 0 0 4.298431e-14 1.749466e-13
3 30 7.459478e-04 4.765066e-03 0 0 0 0 3.916608e-14 1.570369e-13
3 31 7.459478e-04 6.210412e-03 0 0 0 0 3.408298e-14 1.370292e-13
3 32 7.459478e-04 8.094162e-03 0 0 0 0 2.902201e-14 1.161990e-13
3 33 7.459478e-04 1.054929e-02 0 0 0 0 2.463883e-14 9.568145e-14
3 34 7.459478e-04 1.374912e-02 0 0 0 0 2.118927e-14 7.772038e-14
3 35 7.459478e-04 1.791952e-02 0 0 0 0 1.869836e-14 6.159198e-14
3 36 7.459478e-04 2.335489e-02 0 0 0 0 1.707339e-14 4.925521e-14
3 37 7.459478e-04 3.043893e-02 0 0 0 0 1.616983e-14 3.899778e-14
3 38 7.459478e-04 3.967171e-02 0 0 0 0 1.581421e-14 3.156731e-14
3 39 7.459478e-04 5.170498e-02 0 0 0 0 1.579414e-14 2.574544e-14
4 20 9.722096e-04 3.369410e-04 0 0 0 0 -4.105739e-17 1.387107e-13
4 21 9.722096e-04 4.391424e-04 0 0 0 0 3.029061e-17 1.452707e-13
4 22 9.722096e-04 5.723437e-04 0 0 0 0 1.112957e-16 1.534544e-13
4 23 9.722096e-04 7.459478e-04 0 0 0 0 1.953015e-16 1.604875e-13
4 24 9.722096e-04 9.722096e-04 0 0 0 0 -9.418111e-15 1.658679e-13
4 25 9.722096e-04 1.267102e-03 0 0 0 0 -2.494627e-14 1.687673e-13
4 26 9.722096e-04 1.651440e-03 0 0 0 0 -4.891140e-15 1.683951e-13
4 27 9.722096e-04 2.152358e-03 0 0 0 0 1.892051e-14 1.648506e-13
4 28 9.722096e-04 2.805213e-03 0 0 0 0 3.270144e-14 1.571772e-13
4 29 9.722096e-04 3.656095e-03 0 0 0 0 3.728876e-14 1.462791e-13
4 30 9.722096e-04 4.765066e-03 0 0 0 0 3.627369e-14 1.319603e-13
4 31 9.722096e-04 6.210412e-03 0 0 0 0 3.265373e-14 1.157294e-13
4 32 9.722096e-04 8.094162e-03 0 0 0 0 2.832268e-14 9.858822e-14
4 33 9.722096e-04 1.054929e-02 0 0 0 0 2.429497e-14 8.152606e-14
4 34 9.722096e-04 1.374912e-02 0 0 0 0 2.101668e-14 6.641114e-14
4 35 9.722096e-04 1.791952e-02 0 0 0 0 1.860899e-14 5.273045e-14
4 36 9.722096e-04 2.335489e-02 0 0 0 0 1.702531e-14 4.218338e-14
4 37 9.722096e-04 3.043893e-02 0 0 0 0 1.614285e-14 3.335484e-14
4 38 9.722096e-04 3.967171e-02 0 0 0 0 1.579851e-14 2.694607e-14
4 39 9.722096e-04 5.170498e-02 0 0 0 0 1.578478e-14 2.190428e-14
5 20 1.267102e-03 3.369410e-04 0 0 0 0 -4.717378e-17 1.120969e-13
5 21 1.267102e-03 4.391424e-04 0 0 0 0 9.220472e-18 1.174255e-13
5 22 1.267102e-03 5.723437e-04 0 0 0 0 5.981708e-17 1.240972e-13
5 23 1.267102e-03 7.459478e-04 0 0 0 0 2.064798e-16 1.298795e-13
5 24 1.267102e-03 9.722096e-04 0 0 0 0 5.155399e-16 1.343545e-13
5 25 1.267102e-03 1.267102e-03 0 0 0 0 -8.647119e-15 1.368303e-13
5 26 1.267102e-03 1.651440e-03 0 0 0 0 -2.411673e-14 1.367108e-13
5 27 1.267102e-03 2.152358e-03 0 0 0 0 -4.930459e-15 1.341190e-13
5 28 1.267102e-03 2.805213e-03 0 0 0 0 1.656924e-14 1.282861e-13
5 29 1.267102e-03 3.656095e-03 0 0 0 0 2.815409e-14 1.198975e-13
5 30 1.267102e-03 4.765066e-03 0 0 0 0 3.150631e-14 1.087423e-13
5 31 1.267102e-03 6.210412e-03 0 0 0 0 3.026555e-14 9.589146e-14
5 32 1.267102e-03 8.094162e-03 0 0 0 0 2.714611e-14 8.210502e-14
5 33 1.267102e-03 1.054929e-02 0 0 0 0 2.371387e-14 6.823029e-14
5 34 1.267102e-03 1.374912e-02 0 0 0 0 2.072458e-14 5.577219e-14
5 35 1.267102e-03 1.791952e-02 0 0 0 0 1.845747e-14 4.439992e-14
5 36 1.267102e-03 2.335489e-02 0 0 0 0 1.694374e-14 3.555334e-14
5 37 1.267102e-03 3.043893e-02 0 0 0 0 1.609708e-14 2.809131e-14
5 38 1.267102e-03 3.967171e-02 0 0 0 0 1.577186e-14 2.265420e-14
5 39 1.267102e-03 5.170498e-02 0 0 0 0 1.576890e-14 1.835490e-14
6 20 1.651440e-03 3.369410e-04 0 0 0 0 -5.469520e-17 8.935900e-14
6 21 1.651440e-03 4.391424e-04 0 0 0 0 -5.122257e-18 9.360012e-14
6 22 1.651440e-03 5.723437e-04 0 0 0 0 2.065283e-17 9.892369e-14
6 23 1.651440e-03 7.459478e-04 0 0 0 0 9.072450e-17 1.035613e-13
6 24 1.651440e-03 9.722096e-04 0 0 0 0 2.707419e-16 1.071867e-13
6 25 1.651440e-03 1.267102e-03 0 0 0 0 8.230067e-16 1.092462e-13
6 26 1.651440e-03 1.651440e-03 0 0 0 0 -7.648078e-15 1.092483e-13
6 27 1.651440e-03 2.152358e-03 0 0 0 0 -2.268985e-14 1.072618e-13
6 28 1.651440e-03 2.805213e-03 0 0 0 0 -4.702882e-15 1.027434e-13
6 29 1.651440e-03 3.656095e-03 0 0 0 0 1.426263e-14 9.634490e-14
6 30 1.651440e-03 4.765066e-03 0 0 0 0 2.383982e-14 8.784817e-14
6 31 1.651440e-03 6.210412e-03 0 0 0 0 2.632520e-14 7.790760e-14
6 32 1.651440e-03 8.094162e-03 0 0 0 0 2.517960e-14 6.708325e-14
6 33 1.651440e-03 1.054929e-02 0 0 0 0 2.273633e-14 5.606521e-14
6 34 1.651440e-03 1.374912e-02 0 0 0 0 2.023121e-14 4.601558e-14
6 35 1.651440e-03 1.791952e-02 0 0 0 0 1.820106e-14 3.676179e-14
6 36 1.651440e-03 2.335489e-02 0 0 0 0 1.680539e-14 2.948786e-14
6 37 1.651440e-03 3.043893e-02 0 0 0 0 1.601945e-14 2.329995e-14
6 38 1.651440e-03 3.967171e-02 0 0 0 0 1.572666e-14 1.876618e-14
6 39 1.651440e-03 5.170498e-02 0 0 0 0 1.574192e-14 1.515857e-14
7 20 2.152358e-03 3.369410e-04 0 0 0 0 -5.541662e-17 7.071424e-14
7 21 2.152358e-03 4.391424e-04 0 0 0 0 -1.086780e-17 7.403817e-14
7 22 2.152358e-03 5.723437e-04 0 0 0 0 2.278742e-18 7.821504e-14
7 23 2.152358e-03 7.459478e-04 0 0 0 0 3.505719e-17 8.185588e-14
7 24 2.152358e-03 9.722096e-04 0 0 0 0 9.654164e-17 8.471625e-14
7 25 2.152358e-03 1.267102e-03 0 0 0 0 3.116097e-16 8.636843e-14
7 26 2.152358e-03 1.651440e-03 0 0 0 0 1.072956e-15 8.638534e-14
7 27 2.152358e-03 2.152358e-03 0 0 0 0 -6.512112e-15 8.476686e-14
7 28 2.152358e-03 2.805213e-03 0 0 0 0 -2.076709e-14 8.115480e-14
7 29 2.152358e-03 3.656095e-03 0 0 0 0 -4.257411e-15 7.620206e-14
7 30 2.152358e-03 4.765066e-03 0 0 0 0 1.212141e-14 6.972718e-14
7 31 2.152358e-03 6.210412e-03 0 0 0 0 1.997603e-14 6.213682e-14
7 32 2.152358e-03 8.094162e-03 0 0 0 0 2.193353e-14 5.383482e-14
7 33 2.152358e-03 1.054929e-02 0 0 0 0 2.110286e-14 4.528343e-14
7 34 2.152358e-03 1.374912e-02 0 0 0 0 1.940136e-14 3.734285e-14
7 35 2.152358e-03 1.791952e-02 0 0 0 0 1.776832e-14 2.997210e-14
7 36 2.152358e-03 2.335489e-02 0 0 0 0 1.657129e-14 2.410324e-14
7 37 2.152358e-03 3.043893e-02 0 0 0 0 1.588789e-14 1.906648e-14
7 38 2.152358e-03 3.967171e-02 0 0 0 0 1.565003e-14 1.534956e-14
7 39 2.152358e-03 5.170498e-02 0 0 0 0 1.569615e-14 1.236972e-14
8 20 2.805213e-03 3.369410e-04 0 0 0 0 -5.668786e-17 5.581365e-14
8 21 2.805213e-03 4.391424e-04 0 0 0 0 -1.333726e-17 5.839531e-14
8 22 2.805213e-03 5.723437e-04 0 0 0 0 -4.560629e-18 6.163788e-14
8 23 2.805213e-03 7.459478e-04 0 0 0 0 1.414345e-17 6.444930e-14
8 24 2.805213e-03 9.722096e-04 0 0 0 0 3.107468e-17 6.663983e-14
8 25 2.805213e-03 1.267102e-03 0 0 0 0 9.522151e-17 6.788405e-14
8 26 2.805213e-03 1.651440e-03 0 0 0 0 3.237846e-16 6.784478e-14
8 27 2.805213e-03 2.152358e-03 0 0 0 0 1.229720e-15 6.651947e-14
8 28 2.805213e-03 2.805213e-03 0 0 0 0 -5.345137e-15 6.361672e-14
8 29 2.805213e-03 3.656095e-03 0 0 0 0 -1.850553e-14 5.964620e-14
8 30 2.805213e-03 4.765066e-03 0 0 0 0 -3.669433e-15 5.452806e-14
8 31 2.805213e-03 6.210412e-03 0 0 0 0 1.023202e-14 4.870554e-14
8 32 2.805213e-03 8.094162e-03 0 0 0 0 1.669796e-14 4.246926e-14
8 33 2.805213e-03 1.054929e-02 0 0 0 0 1.840724e-14 3.597020e-14
8 34 2.805213e-03 1.374912e-02 0 0 0 0 1.801575e-14 2.982894e-14
8 35 2.805213e-03 1.791952e-02 0 0 0 0 1.704074e-14 2.408869e-14
8 36 2.805213e-03 2.335489e-02 0 0 0 0 1.617640e-14 1.943592e-14
8 37 2.805213e-03 3.043893e-02 0 0 0 0 1.566528e-14 1.541032e-14
8 38 2.805213e-03 3.967171e-02 0 0 0 0 1.552022e-14 1.241424e-14
8 39 2.805213e-03 5.170498e-02 0 0 0 0 1.561853e-14 9.991672e-15
9 20 3.656095e-03 3.369410e-04 0 0 0 0 -5.716031e-17 4.422537e-14
9 21 3.656095e-03 4.391424e-04 0 0 0 0 -1.412327e-17 4.623122e-14
9 22 3.656095e-03 5.723437e-04 0 0 0 0 -6.878400e-18 4.874389e-14
9 23 3.656095e-03 7.459478e-04 0 0 0 0 7.090761e-18 5.089709e-14
9 24 3.656095e-03 9.722096e-04 0 0 0 0 9.625667e-18 5.253942e-14
9 25 3.656095e-03 1.267102e-03 0 0 0 0 2.685740e-17 5.342723e-14
9 26 3.656095e-03 1.651440e-03 0 0 0 0 8.752742e-17 5.331322e-14
9 27 3.656095e-03 2.152358e-03 0 0 0 0 3.066016e-16 5.222178e-14
9 28 3.656095e-03 2.805213e-03 0 0 0 0 1.279880e-15 4.987049e-14
9 29 3.656095e-03 3.656095e-03 0 0 0 0 -4.247375e-15 4.657461e-14
9 30 3.656095e-03 4.765066e-03 0 0 0 0 -1.608865e-14 4.235168e-14
9 31 3.656095e-03 6.210412e-03 0 0 0 0 -3.020476e-15 3.777185e-14
9 32 3.656095e-03 8.094162e-03 0 0 0 0 8.644336e-15 3.306674e-14
9 33 3.656095e-03 1.054929e-02 0 0 0 0 1.406094e-14 2.816306e-14
9 34 3.656095e-03 1.374912e-02 0 0 0 0 1.573160e-14 2.351143e-14
9 35 3.656095e-03 1.791952e-02 0 0 0 0 1.582725e-14 1.913477e-14
9 36 3.656095e-03 2.335489e-02 0 0 0 0 1.551301e-14 1.550084e-14
9 37 3.656095e-03 3.043893e-02 0 0 0 0 1.528982e-14 1.233825e-14
9 38 3.656095e-03 3.967171e-02 0 0 0 0 1.530064e-14 9.958562e-15
9 39 3.656095e-03 5.170498e-02 0 0 0 0 1.548708e-14 8.016811e-15
10 20 4.765066e-03 3.369410e-04 0 0 0 0 -5.712489e-17 3.538175e-14
10 21 4.765066e-03 4.391424e-04 0 0 0 0 -1.439434e-17 3.695462e-14
10 22 4.765066e-03 5.723437e-04 0 0 0 0 -7.581388e-18 3.891733e-14
10 23 4.765066e-03 7.459478e-04 0 0 0 0 4.923854e-18 4.057470e-14
10 24 4.765066e-03 9.722096e-04 0 0 0 0 3.184955e-18 4.180426e-14
10 25 4.765066e-03 1.267102e-03 0 0 0 0 6.885548e-18 4.241947e-14
10 26 4.765066e-03 1.651440e-03 0 0 0 0 2.275533e-17 4.222545e-14
10 27 4.765066e-03 2.152358e-03 0 0 0 0 7.393436e-17 4.125617e-14
10 28 4.765066e-03 2.805213e-03 0 0 0 0 2.681189e-16 3.928089e-14
10 29 4.765066e-03 3.656095e-03 0 0 0 0 1.229889e-15 3.654374e-14
10 30 4.765066e-03 4.765066e-03 0 0 0 0 -3.294794e-15 3.306761e-14
10 31 4.765066e-03 6.210412e-03 0 0 0 0 -1.369415e-14 2.934227e-14
10 32 4.765066e-03 8.094162e-03 0 0 0 0 -2.381389e-15 2.559232e-14
10 33 4.765066e-03 1.054929e-02 0 0 0 0 7.375002e-15 2.181153e-14
10 34 4.765066e-03 1.374912e-02 0 0 0 0 1.205522e-14 1.834695e-14
10 35 4.765066e-03 1.791952e-02 0 0 0 0 1.383040e-14 1.506257e-14
10 36 4.765066e-03 2.335489e-02 0 0 0 0 1.440791e-14 1.226348e-14
10 37 4.765066e-03 3.043893e-02 0 0 0 0 1.465970e-14 9.821847e-15
10 38 4.765066e-03 3.967171e-02 0 0 0 0 1.493034e-14 7.952115e-15
10 39 4.765066e-03 5.170498e-02 0 0 0 0 1.526480e-14 6.413286e-15
11 20 6.210412e-03 3.369410e-04 0 0 0 0 -5.701342e-17 2.845430e-14
11 21 6.210412e-03 4.391424e-04 0 0 0 0 -1.438290e-17 2.970128e-14
11 22 6.210412e-03 5.723437e-04 0 0 0 0 -7.870987e-18 3.125186e-14
11 23 6.210412e-03 7.459478e-04 0 0 0 0 4.326565e-18 3.254413e-14
11 24 6.210412e-03 9.722096e-04 0 0 0 0 1.388218e-18 3.347617e-14
11 25 6.210412e-03 1.267102e-03 0 0 0 0 1.421320e-18 3.389835e-14
11 26 6.210412e-03 1.651440e-03 0 0 0 0 5.732836e-18 3.365121e-14
11 27 6.210412e-03 2.152358e-03 0 0 0 0 1.757273e-17 3.277426e-14
11 28 6.210412e-03 2.805213e-03 0 0 0 0 5.811345e-17 3.110640e-14
11 29 6.210412e-03 3.656095e-03 0 0 0 0 2.181285e-16 2.888279e-14
11 30 6.210412e-03 4.765066e-03 0 0 0 0 1.102191e-15 2.608007e-14
11 31 6.210412e-03 6.210412e-03 0 0 0 0 -2.530466e-15 2.298587e-14
11 32 6.210412e-03 8.094162e-03 0 0 0 0 -1.146891e-14 1.982620e-14
11 33 6.210412e-03 1.054929e-02 0 0 0 0 -1.802488e-15 1.680113e-14
11 34 6.210412e-03 1.374912e-02 0 0 0 0 6.414260e-15 1.420678e-14
11 35 6.210412e-03 1.791952e-02 0 0 0 0 1.062615e-14 1.174556e-14
11 36 6.210412e-03 2.335489e-02 0 0 0 0 1.259346e-14 9.624482e-15
11 37 6.210412e-03 3.043893e-02 0 0 0 0 1.361131e-14 7.775450e-15
11 38 6.210412e-03 3.967171e-02 0 0 0 0 1.430941e-14 6.320246e-15
11 39 6.210412e-03 5.170498e-02 0 0 0 0 1.489007e-14 5.114558e-15
12 20 8.094162e-03 3.369410e-04 0 0 0 0 -5.698439e-17 2.317762e-14
12 21 8.094162e-03 4.391424e-04 0 0 0 0 -1.429828e-17 2.418512e-14
12 22 8.094162e-03 5.723437e-04 0 0 0 0 -7.834993e-18 2.543407e-14
12 23 8.094162e-03 7.459478e-04 0 0 0 0 4.181964e-18 2.646407e-14
12 24 8.094162e-03 9.722096e-04 0 0 0 0 8.348259e-19 2.718925e-14
12 25 8.094162e-03 1.267102e-03 0 0 0 0 4.923556e-20 2.748710e-14
12 26 8.094162e-03 1.651440e-03 0 0 0 0 1.414077e-18 2.722710e-14
12 27 8.094162e-03 2.152358e-03 0 0 0 0 4.051553e-18 2.644951e-14
12 28 8.094162e-03 2.805213e-03 0 0 0 0 1.261695e-17 2.502901e-14
12 29 8.094162e-03 3.656095e-03 0 0 0 0 4.257183e-17 2.317078e-14
12 30 8.094162e-03 4.765066e-03 0 0 0 0 1.655498e-16 2.084747e-14
12 31 8.094162e-03 6.210412e-03 0 0 0 0 9.269152e-16 1.826848e-14
12 32 8.094162e-03 8.094162e-03 0 0 0 0 -1.965165e-15 1.562503e-14
12 33 8.094162e-03 1.054929e-02 0 0 0 0 -9.515177e-15 1.312925e-14
12 34 8.094162e-03 1.374912e-02 0 0 0 0 -1.311614e-15 1.104514e-14
12 35 8.094162e-03 1.791952e-02 0 0 0 0 5.734055e-15 9.125471e-15
12 36 8.094162e-03 2.335489e-02 0 0 0 0 9.692990e-15 7.537133e-15
12 37 8.094162e-03 3.043893e-02 0 0 0 0 1.189397e-14 6.153997e-15
12 38 8.094162e-03 3.967171e-02 0 0 0 0 1.327753e-14 5.027873e-15
12 39 8.094162e-03 5.170498e-02 0 0 0 0 1.426206e-14 4.092331e-15
13 20 1.054929e-02 3.369410e-04 0 0 0 0 -5.698103e-17 1.873733e-14
13 21 1.054929e-02 4.391424e-04 0 0 0 0 -1.427620e-17 1.954955e-14
13 22 1.054929e-02 5.723437e-04 0 0 0 0 -7.915474e-18 2.055542e-14
13 23 1.054929e-02 7.459478e-04 0 0 0 0 4.187621e-18 2.138167e-14
13 24 1.054929e-02 9.722096e-04 0 0 0 0 8.075398e-19 2.195755e-14
13 25 1.054929e-02 1.267102e-03 0 0 0 0 -3.840604e-19 2.218242e-14
13 26 1.054929e-02 1.651440e-03 0 0 0 0 4.135010e-19 2.194804e-14
13 27 1.054929e-02 2.152358e-03 0 0 0 0 8.927514e-19 2.128557e-14
13 28 1.054929e-02 2.805213e-03 0 0 0 0 2.634483e-18 2.009353e-14
13 29 1.054929e-02 3.656095e-03 0 0 0 0 8.380432e-18 1.854723e-14
13 30 1.054929e-02 4.765066e-03 0 0 0 0 2.886360e-17 1.664047e-14
13 31 1.054929e-02 6.210412e-03 0 0 0 0 1.168649e-16 1.456745e-14
13 32 1.054929e-02 8.094162e-03 0 0 0 0 7.335222e-16 1.245854e-14
13 33 1.054929e-02 1.054929e-02 0 0 0 0 -1.584887e-15 1.039879e-14
13 34 1.054929e-02 1.374912e-02 0 0 0 0 -7.888017e-15 8.611008e-15
13 35 1.054929e-02 1.791952e-02 0 0 0 0 -9.180270e-16 7.041622e-15
13 36 1.054929e-02 2.335489e-02 0 0 0 0 5.294103e-15 5.856071e-15
13 37 1.054929e-02 3.043893e-02 0 0 0 0 9.159791e-15 4.826130e-15
13 38 1.054929e-02 3.967171e-02 0 0 0 0 1.159083e-14 3.966891e-15
13 39 1.054929e-02 5.170498e-02 0 0 0 0 1.321954e-14 3.254704e-15
14 20 1.374912e-02 3.369410e-04 0 0 0 0 -5.688618e-17 1.519387e-14
14 21 1.374912e-02 4.391424e-04 0 0 0 0 -1.413277e-17 1.585650e-14
14 22 1.374912e-02 5.723437e-04 0 0 0 0 -7.994351e-18 1.667769e-14
14 23 1.374912e-02 7.459478e-04 0 0 0 0 4.079550e-18 1.735418e-14
14 24 1.374912e-02 9.722096e-04 0 0 0 0 7.380782e-19 1.782794e-14
14 25 1.374912e-02 1.267102e-03 0 0 0 0 -3.955536e-19 1.801506e-14
14 26 1.374912e-02 1.651440e-03 0 0 0 0 1.690659e-19 1.782621e-14
14 27 1.374912e-02 2.152358e-03 0 0 0 0 1.866805e-19 1.728430e-14
14 28 1.374912e-02 2.805213e-03 0 0 0 0 5.036388e-19 1.630632e-14
14 29 1.374912e-02 3.656095e-03 0 0 0 0 1.540645e-18 1.503763e-14
14 30 1.374912e-02 4.765066e-03 0 0 0 0 4.981520e-18 1.347618e-14
14 31 1.374912e-02 6.210412e-03 0 0 0 0 1.768023e-17 1.178555e-14
14 32 1.374912e-02 8.094162e-03 0 0 0 0 7.561666e-17 1.006353e-14
14 33 1.374912e-02 1.054929e-02 0 0 0 0 5.452886e-16 8.354042e-15
14 34 1.374912e-02 1.374912e-02 0 0 0 0 -1.361147e-15 6.841107e-15
14 35 1.374912e-02 1.791952e-02 0 0 0 0 -6.602295e-15 5.531603e-15
14 36 1.374912e-02 2.335489e-02 0 0 0 0 -6.206509e-16 4.582817e-15
14 37 1.374912e-02 3.043893e-02 0 0 0 0 5.043215e-15 3.776487e-15
14 38 1.374912e-02 3.967171e-02 0 0 0 0 8.915579e-15 3.125683e-15
14 39 1.374912e-02 5.170498e-02 0 0 0 0 1.151853e-14 2.591466e-15
15 20 1.791952e-02 3.369410e-04 0 0 0 0 -5.675918e-17 1.204833e-14
15 21 1.791952e-02 4.391424e-04 0 0 0 0 -1.388399e-17 1.257729e-14
15 22 1.791952e-02 5.723437e-04 0 0 0 0 -8.002812e-18 1.323397e-14
15 23 1.791952e-02 7.459478e-04 0 0 0 0 4.091528e-18 1.377807e-14
15 24 1.791952e-02 9.722096e-04 0 0 0 0 6.943445e-19 1.416379e-14
15 25 1.791952e-02 1.267102e-03 0 0 0 0 -4.863260e-19 1.432368e-14
15 26 1.791952e-02 1.651440e-03 0 0 0 0 1.050069e-19 1.418674e-14
15 27 1.791952e-02 2.152358e-03 0 0 0 0 1.049187e-19 1.376860e-14
15 28 1.791952e-02 2.805213e-03 0 0 0 0 4.177892e-20 1.299954e-14
15 29 1.791952e-02 3.656095e-03 0 0 0 0 2.354278e-19 1.198836e-14
15 30 1.791952e-02 4.765066e-03 0 0 0 0 7.004431e-19 1.073237e-14
15 31 1.791952e-02 6.210412e-03 0 0 0 0 2.375598e-18 9.369104e-15
15 32 1.791952e-02 8.094162e-03 0 0 0 0 9.002878e-18 7.984949e-15
15 33 1.791952e-02 1.054929e-02 0 0 0 0 4.267635e-17 6.630170e-15
15 34 1.791952e-02 1.374912e-02 0 0 0 0 3.766217e-16 5.445745e-15
15 35 1.791952e-02 1.791952e-02 0 0 0 0 -1.261468e-15 4.387275e-15
15 36 1.791952e-02 2.335489e-02 0 0 0 0 -5.645669e-15 3.575119e-15
15 37 1.791952e-02 3.043893e-02 0 0 0 0 -4.183924e-16 2.907831e-15
15 38 1.791952e-02 3.967171e-02 0 0 0 0 4.915904e-15 2.421521e-15
15 39 1.791952e-02 5.170498e-02 0 0 0 0 8.829500e-15 2.028466e-15
16 20 2.335489e-02 3.369410e-04 0 0 0 0 -5.651021e-17 9.400251e-15
16 21 2.335489e-02 4.391424e-04 0 0 0 0 -1.350831e-17 9.819033e-15
16 22 2.335489e-02 5.723437e-04 0 0 0 0 -8.049750e-18 1.034085e-14
16 23 2.335489e-02 7.459478e-04 0 0 0 0 4.112365e-18 1.077881e-14
16 24 2.335489e-02 9.722096e-04 0 0 0 0 7.434576e-19 1.109773e-14
16 25 2.335489e-02 1.267102e-03 0 0 0 0 -4.419951e-19 1.124364e-14
16 26 2.335489e-02 1.651440e-03 0 0 0 0 6.515780e-20 1.116099e-14
16 27 2.335489e-02 2.152358e-03 0 0 0 0 1.303004e-20 1.085828e-14
16 28 2.335489e-02 2.805213e-03 0 0 0 0 2.714895e-20 1.027826e-14
16 29 2.335489e-02 3.656095e-03 0 0 0 0 -1.418243e-20 9.500171e-15
16 30 2.335489e-02 4.765066e-03 0 0 0 0 5.475359e-21 8.519893e-15
16 31 2.335489e-02 6.210412e-03 0 0 0 0 3.562056e-20 7.447543e-15
16 32 2.335489e-02 8.094162e-03 0 0 0 0 3.174542e-19 6.353573e-15
16 33 2.335489e-02 1.054929e-02 0 0 0 0 2.194326e-18 5.284615e-15
16 34 2.335489e-02 1.374912e-02 0 0 0 0 1.674340e-17 4.349443e-15
16 35 2.335489e-02 1.791952e-02 0 0 0 0 2.328313e-16 3.492550e-15
16 36 2.335489e-02 2.335489e-02 0 0 0 0 -1.257428e-15 2.808488e-15
16 37 2.335489e-02 3.043893e-02 0 0 0 0 -4.992707e-15 2.251967e-15
16 38 2.335489e-02 3.967171e-02 0 0 0 0 -3.182049e-16 1.871704e-15
16 39 2.335489e-02 5.170498e-02 0 0 0 0 4.834355e-15 1.570913e-15
17 20 3.043893e-02 3.369410e-04 0 0 0 0 -5.609090e-17 7.102103e-15
17 21 3.043893e-02 4.391424e-04 0 0 0 0 -1.294378e-17 7.423357e-15
17 22 3.043893e-02 5.723437e-04 0 0 0 0 -8.119873e-18 7.825209e-15
17 23 3.043893e-02 7.459478e-04 0 0 0 0 4.121285e-18 8.166978e-15
17 24 3.043893e-02 9.722096e-04 0 0 0 0 7.574270e-19 8.422588e-15
17 25 3.043893e-02 1.267102e-03 0 0 0 0 -4.163053e-19 8.550218e-15
17 26 3.043893e-02 1.651440e-03 0 0 0 0 1.276607e-19 8.507918e-15
17 27 3.043893e-02 2.152358e-03 0 0 0 0 3.914799e-20 8.299476e-15
17 28 3.043893e-02 2.805213e-03 0 0 0 0 -2.476272e-20 7.880450e-15
17 29 3.043893e-02 3.656095e-03 0 0 0 0 -2.513801e-20 7.307379e-15
17 30 3.043893e-02 4.765066e-03 0 0 0 0 -5.758022e-20 6.574473e-15
17 31 3.043893e-02 6.210412e-03 0 0 0 0 -1.943867e-19 5.762187e-15
17 32 3.043893e-02 8.094162e-03 0 0 0 0 -5.312052e-19 4.922578e-15
17 33 3.043893e-02 1.054929e-02 0 0 0 0 -1.443016e-18 4.094851e-15
17 34 3.043893e-02 1.374912e-02 0 0 0 0 -3.537355e-18 3.366205e-15
17 35 3.043893e-02 1.791952e-02 0 0 0 0 -4.504666e-18 2.702352e-15
17 36 3.043893e-02 2.335489e-02 0 0 0 0 1.124464e-16 2.179156e-15
17 37 3.043893e-02 3.043893e-02 0 0 0 0 -1.327481e-15 1.743511e-15
17 38 3.043893e-02 3.967171e-02 0 0 0 0 -4.611552e-15 1.430046e-15
17 39 3.043893e-02 5.170498e-02 0 0 0 0 -3.264540e-16 1.185427e-15
18 20 3.967171e-02 3.369410e-04 0 0 0 0 -5.542394e-17 5.162823e-15
18 21 3.967171e-02 4.391424e-04 0 0 0 0 -1.210554e-17 5.401012e-15
18 22 3.967171e-02 5.723437e-04 0 0 0 0 -8.215566e-18 5.700596e-15
18 23 3.967171e-02 7.459478e-04 0 0 0 0 4.113725e-18 5.960049e-15
18 24 3.967171e-02 9.722096e-04 0 0 0 0 7.480129e-19 6.161165e-15
18 25 3.967171e-02 1.267102e-03 0 0 0 0 -4.308243e-19 6.272842e-15
18 26 3.967171e-02 1.651440e-03 0 0 0 0 1.206866e-19 6.264689e-15
18 27 3.967171e-02 2.152358e-03 0 0 0 0 5.807187e-20 6.136575e-15
18 28 3.967171e-02 2.805213e-03 0 0 0 0 2.000059e-20 5.855007e-15
18 29 3.967171e-02 3.656095e-03 0 0 0 0 -8.721874e-21 5.457205e-15
18 30 3.967171e-02 4.765066e-03 0 0 0 0 -6.436042e-20 4.936361e-15
18 31 3.967171e-02 6.210412e-03 0 0 0 0 -1.084071e-19 4.348311e-15
18 32 3.967171e-02 8.094162e-03 0 0 0 0 -3.624468e-19 3.729585e-15
18 33 3.967171e-02 1.054929e-02 0 0 0 0 -1.029588e-18 3.111755e-15
18 34 3.967171e-02 1.374912e-02 0 0 0 0 -2.969054e-18 2.561977e-15
18 35 3.967171e-02 1.791952e-02 0 0 0 0 -8.419657e-18 2.061308e-15
18 36 3.967171e-02 2.335489e-02 0 0 0 0 -2.203481e-17 1.668884e-15
18 37 3.967171e-02 3.043893e-02 0 0 0 0 1.412243e-17 1.333074e-15
18 38 3.967171e-02 3.967171e-02 0 0 0 0 -1.447564e-15 1.078201e-15
18 39 3.967171e-02 5.170498e-02 0 0 0 0 -4.450316e-15 8.791427e-16
19 20 5.170498e-02 3.369410e-04 0 0 0 0 -5.455341e-17 3.604787e-15
19 21 5.170498e-02 4.391424e-04 0 0 0 0 -1.084924e-17 3.774664e-15
19 22 5.170498e-02 5.723437e-04 0 0 0 0 -8.308927e-18 3.989623e-15
19 23 5.170498e-02 7.459478e-04 0 0 0 0 4.101962e-18 4.179462e-15
19 24 5.170498e-02 9.722096e-04 0 0 0 0 7.426527e-19 4.332217e-15
19 25 5.170498e-02 1.267102e-03 0 0 0 0 -4.455227e-19 4.425796e-15
19 26 5.170498e-02 1.651440e-03 0 0 0 0 9.978869e-20 4.438969e-15
19 27 5.170498e-02 2.152358e-03 0 0 0 0 3.365892e-20 4.368998e-15
19 28 5.170498e-02 2.805213e-03 0 0 0 0 -3.596888e-22 4.191367e-15
19 29 5.170498e-02 3.656095e-03 0 0 0 0 1.410690e-20 3.928642e-15
19 30 5.170498e-02 4.765066e-03 0 0 0 0 -2.960001e-21 3.574344e-15
19 31 5.170498e-02 6.210412e-03 0 0 0 0 -6.172197e-20 3.166508e-15
19 32 5.170498e-02 8.094162e-03 0 0 0 0 -1.244171e-19 2.729959e-15
19 33 5.170498e-02 1.054929e-02 0 0 0 0 -3.842331e-19 2.288321e-15
19 34 5.170498e-02 1.374912e-02 0 0 0 0 -1.120627e-18 1.889747e-15
19 35 5.170498e-02 1.791952e-02 0 0 0 0 -3.328743e-18 1.521828e-15
19 36 5.170498e-02 2.335489e-02 0 0 0 0 -1.001835e-17 1.229438e-15
19 37 5.170498e-02 3.043893e-02 0 0 0 0 -3.021614e-17 9.787587e-16
19 38 5.170498e-02 3.967171e-02 0 0 0 0 -5.115862e-17 7.910181e-16
19 39 5.170498e-02 5.170498e-02 0 0 0 0 -1.575195e-15 6.425197e-16
