# Please cite the following papers in research using this covariance:
# arXiv: 1601.05779, https://arxiv.org/abs/1601.05779
# arXiv: 1911.11947, https://arxiv.org/abs/1911.11947
# arXiv: 2004.04833, https://arxiv.org/abs/2004.04833
########################################################
0 0 3.369410e-04 3.369410e-04 0 0 0 0 3.289662e-11 1.982276e-12
0 1 3.369410e-04 4.391424e-04 0 0 0 0 4.267284e-13 1.742947e-12
0 2 3.369410e-04 5.723437e-04 0 0 0 0 3.741765e-13 1.509824e-12
0 3 3.369410e-04 7.459478e-04 0 0 0 0 3.257932e-13 1.284573e-12
0 4 3.369410e-04 9.722096e-04 0 0 0 0 2.836189e-13 1.073106e-12
0 5 3.369410e-04 1.267102e-03 0 0 0 0 2.480911e-13 8.804802e-13
0 6 3.369410e-04 1.651440e-03 0 0 0 0 2.188888e-13 7.101694e-13
0 7 3.369410e-04 2.152358e-03 0 0 0 0 1.952103e-13 5.652649e-13
0 8 3.369410e-04 2.805213e-03 0 0 0 0 1.760034e-13 4.455614e-13
0 9 3.369410e-04 3.656095e-03 0 0 0 0 1.601652e-13 3.499700e-13
0 10 3.369410e-04 4.765066e-03 0 0 0 0 1.466636e-13 2.757508e-13
0 11 3.369410e-04 6.210412e-03 0 0 0 0 1.346081e-13 2.180889e-13
0 12 3.369410e-04 8.094162e-03 0 0 0 0 1.232786e-13 1.746242e-13
0 13 3.369410e-04 1.054929e-02 0 0 0 0 1.121259e-13 1.394399e-13
0 14 3.369410e-04 1.374912e-02 0 0 0 0 1.007620e-13 1.123349e-13
0 15 3.369410e-04 1.791952e-02 0 0 0 0 8.895609e-14 8.890230e-14
0 16 3.369410e-04 2.335489e-02 0 0 0 0 7.664678e-14 6.984579e-14
0 17 3.369410e-04 3.043893e-02 0 0 0 0 6.396710e-14 5.330106e-14
0 18 3.369410e-04 3.967171e-02 0 0 0 0 5.126512e-14 3.950385e-14
0 19 3.369410e-04 5.170498e-02 0 0 0 0 3.907998e-14 2.824831e-14
1 0 4.391424e-04 3.369410e-04 0 0 0 0 4.267284e-13 1.742947e-12
1 1 4.391424e-04 4.391424e-04 0 0 0 0 1.950960e-11 1.535491e-12
1 2 4.391424e-04 5.723437e-04 0 0 0 0 3.782218e-13 1.332888e-12
1 3 4.391424e-04 7.459478e-04 0 0 0 0 3.289951e-13 1.136519e-12
1 4 4.391424e-04 9.722096e-04 0 0 0 0 2.856227e-13 9.514953e-13
1 5 4.391424e-04 1.267102e-03 0 0 0 0 2.492150e-13 7.822607e-13
1 6 4.391424e-04 1.651440e-03 0 0 0 0 2.194702e-13 6.320045e-13
1 7 4.391424e-04 2.152358e-03 0 0 0 0 1.954886e-13 5.035803e-13
1 8 4.391424e-04 2.805213e-03 0 0 0 0 1.761275e-13 3.970523e-13
1 9 4.391424e-04 3.656095e-03 0 0 0 0 1.602163e-13 3.116881e-13
1 10 4.391424e-04 4.765066e-03 0 0 0 0 1.466823e-13 2.452370e-13
1 11 4.391424e-04 6.210412e-03 0 0 0 0 1.346138e-13 1.936222e-13
1 12 4.391424e-04 8.094162e-03 0 0 0 0 1.232795e-13 1.547407e-13
1 13 4.391424e-04 1.054929e-02 0 0 0 0 1.121254e-13 1.234065e-13
1 14 4.391424e-04 1.374912e-02 0 0 0 0 1.007614e-13 9.935618e-14
1 15 4.391424e-04 1.791952e-02 0 0 0 0 8.895576e-14 7.863725e-14
1 16 4.391424e-04 2.335489e-02 0 0 0 0 7.664671e-14 6.185442e-14
1 17 4.391424e-04 3.043893e-02 0 0 0 0 6.396724e-14 4.727881e-14
1 18 4.391424e-04 3.967171e-02 0 0 0 0 5.126538e-14 3.513652e-14
1 19 4.391424e-04 5.170498e-02 0 0 0 0 3.908023e-14 2.520417e-14
2 0 5.723437e-04 3.369410e-04 0 0 0 0 3.741765e-13 1.509824e-12
2 1 5.723437e-04 4.391424e-04 0 0 0 0 3.782218e-13 1.332888e-12
2 2 5.723437e-04 5.723437e-04 0 0 0 0 1.161194e-11 1.159664e-12
2 3 5.723437e-04 7.459478e-04 0 0 0 0 3.342863e-13 9.912424e-13
2 4 5.723437e-04 9.722096e-04 0 0 0 0 2.891562e-13 8.319313e-13
2 5 5.723437e-04 1.267102e-03 0 0 0 0 2.512069e-13 6.855584e-13
2 6 5.723437e-04 1.651440e-03 0 0 0 0 2.204963e-13 5.549879e-13
2 7 5.723437e-04 2.152358e-03 0 0 0 0 1.959813e-13 4.428119e-13
2 8 5.723437e-04 2.805213e-03 0 0 0 0 1.763504e-13 3.493274e-13
2 9 5.723437e-04 3.656095e-03 0 0 0 0 1.603125e-13 2.741110e-13
2 10 5.723437e-04 4.765066e-03 0 0 0 0 1.467230e-13 2.153701e-13
2 11 5.723437e-04 6.210412e-03 0 0 0 0 1.346320e-13 1.697361e-13
2 12 5.723437e-04 8.094162e-03 0 0 0 0 1.232898e-13 1.353659e-13
2 13 5.723437e-04 1.054929e-02 0 0 0 0 1.121333e-13 1.077953e-13
2 14 5.723437e-04 1.374912e-02 0 0 0 0 1.007690e-13 8.671310e-14
2 15 5.723437e-04 1.791952e-02 0 0 0 0 8.896371e-14 6.862689e-14
2 16 5.723437e-04 2.335489e-02 0 0 0 0 7.665497e-14 5.404190e-14
2 17 5.723437e-04 3.043893e-02 0 0 0 0 6.397566e-14 4.137512e-14
2 18 5.723437e-04 3.967171e-02 0 0 0 0 5.127375e-14 3.083831e-14
2 19 5.723437e-04 5.170498e-02 0 0 0 0 3.908831e-14 2.219487e-14
3 0 7.459478e-04 3.369410e-04 0 0 0 0 3.257932e-13 1.284573e-12
3 1 7.459478e-04 4.391424e-04 0 0 0 0 3.289951e-13 1.136519e-12
3 2 7.459478e-04 5.723437e-04 0 0 0 0 3.342863e-13 9.912424e-13
3 3 7.459478e-04 7.459478e-04 0 0 0 0 6.948096e-12 8.495787e-13
3 4 7.459478e-04 9.722096e-04 0 0 0 0 2.953222e-13 7.150695e-13
3 5 7.459478e-04 1.267102e-03 0 0 0 0 2.547925e-13 5.908935e-13
3 6 7.459478e-04 1.651440e-03 0 0 0 0 2.223191e-13 4.795144e-13
3 7 7.459478e-04 2.152358e-03 0 0 0 0 1.968385e-13 3.832529e-13
3 8 7.459478e-04 2.805213e-03 0 0 0 0 1.767271e-13 3.026081e-13
3 9 7.459478e-04 3.656095e-03 0 0 0 0 1.604664e-13 2.374083e-13
3 10 7.459478e-04 4.765066e-03 0 0 0 0 1.467804e-13 1.862875e-13
3 11 7.459478e-04 6.210412e-03 0 0 0 0 1.346508e-13 1.465488e-13
3 12 7.459478e-04 8.094162e-03 0 0 0 0 1.232947e-13 1.166025e-13
3 13 7.459478e-04 1.054929e-02 0 0 0 0 1.121343e-13 9.269330e-14
3 14 7.459478e-04 1.374912e-02 0 0 0 0 1.007696e-13 7.447842e-14
3 15 7.459478e-04 1.791952e-02 0 0 0 0 8.896494e-14 5.892874e-14
3 16 7.459478e-04 2.335489e-02 0 0 0 0 7.665695e-14 4.645203e-14
3 17 7.459478e-04 3.043893e-02 0 0 0 0 6.397821e-14 3.562197e-14
3 18 7.459478e-04 3.967171e-02 0 0 0 0 5.127667e-14 2.663070e-14
3 19 7.459478e-04 5.170498e-02 0 0 0 0 3.909142e-14 1.923378e-14
4 0 9.722096e-04 3.369410e-04 0 0 0 0 2.836189e-13 1.073106e-12
4 1 9.722096e-04 4.391424e-04 0 0 0 0 2.856227e-13 9.514953e-13
4 2 9.722096e-04 5.723437e-04 0 0 0 0 2.891562e-13 8.319313e-13
4 3 9.722096e-04 7.459478e-04 0 0 0 0 2.953222e-13 7.150695e-13
4 4 9.722096e-04 9.722096e-04 0 0 0 0 4.190090e-12 6.037704e-13
4 5 9.722096e-04 1.267102e-03 0 0 0 0 2.614156e-13 5.005458e-13
4 6 9.722096e-04 1.651440e-03 0 0 0 0 2.256993e-13 4.073872e-13
4 7 9.722096e-04 2.152358e-03 0 0 0 0 1.983915e-13 3.263267e-13
4 8 9.722096e-04 2.805213e-03 0 0 0 0 1.773934e-13 2.580034e-13
4 9 9.722096e-04 3.656095e-03 0 0 0 0 1.607317e-13 2.024379e-13
4 10 9.722096e-04 4.765066e-03 0 0 0 0 1.468752e-13 1.586692e-13
4 11 9.722096e-04 6.210412e-03 0 0 0 0 1.346780e-13 1.246078e-13
4 12 9.722096e-04 8.094162e-03 0 0 0 0 1.232979e-13 9.889915e-14
4 13 9.722096e-04 1.054929e-02 0 0 0 0 1.121307e-13 7.846773e-14
4 14 9.722096e-04 1.374912e-02 0 0 0 0 1.007652e-13 6.295344e-14
4 15 9.722096e-04 1.791952e-02 0 0 0 0 8.896164e-14 4.978285e-14
4 16 9.722096e-04 2.335489e-02 0 0 0 0 7.665493e-14 3.927287e-14
4 17 9.722096e-04 3.043893e-02 0 0 0 0 6.397710e-14 3.016153e-14
4 18 9.722096e-04 3.967171e-02 0 0 0 0 5.127608e-14 2.261652e-14
4 19 9.722096e-04 5.170498e-02 0 0 0 0 3.909098e-14 1.639211e-14
5 0 1.267102e-03 3.369410e-04 0 0 0 0 2.480911e-13 8.804802e-13
5 1 1.267102e-03 4.391424e-04 0 0 0 0 2.492150e-13 7.822607e-13
5 2 1.267102e-03 5.723437e-04 0 0 0 0 2.512069e-13 6.855584e-13
5 3 1.267102e-03 7.459478e-04 0 0 0 0 2.547925e-13 5.908935e-13
5 4 1.267102e-03 9.722096e-04 0 0 0 0 2.614156e-13 5.005458e-13
5 5 1.267102e-03 1.267102e-03 0 0 0 0 2.555945e-12 4.164483e-13
5 6 1.267102e-03 1.651440e-03 0 0 0 0 2.323299e-13 3.401356e-13
5 7 1.267102e-03 2.152358e-03 0 0 0 0 2.013663e-13 2.732732e-13
5 8 1.267102e-03 2.805213e-03 0 0 0 0 1.786276e-13 2.164865e-13
5 9 1.267102e-03 3.656095e-03 0 0 0 0 1.612119e-13 1.699499e-13
5 10 1.267102e-03 4.765066e-03 0 0 0 0 1.470450e-13 1.331084e-13
5 11 1.267102e-03 6.210412e-03 0 0 0 0 1.347276e-13 1.043823e-13
5 12 1.267102e-03 8.094162e-03 0 0 0 0 1.233054e-13 8.263612e-14
5 13 1.267102e-03 1.054929e-02 0 0 0 0 1.121261e-13 6.543054e-14
5 14 1.267102e-03 1.374912e-02 0 0 0 0 1.007593e-13 5.239492e-14
5 15 1.267102e-03 1.791952e-02 0 0 0 0 8.895753e-14 4.139550e-14
5 16 1.267102e-03 2.335489e-02 0 0 0 0 7.665302e-14 3.266793e-14
5 17 1.267102e-03 3.043893e-02 0 0 0 0 6.397678e-14 2.511863e-14
5 18 1.267102e-03 3.967171e-02 0 0 0 0 5.127664e-14 1.888734e-14
5 19 1.267102e-03 5.170498e-02 0 0 0 0 3.909179e-14 1.373439e-14
6 0 1.651440e-03 3.369410e-04 0 0 0 0 2.188888e-13 7.101694e-13
6 1 1.651440e-03 4.391424e-04 0 0 0 0 2.194702e-13 6.320045e-13
6 2 1.651440e-03 5.723437e-04 0 0 0 0 2.204963e-13 5.549879e-13
6 3 1.651440e-03 7.459478e-04 0 0 0 0 2.223191e-13 4.795144e-13
6 4 1.651440e-03 9.722096e-04 0 0 0 0 2.256993e-13 4.073872e-13
6 5 1.651440e-03 1.267102e-03 0 0 0 0 2.323299e-13 3.401356e-13
6 6 1.651440e-03 1.651440e-03 0 0 0 0 1.585009e-12 2.789442e-13
6 7 1.651440e-03 2.152358e-03 0 0 0 0 2.075883e-13 2.250199e-13
6 8 1.651440e-03 2.805213e-03 0 0 0 0 1.810704e-13 1.787784e-13
6 9 1.651440e-03 3.656095e-03 0 0 0 0 1.621190e-13 1.405102e-13
6 10 1.651440e-03 4.765066e-03 0 0 0 0 1.473568e-13 1.100432e-13
6 11 1.651440e-03 6.210412e-03 0 0 0 0 1.348178e-13 8.619797e-14
6 12 1.651440e-03 8.094162e-03 0 0 0 0 1.233196e-13 6.806908e-14
6 13 1.651440e-03 1.054929e-02 0 0 0 0 1.121191e-13 5.378983e-14
6 14 1.651440e-03 1.374912e-02 0 0 0 0 1.007499e-13 4.297587e-14
6 15 1.651440e-03 1.791952e-02 0 0 0 0 8.895099e-14 3.391037e-14
6 16 1.651440e-03 2.335489e-02 0 0 0 0 7.665012e-14 2.675629e-14
6 17 1.651440e-03 3.043893e-02 0 0 0 0 6.397663e-14 2.058798e-14
6 18 1.651440e-03 3.967171e-02 0 0 0 0 5.127799e-14 1.551638e-14
6 19 1.651440e-03 5.170498e-02 0 0 0 0 3.909356e-14 1.131531e-14
7 0 2.152358e-03 3.369410e-04 0 0 0 0 1.952103e-13 5.652649e-13
7 1 2.152358e-03 4.391424e-04 0 0 0 0 1.954886e-13 5.035803e-13
7 2 2.152358e-03 5.723437e-04 0 0 0 0 1.959813e-13 4.428119e-13
7 3 2.152358e-03 7.459478e-04 0 0 0 0 1.968385e-13 3.832529e-13
7 4 2.152358e-03 9.722096e-04 0 0 0 0 1.983915e-13 3.263267e-13
7 5 2.152358e-03 1.267102e-03 0 0 0 0 2.013663e-13 2.732732e-13
7 6 2.152358e-03 1.651440e-03 0 0 0 0 2.075883e-13 2.250199e-13
7 7 2.152358e-03 2.152358e-03 0 0 0 0 1.005779e-12 1.823676e-13
7 8 2.152358e-03 2.805213e-03 0 0 0 0 1.865600e-13 1.454812e-13
7 9 2.152358e-03 3.656095e-03 0 0 0 0 1.639839e-13 1.146454e-13
7 10 2.152358e-03 4.765066e-03 0 0 0 0 1.479619e-13 8.988933e-14
7 11 2.152358e-03 6.210412e-03 0 0 0 0 1.349882e-13 7.035670e-14
7 12 2.152358e-03 8.094162e-03 0 0 0 0 1.233475e-13 5.543660e-14
7 13 2.152358e-03 1.054929e-02 0 0 0 0 1.121076e-13 4.373241e-14
7 14 2.152358e-03 1.374912e-02 0 0 0 0 1.007336e-13 3.484938e-14
7 15 2.152358e-03 1.791952e-02 0 0 0 0 8.893978e-14 2.745637e-14
7 16 2.152358e-03 2.335489e-02 0 0 0 0 7.664497e-14 2.164579e-14
7 17 2.152358e-03 3.043893e-02 0 0 0 0 6.397616e-14 1.665596e-14
7 18 2.152358e-03 3.967171e-02 0 0 0 0 5.128010e-14 1.257132e-14
7 19 2.152358e-03 5.170498e-02 0 0 0 0 3.909637e-14 9.186108e-15
8 0 2.805213e-03 3.369410e-04 0 0 0 0 1.760034e-13 4.455614e-13
8 1 2.805213e-03 4.391424e-04 0 0 0 0 1.761275e-13 3.970523e-13
8 2 2.805213e-03 5.723437e-04 0 0 0 0 1.763504e-13 3.493274e-13
8 3 2.805213e-03 7.459478e-04 0 0 0 0 1.767271e-13 3.026081e-13
8 4 2.805213e-03 9.722096e-04 0 0 0 0 1.773934e-13 2.580034e-13
8 5 2.805213e-03 1.267102e-03 0 0 0 0 1.786276e-13 2.164865e-13
8 6 2.805213e-03 1.651440e-03 0 0 0 0 1.810704e-13 1.787784e-13
8 7 2.805213e-03 2.152358e-03 0 0 0 0 1.865600e-13 1.454812e-13
8 8 2.805213e-03 2.805213e-03 0 0 0 0 6.581105e-13 1.166599e-13
8 9 2.805213e-03 3.656095e-03 0 0 0 0 1.685389e-13 9.241996e-14
8 10 2.805213e-03 4.765066e-03 0 0 0 0 1.492696e-13 7.268296e-14
8 11 2.805213e-03 6.210412e-03 0 0 0 0 1.353360e-13 5.687152e-14
8 12 2.805213e-03 8.094162e-03 0 0 0 0 1.234070e-13 4.474328e-14
8 13 2.805213e-03 1.054929e-02 0 0 0 0 1.120907e-13 3.524559e-14
8 14 2.805213e-03 1.374912e-02 0 0 0 0 1.007065e-13 2.800417e-14
8 15 2.805213e-03 1.791952e-02 0 0 0 0 8.892066e-14 2.203159e-14
8 16 2.805213e-03 2.335489e-02 0 0 0 0 7.663634e-14 1.734320e-14
8 17 2.805213e-03 3.043893e-02 0 0 0 0 6.397535e-14 1.333463e-14
8 18 2.805213e-03 3.967171e-02 0 0 0 0 5.128373e-14 1.006820e-14
8 19 2.805213e-03 5.170498e-02 0 0 0 0 3.910118e-14 7.363903e-15
9 0 3.656095e-03 3.369410e-04 0 0 0 0 1.601652e-13 3.499700e-13
9 1 3.656095e-03 4.391424e-04 0 0 0 0 1.602163e-13 3.116881e-13
9 2 3.656095e-03 5.723437e-04 0 0 0 0 1.603125e-13 2.741110e-13
9 3 3.656095e-03 7.459478e-04 0 0 0 0 1.604664e-13 2.374083e-13
9 4 3.656095e-03 9.722096e-04 0 0 0 0 1.607317e-13 2.024379e-13
9 5 3.656095e-03 1.267102e-03 0 0 0 0 1.612119e-13 1.699499e-13
9 6 3.656095e-03 1.651440e-03 0 0 0 0 1.621190e-13 1.405102e-13
9 7 3.656095e-03 2.152358e-03 0 0 0 0 1.639839e-13 1.146454e-13
9 8 3.656095e-03 2.805213e-03 0 0 0 0 1.685389e-13 9.241996e-14
9 9 3.656095e-03 3.656095e-03 0 0 0 0 4.474490e-13 7.373456e-14
9 10 3.656095e-03 4.765066e-03 0 0 0 0 1.528097e-13 5.829032e-14
9 11 3.656095e-03 6.210412e-03 0 0 0 0 1.361509e-13 4.568533e-14
9 12 3.656095e-03 8.094162e-03 0 0 0 0 1.235499e-13 3.594774e-14
9 13 3.656095e-03 1.054929e-02 0 0 0 0 1.120696e-13 2.827607e-14
9 14 3.656095e-03 1.374912e-02 0 0 0 0 1.006617e-13 2.239725e-14
9 15 3.656095e-03 1.791952e-02 0 0 0 0 8.888837e-14 1.760147e-14
9 16 3.656095e-03 2.335489e-02 0 0 0 0 7.662153e-14 1.382674e-14
9 17 3.656095e-03 3.043893e-02 0 0 0 0 6.397395e-14 1.061457e-14
9 18 3.656095e-03 3.967171e-02 0 0 0 0 5.128985e-14 8.007431e-15
9 19 3.656095e-03 5.170498e-02 0 0 0 0 3.910937e-14 5.854490e-15
10 0 4.765066e-03 3.369410e-04 0 0 0 0 1.466636e-13 2.757508e-13
10 1 4.765066e-03 4.391424e-04 0 0 0 0 1.466823e-13 2.452370e-13
10 2 4.765066e-03 5.723437e-04 0 0 0 0 1.467230e-13 2.153701e-13
10 3 4.765066e-03 7.459478e-04 0 0 0 0 1.467804e-13 1.862875e-13
10 4 4.765066e-03 9.722096e-04 0 0 0 0 1.468752e-13 1.586692e-13
10 5 4.765066e-03 1.267102e-03 0 0 0 0 1.470450e-13 1.331084e-13
10 6 4.765066e-03 1.651440e-03 0 0 0 0 1.473568e-13 1.100432e-13
10 7 4.765066e-03 2.152358e-03 0 0 0 0 1.479619e-13 8.988933e-14
10 8 4.765066e-03 2.805213e-03 0 0 0 0 1.492696e-13 7.268296e-14
10 9 4.765066e-03 3.656095e-03 0 0 0 0 1.528097e-13 5.829032e-14
10 10 4.765066e-03 4.765066e-03 0 0 0 0 3.178880e-13 4.639106e-14
10 11 4.765066e-03 6.210412e-03 0 0 0 0 1.386994e-13 3.659398e-14
10 12 4.765066e-03 8.094162e-03 0 0 0 0 1.239590e-13 2.888868e-14
10 13 4.765066e-03 1.054929e-02 0 0 0 0 1.120608e-13 2.268513e-14
10 14 4.765066e-03 1.374912e-02 0 0 0 0 1.005896e-13 1.791888e-14
10 15 4.765066e-03 1.791952e-02 0 0 0 0 8.883377e-14 1.406954e-14
10 16 4.765066e-03 2.335489e-02 0 0 0 0 7.659621e-14 1.102111e-14
10 17 4.765066e-03 3.043893e-02 0 0 0 0 6.397144e-14 8.443871e-15
10 18 4.765066e-03 3.967171e-02 0 0 0 0 5.130013e-14 6.356787e-15
10 19 4.765066e-03 5.170498e-02 0 0 0 0 3.912325e-14 4.639236e-15
11 0 6.210412e-03 3.369410e-04 0 0 0 0 1.346081e-13 2.180889e-13
11 1 6.210412e-03 4.391424e-04 0 0 0 0 1.346138e-13 1.936222e-13
11 2 6.210412e-03 5.723437e-04 0 0 0 0 1.346320e-13 1.697361e-13
11 3 6.210412e-03 7.459478e-04 0 0 0 0 1.346508e-13 1.465488e-13
11 4 6.210412e-03 9.722096e-04 0 0 0 0 1.346780e-13 1.246078e-13
11 5 6.210412e-03 1.267102e-03 0 0 0 0 1.347276e-13 1.043823e-13
11 6 6.210412e-03 1.651440e-03 0 0 0 0 1.348178e-13 8.619797e-14
11 7 6.210412e-03 2.152358e-03 0 0 0 0 1.349882e-13 7.035670e-14
11 8 6.210412e-03 2.805213e-03 0 0 0 0 1.353360e-13 5.687152e-14
11 9 6.210412e-03 3.656095e-03 0 0 0 0 1.361509e-13 4.568533e-14
11 10 6.210412e-03 4.765066e-03 0 0 0 0 1.386994e-13 3.659398e-14
11 11 6.210412e-03 6.210412e-03 0 0 0 0 2.363164e-13 2.915924e-14
11 12 6.210412e-03 8.094162e-03 0 0 0 0 1.256143e-13 2.317064e-14
11 13 6.210412e-03 1.054929e-02 0 0 0 0 1.121597e-13 1.819112e-14
11 14 6.210412e-03 1.374912e-02 0 0 0 0 1.004823e-13 1.435307e-14
11 15 6.210412e-03 1.791952e-02 0 0 0 0 8.874222e-14 1.125610e-14
11 16 6.210412e-03 2.335489e-02 0 0 0 0 7.655265e-14 8.786977e-15
11 17 6.210412e-03 3.043893e-02 0 0 0 0 6.396670e-14 6.720471e-15
11 18 6.210412e-03 3.967171e-02 0 0 0 0 5.131740e-14 5.046392e-15
11 19 6.210412e-03 5.170498e-02 0 0 0 0 3.914667e-14 3.672934e-15
12 0 8.094162e-03 3.369410e-04 0 0 0 0 1.232786e-13 1.746242e-13
12 1 8.094162e-03 4.391424e-04 0 0 0 0 1.232795e-13 1.547407e-13
12 2 8.094162e-03 5.723437e-04 0 0 0 0 1.232898e-13 1.353659e-13
12 3 8.094162e-03 7.459478e-04 0 0 0 0 1.232947e-13 1.166025e-13
12 4 8.094162e-03 9.722096e-04 0 0 0 0 1.232979e-13 9.889915e-14
12 5 8.094162e-03 1.267102e-03 0 0 0 0 1.233054e-13 8.263612e-14
12 6 8.094162e-03 1.651440e-03 0 0 0 0 1.233196e-13 6.806908e-14
12 7 8.094162e-03 2.152358e-03 0 0 0 0 1.233475e-13 5.543660e-14
12 8 8.094162e-03 2.805213e-03 0 0 0 0 1.234070e-13 4.474328e-14
12 9 8.094162e-03 3.656095e-03 0 0 0 0 1.235499e-13 3.594774e-14
12 10 8.094162e-03 4.765066e-03 0 0 0 0 1.239590e-13 2.888868e-14
12 11 8.094162e-03 6.210412e-03 0 0 0 0 1.256143e-13 2.317064e-14
12 12 8.094162e-03 8.094162e-03 0 0 0 0 1.830889e-13 1.855557e-14
12 13 8.094162e-03 1.054929e-02 0 0 0 0 1.130681e-13 1.465961e-14
12 14 8.094162e-03 1.374912e-02 0 0 0 0 1.003692e-13 1.160459e-14
12 15 8.094162e-03 1.791952e-02 0 0 0 0 8.859220e-14 9.080836e-15
12 16 8.094162e-03 2.335489e-02 0 0 0 0 7.647731e-14 7.061581e-15
12 17 8.094162e-03 3.043893e-02 0 0 0 0 6.395742e-14 5.394148e-15
12 18 8.094162e-03 3.967171e-02 0 0 0 0 5.134602e-14 4.038462e-15
12 19 8.094162e-03 5.170498e-02 0 0 0 0 3.918619e-14 2.929299e-15
13 0 1.054929e-02 3.369410e-04 0 0 0 0 1.121259e-13 1.394399e-13
13 1 1.054929e-02 4.391424e-04 0 0 0 0 1.121254e-13 1.234065e-13
13 2 1.054929e-02 5.723437e-04 0 0 0 0 1.121333e-13 1.077953e-13
13 3 1.054929e-02 7.459478e-04 0 0 0 0 1.121343e-13 9.269330e-14
13 4 1.054929e-02 9.722096e-04 0 0 0 0 1.121307e-13 7.846773e-14
13 5 1.054929e-02 1.267102e-03 0 0 0 0 1.121261e-13 6.543054e-14
13 6 1.054929e-02 1.651440e-03 0 0 0 0 1.121191e-13 5.378983e-14
13 7 1.054929e-02 2.152358e-03 0 0 0 0 1.121076e-13 4.373241e-14
13 8 1.054929e-02 2.805213e-03 0 0 0 0 1.120907e-13 3.524559e-14
13 9 1.054929e-02 3.656095e-03 0 0 0 0 1.120696e-13 2.827607e-14
13 10 1.054929e-02 4.765066e-03 0 0 0 0 1.120608e-13 2.268513e-14
13 11 1.054929e-02 6.210412e-03 0 0 0 0 1.121597e-13 1.819112e-14
13 12 1.054929e-02 8.094162e-03 0 0 0 0 1.130681e-13 1.465961e-14
13 13 1.054929e-02 1.054929e-02 0 0 0 0 1.465390e-13 1.172477e-14
13 14 1.054929e-02 1.374912e-02 0 0 0 0 1.007063e-13 9.354102e-15
13 15 1.054929e-02 1.791952e-02 0 0 0 0 8.836976e-14 7.305383e-15
13 16 1.054929e-02 2.335489e-02 0 0 0 0 7.634657e-14 5.665394e-15
13 17 1.054929e-02 3.043893e-02 0 0 0 0 6.393801e-14 4.324278e-15
13 18 1.054929e-02 3.967171e-02 0 0 0 0 5.139265e-14 3.228190e-15
13 19 1.054929e-02 5.170498e-02 0 0 0 0 3.925243e-14 2.335391e-15
14 0 1.374912e-02 3.369410e-04 0 0 0 0 1.007620e-13 1.123349e-13
14 1 1.374912e-02 4.391424e-04 0 0 0 0 1.007614e-13 9.935618e-14
14 2 1.374912e-02 5.723437e-04 0 0 0 0 1.007690e-13 8.671310e-14
14 3 1.374912e-02 7.459478e-04 0 0 0 0 1.007696e-13 7.447842e-14
14 4 1.374912e-02 9.722096e-04 0 0 0 0 1.007652e-13 6.295344e-14
14 5 1.374912e-02 1.267102e-03 0 0 0 0 1.007593e-13 5.239492e-14
14 6 1.374912e-02 1.651440e-03 0 0 0 0 1.007499e-13 4.297587e-14
14 7 1.374912e-02 2.152358e-03 0 0 0 0 1.007336e-13 3.484938e-14
14 8 1.374912e-02 2.805213e-03 0 0 0 0 1.007065e-13 2.800417e-14
14 9 1.374912e-02 3.656095e-03 0 0 0 0 1.006617e-13 2.239725e-14
14 10 1.374912e-02 4.765066e-03 0 0 0 0 1.005896e-13 1.791888e-14
14 11 1.374912e-02 6.210412e-03 0 0 0 0 1.004823e-13 1.435307e-14
14 12 1.374912e-02 8.094162e-03 0 0 0 0 1.003692e-13 1.160459e-14
14 13 1.374912e-02 1.054929e-02 0 0 0 0 1.007063e-13 9.354102e-15
14 14 1.374912e-02 1.374912e-02 0 0 0 0 1.197623e-13 7.524113e-15
14 15 1.374912e-02 1.791952e-02 0 0 0 0 8.833221e-14 5.902881e-15
14 16 1.374912e-02 2.335489e-02 0 0 0 0 7.612628e-14 4.589684e-15
14 17 1.374912e-02 3.043893e-02 0 0 0 0 6.389489e-14 3.498304e-15
14 18 1.374912e-02 3.967171e-02 0 0 0 0 5.146594e-14 2.602151e-15
14 19 1.374912e-02 5.170498e-02 0 0 0 0 3.936247e-14 1.880592e-15
15 0 1.791952e-02 3.369410e-04 0 0 0 0 8.895609e-14 8.890230e-14
15 1 1.791952e-02 4.391424e-04 0 0 0 0 8.895576e-14 7.863725e-14
15 2 1.791952e-02 5.723437e-04 0 0 0 0 8.896371e-14 6.862689e-14
15 3 1.791952e-02 7.459478e-04 0 0 0 0 8.896494e-14 5.892874e-14
15 4 1.791952e-02 9.722096e-04 0 0 0 0 8.896164e-14 4.978285e-14
15 5 1.791952e-02 1.267102e-03 0 0 0 0 8.895753e-14 4.139550e-14
15 6 1.791952e-02 1.651440e-03 0 0 0 0 8.895099e-14 3.391037e-14
15 7 1.791952e-02 2.152358e-03 0 0 0 0 8.893978e-14 2.745637e-14
15 8 1.791952e-02 2.805213e-03 0 0 0 0 8.892066e-14 2.203159e-14
15 9 1.791952e-02 3.656095e-03 0 0 0 0 8.888837e-14 1.760147e-14
15 10 1.791952e-02 4.765066e-03 0 0 0 0 8.883377e-14 1.406954e-14
15 11 1.791952e-02 6.210412e-03 0 0 0 0 8.874222e-14 1.125610e-14
15 12 1.791952e-02 8.094162e-03 0 0 0 0 8.859220e-14 9.080836e-15
15 13 1.791952e-02 1.054929e-02 0 0 0 0 8.836976e-14 7.305383e-15
15 14 1.791952e-02 1.374912e-02 0 0 0 0 8.833221e-14 5.902881e-15
15 15 1.791952e-02 1.791952e-02 0 0 0 0 9.873412e-14 4.687403e-15
15 16 1.791952e-02 2.335489e-02 0 0 0 0 7.592898e-14 3.677255e-15
15 17 1.791952e-02 3.043893e-02 0 0 0 0 6.379647e-14 2.797827e-15
15 18 1.791952e-02 3.967171e-02 0 0 0 0 5.157313e-14 2.074095e-15
15 19 1.791952e-02 5.170498e-02 0 0 0 0 3.954212e-14 1.500705e-15
16 0 2.335489e-02 3.369410e-04 0 0 0 0 7.664678e-14 6.984579e-14
16 1 2.335489e-02 4.391424e-04 0 0 0 0 7.664671e-14 6.185442e-14
16 2 2.335489e-02 5.723437e-04 0 0 0 0 7.665497e-14 5.404190e-14
16 3 2.335489e-02 7.459478e-04 0 0 0 0 7.665695e-14 4.645203e-14
16 4 2.335489e-02 9.722096e-04 0 0 0 0 7.665493e-14 3.927287e-14
16 5 2.335489e-02 1.267102e-03 0 0 0 0 7.665302e-14 3.266793e-14
16 6 2.335489e-02 1.651440e-03 0 0 0 0 7.665012e-14 2.675629e-14
16 7 2.335489e-02 2.152358e-03 0 0 0 0 7.664497e-14 2.164579e-14
16 8 2.335489e-02 2.805213e-03 0 0 0 0 7.663634e-14 1.734320e-14
16 9 2.335489e-02 3.656095e-03 0 0 0 0 7.662153e-14 1.382674e-14
16 10 2.335489e-02 4.765066e-03 0 0 0 0 7.659621e-14 1.102111e-14
16 11 2.335489e-02 6.210412e-03 0 0 0 0 7.655265e-14 8.786977e-15
16 12 2.335489e-02 8.094162e-03 0 0 0 0 7.647731e-14 7.061581e-15
16 13 2.335489e-02 1.054929e-02 0 0 0 0 7.634657e-14 5.665394e-15
16 14 2.335489e-02 1.374912e-02 0 0 0 0 7.612628e-14 4.589684e-15
16 15 2.335489e-02 1.791952e-02 0 0 0 0 7.592898e-14 3.677255e-15
16 16 2.335489e-02 2.335489e-02 0 0 0 0 8.120768e-14 2.911965e-15
16 17 2.335489e-02 3.043893e-02 0 0 0 0 6.366436e-14 2.224076e-15
16 18 2.335489e-02 3.967171e-02 0 0 0 0 5.170503e-14 1.653642e-15
16 19 2.335489e-02 5.170498e-02 0 0 0 0 3.982586e-14 1.199377e-15
17 0 3.043893e-02 3.369410e-04 0 0 0 0 6.396710e-14 5.330106e-14
17 1 3.043893e-02 4.391424e-04 0 0 0 0 6.396724e-14 4.727881e-14
17 2 3.043893e-02 5.723437e-04 0 0 0 0 6.397566e-14 4.137512e-14
17 3 3.043893e-02 7.459478e-04 0 0 0 0 6.397821e-14 3.562197e-14
17 4 3.043893e-02 9.722096e-04 0 0 0 0 6.397710e-14 3.016153e-14
17 5 3.043893e-02 1.267102e-03 0 0 0 0 6.397678e-14 2.511863e-14
17 6 3.043893e-02 1.651440e-03 0 0 0 0 6.397663e-14 2.058798e-14
17 7 3.043893e-02 2.152358e-03 0 0 0 0 6.397616e-14 1.665596e-14
17 8 3.043893e-02 2.805213e-03 0 0 0 0 6.397535e-14 1.333463e-14
17 9 3.043893e-02 3.656095e-03 0 0 0 0 6.397395e-14 1.061457e-14
17 10 3.043893e-02 4.765066e-03 0 0 0 0 6.397144e-14 8.443871e-15
17 11 3.043893e-02 6.210412e-03 0 0 0 0 6.396670e-14 6.720471e-15
17 12 3.043893e-02 8.094162e-03 0 0 0 0 6.395742e-14 5.394148e-15
17 13 3.043893e-02 1.054929e-02 0 0 0 0 6.393801e-14 4.324278e-15
17 14 3.043893e-02 1.374912e-02 0 0 0 0 6.389489e-14 3.498304e-15
17 15 3.043893e-02 1.791952e-02 0 0 0 0 6.379647e-14 2.797827e-15
17 16 3.043893e-02 2.335489e-02 0 0 0 0 6.366436e-14 2.224076e-15
17 17 3.043893e-02 3.043893e-02 0 0 0 0 6.604150e-14 1.718724e-15
17 18 3.043893e-02 3.967171e-02 0 0 0 0 5.183961e-14 1.293164e-15
17 19 3.043893e-02 5.170498e-02 0 0 0 0 4.024285e-14 9.400701e-16
18 0 3.967171e-02 3.369410e-04 0 0 0 0 5.126512e-14 3.950385e-14
18 1 3.967171e-02 4.391424e-04 0 0 0 0 5.126538e-14 3.513652e-14
18 2 3.967171e-02 5.723437e-04 0 0 0 0 5.127375e-14 3.083831e-14
18 3 3.967171e-02 7.459478e-04 0 0 0 0 5.127667e-14 2.663070e-14
18 4 3.967171e-02 9.722096e-04 0 0 0 0 5.127608e-14 2.261652e-14
18 5 3.967171e-02 1.267102e-03 0 0 0 0 5.127664e-14 1.888734e-14
18 6 3.967171e-02 1.651440e-03 0 0 0 0 5.127799e-14 1.551638e-14
18 7 3.967171e-02 2.152358e-03 0 0 0 0 5.128010e-14 1.257132e-14
18 8 3.967171e-02 2.805213e-03 0 0 0 0 5.128373e-14 1.006820e-14
18 9 3.967171e-02 3.656095e-03 0 0 0 0 5.128985e-14 8.007431e-15
18 10 3.967171e-02 4.765066e-03 0 0 0 0 5.130013e-14 6.356787e-15
18 11 3.967171e-02 6.210412e-03 0 0 0 0 5.131740e-14 5.046392e-15
18 12 3.967171e-02 8.094162e-03 0 0 0 0 5.134602e-14 4.038462e-15
18 13 3.967171e-02 1.054929e-02 0 0 0 0 5.139265e-14 3.228190e-15
18 14 3.967171e-02 1.374912e-02 0 0 0 0 5.146594e-14 2.602151e-15
18 15 3.967171e-02 1.791952e-02 0 0 0 0 5.157313e-14 2.074095e-15
18 16 3.967171e-02 2.335489e-02 0 0 0 0 5.170503e-14 1.653642e-15
18 17 3.967171e-02 3.043893e-02 0 0 0 0 5.183961e-14 1.293164e-15
18 18 3.967171e-02 3.967171e-02 0 0 0 0 5.272609e-14 9.867491e-16
18 19 3.967171e-02 5.170498e-02 0 0 0 0 4.077525e-14 7.218864e-16
19 0 5.170498e-02 3.369410e-04 0 0 0 0 3.907998e-14 2.824831e-14
19 1 5.170498e-02 4.391424e-04 0 0 0 0 3.908023e-14 2.520417e-14
19 2 5.170498e-02 5.723437e-04 0 0 0 0 3.908831e-14 2.219487e-14
19 3 5.170498e-02 7.459478e-04 0 0 0 0 3.909142e-14 1.923378e-14
19 4 5.170498e-02 9.722096e-04 0 0 0 0 3.909098e-14 1.639211e-14
19 5 5.170498e-02 1.267102e-03 0 0 0 0 3.909179e-14 1.373439e-14
19 6 5.170498e-02 1.651440e-03 0 0 0 0 3.909356e-14 1.131531e-14
19 7 5.170498e-02 2.152358e-03 0 0 0 0 3.909637e-14 9.186108e-15
19 8 5.170498e-02 2.805213e-03 0 0 0 0 3.910118e-14 7.363903e-15
19 9 5.170498e-02 3.656095e-03 0 0 0 0 3.910937e-14 5.854490e-15
19 10 5.170498e-02 4.765066e-03 0 0 0 0 3.912325e-14 4.639236e-15
19 11 5.170498e-02 6.210412e-03 0 0 0 0 3.914667e-14 3.672934e-15
19 12 5.170498e-02 8.094162e-03 0 0 0 0 3.918619e-14 2.929299e-15
19 13 5.170498e-02 1.054929e-02 0 0 0 0 3.925243e-14 2.335391e-15
19 14 5.170498e-02 1.374912e-02 0 0 0 0 3.936247e-14 1.880592e-15
19 15 5.170498e-02 1.791952e-02 0 0 0 0 3.954212e-14 1.500705e-15
19 16 5.170498e-02 2.335489e-02 0 0 0 0 3.982586e-14 1.199377e-15
19 17 5.170498e-02 3.043893e-02 0 0 0 0 4.024285e-14 9.400701e-16
19 18 5.170498e-02 3.967171e-02 0 0 0 0 4.077525e-14 7.218864e-16
19 19 5.170498e-02 5.170498e-02 0 0 0 0 4.106396e-14 5.344551e-16
# Please cite the following papers in research using this covariance:
# arXiv: 1601.05779, https://arxiv.org/abs/1601.05779
# arXiv: 1911.11947, https://arxiv.org/abs/1911.11947
# arXiv: 2004.04833, https://arxiv.org/abs/2004.04833
########################################################
20 20 3.369410e-04 3.369410e-04 0 0 0 0 3.244476e-11 2.277865e-14
20 21 3.369410e-04 4.391424e-04 0 0 0 0 1.065004e-14 2.354107e-14
20 22 3.369410e-04 5.723437e-04 0 0 0 0 3.912675e-15 2.442179e-14
20 23 3.369410e-04 7.459478e-04 0 0 0 0 1.336496e-15 2.494422e-14
20 24 3.369410e-04 9.722096e-04 0 0 0 0 4.433067e-16 2.500418e-14
20 25 3.369410e-04 1.267102e-03 0 0 0 0 1.413602e-16 2.452890e-14
20 26 3.369410e-04 1.651440e-03 0 0 0 0 4.216169e-17 2.339228e-14
20 27 3.369410e-04 2.152358e-03 0 0 0 0 1.278181e-17 2.175439e-14
20 28 3.369410e-04 2.805213e-03 0 0 0 0 3.564821e-18 1.953903e-14
20 29 3.369410e-04 3.656095e-03 0 0 0 0 8.768636e-19 1.709180e-14
20 30 3.369410e-04 4.765066e-03 0 0 0 0 2.238502e-19 1.446523e-14
20 31 3.369410e-04 6.210412e-03 0 0 0 0 9.865141e-20 1.193927e-14
20 32 3.369410e-04 8.094162e-03 0 0 0 0 4.752303e-20 9.678610e-15
20 33 3.369410e-04 1.054929e-02 0 0 0 0 -1.983682e-21 7.695488e-15
20 34 3.369410e-04 1.374912e-02 0 0 0 0 -2.985005e-21 6.163838e-15
20 35 3.369410e-04 1.791952e-02 0 0 0 0 -8.652015e-21 4.902253e-15
20 36 3.369410e-04 2.335489e-02 0 0 0 0 -3.275485e-22 3.990890e-15
20 37 3.369410e-04 3.043893e-02 0 0 0 0 1.930243e-23 3.280948e-15
20 38 3.369410e-04 3.967171e-02 0 0 0 0 -2.180885e-20 2.742936e-15
20 39 3.369410e-04 5.170498e-02 0 0 0 0 -1.113091e-19 2.324040e-15
21 20 4.391424e-04 3.369410e-04 0 0 0 0 1.065004e-14 2.354107e-14
21 21 4.391424e-04 4.391424e-04 0 0 0 0 1.910889e-11 2.436010e-14
21 22 4.391424e-04 5.723437e-04 0 0 0 0 1.095578e-14 2.530523e-14
21 23 4.391424e-04 7.459478e-04 0 0 0 0 3.876156e-15 2.587664e-14
21 24 4.391424e-04 9.722096e-04 0 0 0 0 1.287457e-15 2.597041e-14
21 25 4.391424e-04 1.267102e-03 0 0 0 0 4.079829e-16 2.551028e-14
21 26 4.391424e-04 1.651440e-03 0 0 0 0 1.237079e-16 2.436374e-14
21 27 4.391424e-04 2.152358e-03 0 0 0 0 3.627756e-17 2.269365e-14
21 28 4.391424e-04 2.805213e-03 0 0 0 0 1.026274e-17 2.041678e-14
21 29 4.391424e-04 3.656095e-03 0 0 0 0 2.844135e-18 1.788507e-14
21 30 4.391424e-04 4.765066e-03 0 0 0 0 7.582364e-19 1.515268e-14
21 31 4.391424e-04 6.210412e-03 0 0 0 0 2.192700e-19 1.251493e-14
21 32 4.391424e-04 8.094162e-03 0 0 0 0 1.009328e-19 1.014553e-14
21 33 4.391424e-04 1.054929e-02 0 0 0 0 1.676879e-20 8.063285e-15
21 34 4.391424e-04 1.374912e-02 0 0 0 0 -4.845690e-21 6.453735e-15
21 35 4.391424e-04 1.791952e-02 0 0 0 0 -9.123311e-21 5.126700e-15
21 36 4.391424e-04 2.335489e-02 0 0 0 0 -1.725630e-20 4.169493e-15
21 37 4.391424e-04 3.043893e-02 0 0 0 0 -3.377267e-20 3.423715e-15
21 38 4.391424e-04 3.967171e-02 0 0 0 0 -6.313912e-20 2.860036e-15
21 39 4.391424e-04 5.170498e-02 0 0 0 0 -1.025478e-19 2.421922e-15
22 20 5.723437e-04 3.369410e-04 0 0 0 0 3.912675e-15 2.442179e-14
22 21 5.723437e-04 4.391424e-04 0 0 0 0 1.095578e-14 2.530523e-14
22 22 5.723437e-04 5.723437e-04 0 0 0 0 1.125813e-11 2.632938e-14
22 23 5.723437e-04 7.459478e-04 0 0 0 0 1.104802e-14 2.697113e-14
22 24 5.723437e-04 9.722096e-04 0 0 0 0 3.752328e-15 2.711887e-14
22 25 5.723437e-04 1.267102e-03 0 0 0 0 1.191951e-15 2.668180e-14
22 26 5.723437e-04 1.651440e-03 0 0 0 0 3.615404e-16 2.552576e-14
22 27 5.723437e-04 2.152358e-03 0 0 0 0 1.053759e-16 2.382262e-14
22 28 5.723437e-04 2.805213e-03 0 0 0 0 2.979004e-17 2.147898e-14
22 29 5.723437e-04 3.656095e-03 0 0 0 0 8.254278e-18 1.885190e-14
22 30 5.723437e-04 4.765066e-03 0 0 0 0 2.295104e-18 1.599713e-14
22 31 5.723437e-04 6.210412e-03 0 0 0 0 6.066875e-19 1.322700e-14
22 32 5.723437e-04 8.094162e-03 0 0 0 0 2.215989e-19 1.072587e-14
22 33 5.723437e-04 1.054929e-02 0 0 0 0 6.761508e-20 8.521851e-15
22 34 5.723437e-04 1.374912e-02 0 0 0 0 -5.047345e-21 6.815009e-15
22 35 5.723437e-04 1.791952e-02 0 0 0 0 5.922196e-22 5.405605e-15
22 36 5.723437e-04 2.335489e-02 0 0 0 0 2.955227e-21 4.390574e-15
22 37 5.723437e-04 3.043893e-02 0 0 0 0 9.907423e-21 3.599341e-15
22 38 5.723437e-04 3.967171e-02 0 0 0 0 1.844227e-20 3.003475e-15
22 39 5.723437e-04 5.170498e-02 0 0 0 0 3.381805e-20 2.541352e-15
23 20 7.459478e-04 3.369410e-04 0 0 0 0 1.336496e-15 2.494422e-14
23 21 7.459478e-04 4.391424e-04 0 0 0 0 3.876156e-15 2.587664e-14
23 22 7.459478e-04 5.723437e-04 0 0 0 0 1.104802e-14 2.697113e-14
23 23 7.459478e-04 7.459478e-04 0 0 0 0 6.636322e-12 2.769719e-14
23 24 7.459478e-04 9.722096e-04 0 0 0 0 1.087900e-14 2.792443e-14
23 25 7.459478e-04 1.267102e-03 0 0 0 0 3.516713e-15 2.753274e-14
23 26 7.459478e-04 1.651440e-03 0 0 0 0 1.065030e-15 2.639425e-14
23 27 7.459478e-04 2.152358e-03 0 0 0 0 3.091228e-16 2.469085e-14
23 28 7.459478e-04 2.805213e-03 0 0 0 0 8.698988e-17 2.231914e-14
23 29 7.459478e-04 3.656095e-03 0 0 0 0 2.395286e-17 1.963720e-14
23 30 7.459478e-04 4.765066e-03 0 0 0 0 6.538578e-18 1.670062e-14
23 31 7.459478e-04 6.210412e-03 0 0 0 0 1.808859e-18 1.383197e-14
23 32 7.459478e-04 8.094162e-03 0 0 0 0 5.198386e-19 1.122441e-14
23 33 7.459478e-04 1.054929e-02 0 0 0 0 1.940087e-19 8.917668e-15
23 34 7.459478e-04 1.374912e-02 0 0 0 0 2.748243e-20 7.125175e-15
23 35 7.459478e-04 1.791952e-02 0 0 0 0 1.710093e-21 5.641690e-15
23 36 7.459478e-04 2.335489e-02 0 0 0 0 5.089794e-21 4.574729e-15
23 37 7.459478e-04 3.043893e-02 0 0 0 0 7.856432e-21 3.742140e-15
23 38 7.459478e-04 3.967171e-02 0 0 0 0 2.392742e-21 3.118113e-15
23 39 7.459478e-04 5.170498e-02 0 0 0 0 -2.423298e-21 2.635350e-15
24 20 9.722096e-04 3.369410e-04 0 0 0 0 4.433067e-16 2.500418e-14
24 21 9.722096e-04 4.391424e-04 0 0 0 0 1.287457e-15 2.597041e-14
24 22 9.722096e-04 5.723437e-04 0 0 0 0 3.752328e-15 2.711887e-14
24 23 9.722096e-04 7.459478e-04 0 0 0 0 1.087900e-14 2.792443e-14
24 24 9.722096e-04 9.722096e-04 0 0 0 0 3.915173e-12 2.824549e-14
24 25 9.722096e-04 1.267102e-03 0 0 0 0 1.043197e-14 2.793781e-14
24 26 9.722096e-04 1.651440e-03 0 0 0 0 3.183959e-15 2.687042e-14
24 27 9.722096e-04 2.152358e-03 0 0 0 0 9.173755e-16 2.521043e-14
24 28 9.722096e-04 2.805213e-03 0 0 0 0 2.559197e-16 2.285330e-14
24 29 9.722096e-04 3.656095e-03 0 0 0 0 7.002113e-17 2.016652e-14
24 30 9.722096e-04 4.765066e-03 0 0 0 0 1.906588e-17 1.720177e-14
24 31 9.722096e-04 6.210412e-03 0 0 0 0 5.255093e-18 1.428056e-14
24 32 9.722096e-04 8.094162e-03 0 0 0 0 1.453112e-18 1.160338e-14
24 33 9.722096e-04 1.054929e-02 0 0 0 0 4.637989e-19 9.222272e-15
24 34 9.722096e-04 1.374912e-02 0 0 0 0 1.383633e-19 7.361822e-15
24 35 9.722096e-04 1.791952e-02 0 0 0 0 1.664799e-20 5.817246e-15
24 36 9.722096e-04 2.335489e-02 0 0 0 0 1.660066e-20 4.707235e-15
24 37 9.722096e-04 3.043893e-02 0 0 0 0 1.509502e-20 3.839566e-15
24 38 9.722096e-04 3.967171e-02 0 0 0 0 4.741489e-21 3.193231e-15
24 39 9.722096e-04 5.170498e-02 0 0 0 0 -2.021347e-21 2.694582e-15
25 20 1.267102e-03 3.369410e-04 0 0 0 0 1.413602e-16 2.452890e-14
25 21 1.267102e-03 4.391424e-04 0 0 0 0 4.079829e-16 2.551028e-14
25 22 1.267102e-03 5.723437e-04 0 0 0 0 1.191951e-15 2.668180e-14
25 23 1.267102e-03 7.459478e-04 0 0 0 0 3.516713e-15 2.753274e-14
25 24 1.267102e-03 9.722096e-04 0 0 0 0 1.043197e-14 2.793781e-14
25 25 1.267102e-03 1.267102e-03 0 0 0 0 2.312731e-12 2.775845e-14
25 26 1.267102e-03 1.651440e-03 0 0 0 0 9.712232e-15 2.683483e-14
25 27 1.267102e-03 2.152358e-03 0 0 0 0 2.782968e-15 2.527084e-14
25 28 1.267102e-03 2.805213e-03 0 0 0 0 7.647183e-16 2.297564e-14
25 29 1.267102e-03 3.656095e-03 0 0 0 0 2.066866e-16 2.034063e-14
25 30 1.267102e-03 4.765066e-03 0 0 0 0 5.574290e-17 1.740968e-14
25 31 1.267102e-03 6.210412e-03 0 0 0 0 1.524048e-17 1.449451e-14
25 32 1.267102e-03 8.094162e-03 0 0 0 0 4.329133e-18 1.180091e-14
25 33 1.267102e-03 1.054929e-02 0 0 0 0 1.245569e-18 9.388317e-15
25 34 1.267102e-03 1.374912e-02 0 0 0 0 4.161638e-19 7.488715e-15
25 35 1.267102e-03 1.791952e-02 0 0 0 0 1.021107e-19 5.905305e-15
25 36 1.267102e-03 2.335489e-02 0 0 0 0 4.184424e-20 4.766860e-15
25 37 1.267102e-03 3.043893e-02 0 0 0 0 3.002769e-20 3.874816e-15
25 38 1.267102e-03 3.967171e-02 0 0 0 0 1.190943e-20 3.215131e-15
25 39 1.267102e-03 5.170498e-02 0 0 0 0 -4.622278e-22 2.707513e-15
26 20 1.651440e-03 3.369410e-04 0 0 0 0 4.216169e-17 2.339228e-14
26 21 1.651440e-03 4.391424e-04 0 0 0 0 1.237079e-16 2.436374e-14
26 22 1.651440e-03 5.723437e-04 0 0 0 0 3.615404e-16 2.552576e-14
26 23 1.651440e-03 7.459478e-04 0 0 0 0 1.065030e-15 2.639425e-14
26 24 1.651440e-03 9.722096e-04 0 0 0 0 3.183959e-15 2.687042e-14
26 25 1.651440e-03 1.267102e-03 0 0 0 0 9.712232e-15 2.683483e-14
26 26 1.651440e-03 1.651440e-03 0 0 0 0 1.368687e-12 2.610432e-14
26 27 1.651440e-03 2.152358e-03 0 0 0 0 8.767349e-15 2.471442e-14
26 28 1.651440e-03 2.805213e-03 0 0 0 0 2.353387e-15 2.257832e-14
26 29 1.651440e-03 3.656095e-03 0 0 0 0 6.210400e-16 2.007396e-14
26 30 1.651440e-03 4.765066e-03 0 0 0 0 1.647494e-16 1.724177e-14
26 31 1.651440e-03 6.210412e-03 0 0 0 0 4.457269e-17 1.440196e-14
26 32 1.651440e-03 8.094162e-03 0 0 0 0 1.249337e-17 1.175978e-14
26 33 1.651440e-03 1.054929e-02 0 0 0 0 3.709007e-18 9.370190e-15
26 34 1.651440e-03 1.374912e-02 0 0 0 0 1.162107e-18 7.470770e-15
26 35 1.651440e-03 1.791952e-02 0 0 0 0 3.831198e-19 5.879112e-15
26 36 1.651440e-03 2.335489e-02 0 0 0 0 1.094826e-19 4.731901e-15
26 37 1.651440e-03 3.043893e-02 0 0 0 0 6.279430e-20 3.830139e-15
26 38 1.651440e-03 3.967171e-02 0 0 0 0 2.858948e-20 3.168896e-15
26 39 1.651440e-03 5.170498e-02 0 0 0 0 3.773492e-21 2.661322e-15
27 20 2.152358e-03 3.369410e-04 0 0 0 0 1.278181e-17 2.175439e-14
27 21 2.152358e-03 4.391424e-04 0 0 0 0 3.627756e-17 2.269365e-14
27 22 2.152358e-03 5.723437e-04 0 0 0 0 1.053759e-16 2.382262e-14
27 23 2.152358e-03 7.459478e-04 0 0 0 0 3.091228e-16 2.469085e-14
27 24 2.152358e-03 9.722096e-04 0 0 0 0 9.173755e-16 2.521043e-14
27 25 2.152358e-03 1.267102e-03 0 0 0 0 2.782968e-15 2.527084e-14
27 26 2.152358e-03 1.651440e-03 0 0 0 0 8.767349e-15 2.471442e-14
27 27 2.152358e-03 2.152358e-03 0 0 0 0 8.121068e-13 2.357291e-14
27 28 2.152358e-03 2.805213e-03 0 0 0 0 7.677676e-15 2.172213e-14
27 29 2.152358e-03 3.656095e-03 0 0 0 0 1.935287e-15 1.942571e-14
27 30 2.152358e-03 4.765066e-03 0 0 0 0 4.966925e-16 1.673376e-14
27 31 2.152358e-03 6.210412e-03 0 0 0 0 1.316768e-16 1.402344e-14
27 32 2.152358e-03 8.094162e-03 0 0 0 0 3.649843e-17 1.149020e-14
27 33 2.152358e-03 1.054929e-02 0 0 0 0 1.071071e-17 9.171886e-15
27 34 2.152358e-03 1.374912e-02 0 0 0 0 3.346279e-18 7.313512e-15
27 35 2.152358e-03 1.791952e-02 0 0 0 0 1.144084e-18 5.745723e-15
27 36 2.152358e-03 2.335489e-02 0 0 0 0 3.788641e-19 4.610062e-15
27 37 2.152358e-03 3.043893e-02 0 0 0 0 1.447152e-19 3.714154e-15
27 38 2.152358e-03 3.967171e-02 0 0 0 0 6.785878e-20 3.062667e-15
27 39 2.152358e-03 5.170498e-02 0 0 0 0 1.891341e-20 2.563491e-15
28 20 2.805213e-03 3.369410e-04 0 0 0 0 3.564821e-18 1.953903e-14
28 21 2.805213e-03 4.391424e-04 0 0 0 0 1.026274e-17 2.041678e-14
28 22 2.805213e-03 5.723437e-04 0 0 0 0 2.979004e-17 2.147898e-14
28 23 2.805213e-03 7.459478e-04 0 0 0 0 8.698988e-17 2.231914e-14
28 24 2.805213e-03 9.722096e-04 0 0 0 0 2.559197e-16 2.285330e-14
28 25 2.805213e-03 1.267102e-03 0 0 0 0 7.647183e-16 2.297564e-14
28 26 2.805213e-03 1.651440e-03 0 0 0 0 2.353387e-15 2.257832e-14
28 27 2.805213e-03 2.152358e-03 0 0 0 0 7.677676e-15 2.172213e-14
28 28 2.805213e-03 2.805213e-03 0 0 0 0 4.835629e-13 2.024055e-14
28 29 2.805213e-03 3.656095e-03 0 0 0 0 6.539505e-15 1.824952e-14
28 30 2.805213e-03 4.765066e-03 0 0 0 0 1.561198e-15 1.580024e-14
28 31 2.805213e-03 6.210412e-03 0 0 0 0 3.969655e-16 1.330261e-14
28 32 2.805213e-03 8.094162e-03 0 0 0 0 1.075360e-16 1.093564e-14
28 33 2.805213e-03 1.054929e-02 0 0 0 0 3.119538e-17 8.745025e-15
28 34 2.805213e-03 1.374912e-02 0 0 0 0 9.715284e-18 6.979272e-15
28 35 2.805213e-03 1.791952e-02 0 0 0 0 3.212139e-18 5.475226e-15
28 36 2.805213e-03 2.335489e-02 0 0 0 0 1.155622e-18 4.378950e-15
28 37 2.805213e-03 3.043893e-02 0 0 0 0 4.069943e-19 3.510018e-15
28 38 2.805213e-03 3.967171e-02 0 0 0 0 1.727709e-19 2.882615e-15
28 39 2.805213e-03 5.170498e-02 0 0 0 0 6.304661e-20 2.402390e-15
29 20 3.656095e-03 3.369410e-04 0 0 0 0 8.768636e-19 1.709180e-14
29 21 3.656095e-03 4.391424e-04 0 0 0 0 2.844135e-18 1.788507e-14
29 22 3.656095e-03 5.723437e-04 0 0 0 0 8.254278e-18 1.885190e-14
29 23 3.656095e-03 7.459478e-04 0 0 0 0 2.395286e-17 1.963720e-14
29 24 3.656095e-03 9.722096e-04 0 0 0 0 7.002113e-17 2.016652e-14
29 25 3.656095e-03 1.267102e-03 0 0 0 0 2.066866e-16 2.034063e-14
29 26 3.656095e-03 1.651440e-03 0 0 0 0 6.210400e-16 2.007396e-14
29 27 3.656095e-03 2.152358e-03 0 0 0 0 1.935287e-15 1.942571e-14
29 28 3.656095e-03 2.805213e-03 0 0 0 0 6.539505e-15 1.824952e-14
29 29 3.656095e-03 3.656095e-03 0 0 0 0 2.892735e-13 1.662717e-14
29 30 3.656095e-03 4.765066e-03 0 0 0 0 5.444765e-15 1.456869e-14
29 31 3.656095e-03 6.210412e-03 0 0 0 0 1.251203e-15 1.236623e-14
29 32 3.656095e-03 8.094162e-03 0 0 0 0 3.228749e-16 1.018247e-14
29 33 3.656095e-03 1.054929e-02 0 0 0 0 9.147049e-17 8.152856e-15
29 34 3.656095e-03 1.374912e-02 0 0 0 0 2.817811e-17 6.516253e-15
29 35 3.656095e-03 1.791952e-02 0 0 0 0 9.338743e-18 5.103926e-15
29 36 3.656095e-03 2.335489e-02 0 0 0 0 3.265619e-18 4.071876e-15
29 37 3.656095e-03 3.043893e-02 0 0 0 0 1.200259e-18 3.248450e-15
29 38 3.656095e-03 3.967171e-02 0 0 0 0 4.537635e-19 2.655660e-15
29 39 3.656095e-03 5.170498e-02 0 0 0 0 1.833698e-19 2.201950e-15
30 20 4.765066e-03 3.369410e-04 0 0 0 0 2.238502e-19 1.446523e-14
30 21 4.765066e-03 4.391424e-04 0 0 0 0 7.582364e-19 1.515268e-14
30 22 4.765066e-03 5.723437e-04 0 0 0 0 2.295104e-18 1.599713e-14
30 23 4.765066e-03 7.459478e-04 0 0 0 0 6.538578e-18 1.670062e-14
30 24 4.765066e-03 9.722096e-04 0 0 0 0 1.906588e-17 1.720177e-14
30 25 4.765066e-03 1.267102e-03 0 0 0 0 5.574290e-17 1.740968e-14
30 26 4.765066e-03 1.651440e-03 0 0 0 0 1.647494e-16 1.724177e-14
30 27 4.765066e-03 2.152358e-03 0 0 0 0 4.966925e-16 1.673376e-14
30 28 4.765066e-03 2.805213e-03 0 0 0 0 1.561198e-15 1.580024e-14
30 29 4.765066e-03 3.656095e-03 0 0 0 0 5.444765e-15 1.456869e-14
30 30 4.765066e-03 4.765066e-03 0 0 0 0 1.740911e-13 1.299219e-14
30 31 4.765066e-03 6.210412e-03 0 0 0 0 4.465790e-15 1.116193e-14
30 32 4.765066e-03 8.094162e-03 0 0 0 0 1.012701e-15 9.215748e-15
30 33 4.765066e-03 1.054929e-02 0 0 0 0 2.724494e-16 7.396715e-15
30 34 4.765066e-03 1.374912e-02 0 0 0 0 8.215393e-17 5.919415e-15
30 35 4.765066e-03 1.791952e-02 0 0 0 0 2.698396e-17 4.626931e-15
30 36 4.765066e-03 2.335489e-02 0 0 0 0 9.448879e-18 3.685895e-15
30 37 4.765066e-03 3.043893e-02 0 0 0 0 3.463454e-18 2.927603e-15
30 38 4.765066e-03 3.967171e-02 0 0 0 0 1.288750e-18 2.381425e-15
30 39 4.765066e-03 5.170498e-02 0 0 0 0 5.017216e-19 1.962810e-15
31 20 6.210412e-03 3.369410e-04 0 0 0 0 9.865141e-20 1.193927e-14
31 21 6.210412e-03 4.391424e-04 0 0 0 0 2.192700e-19 1.251493e-14
31 22 6.210412e-03 5.723437e-04 0 0 0 0 6.066875e-19 1.322700e-14
31 23 6.210412e-03 7.459478e-04 0 0 0 0 1.808859e-18 1.383197e-14
31 24 6.210412e-03 9.722096e-04 0 0 0 0 5.255093e-18 1.428056e-14
31 25 6.210412e-03 1.267102e-03 0 0 0 0 1.524048e-17 1.449451e-14
31 26 6.210412e-03 1.651440e-03 0 0 0 0 4.457269e-17 1.440196e-14
31 27 6.210412e-03 2.152358e-03 0 0 0 0 1.316768e-16 1.402344e-14
31 28 6.210412e-03 2.805213e-03 0 0 0 0 3.969655e-16 1.330261e-14
31 29 6.210412e-03 3.656095e-03 0 0 0 0 1.251203e-15 1.236623e-14
31 30 6.210412e-03 4.765066e-03 0 0 0 0 4.465790e-15 1.116193e-14
31 31 6.210412e-03 6.210412e-03 0 0 0 0 1.055929e-13 9.713477e-15
31 32 6.210412e-03 8.094162e-03 0 0 0 0 3.647610e-15 8.115985e-15
31 33 6.210412e-03 1.054929e-02 0 0 0 0 8.434123e-16 6.569147e-15
31 34 6.210412e-03 1.374912e-02 0 0 0 0 2.421474e-16 5.252315e-15
31 35 6.210412e-03 1.791952e-02 0 0 0 0 7.822219e-17 4.094242e-15
31 36 6.210412e-03 2.335489e-02 0 0 0 0 2.724002e-17 3.259228e-15
31 37 6.210412e-03 3.043893e-02 0 0 0 0 9.961585e-18 2.576758e-15
31 38 6.210412e-03 3.967171e-02 0 0 0 0 3.758692e-18 2.086302e-15
31 39 6.210412e-03 5.170498e-02 0 0 0 0 1.415456e-18 1.709213e-15
32 20 8.094162e-03 3.369410e-04 0 0 0 0 4.752303e-20 9.678610e-15
32 21 8.094162e-03 4.391424e-04 0 0 0 0 1.009328e-19 1.014553e-14
32 22 8.094162e-03 5.723437e-04 0 0 0 0 2.215989e-19 1.072587e-14
32 23 8.094162e-03 7.459478e-04 0 0 0 0 5.198386e-19 1.122441e-14
32 24 8.094162e-03 9.722096e-04 0 0 0 0 1.453112e-18 1.160338e-14
32 25 8.094162e-03 1.267102e-03 0 0 0 0 4.329133e-18 1.180091e-14
32 26 8.094162e-03 1.651440e-03 0 0 0 0 1.249337e-17 1.175978e-14
32 27 8.094162e-03 2.152358e-03 0 0 0 0 3.649843e-17 1.149020e-14
32 28 8.094162e-03 2.805213e-03 0 0 0 0 1.075360e-16 1.093564e-14
32 29 8.094162e-03 3.656095e-03 0 0 0 0 3.228749e-16 1.018247e-14
32 30 8.094162e-03 4.765066e-03 0 0 0 0 1.012701e-15 9.215748e-15
32 31 8.094162e-03 6.210412e-03 0 0 0 0 3.647610e-15 8.115985e-15
32 32 8.094162e-03 8.094162e-03 0 0 0 0 6.471327e-14 6.932166e-15
32 33 8.094162e-03 1.054929e-02 0 0 0 0 3.008327e-15 5.699661e-15
32 34 8.094162e-03 1.374912e-02 0 0 0 0 7.351766e-16 4.551806e-15
32 35 8.094162e-03 1.791952e-02 0 0 0 0 2.280610e-16 3.543078e-15
32 36 8.094162e-03 2.335489e-02 0 0 0 0 7.857188e-17 2.819104e-15
32 37 8.094162e-03 3.043893e-02 0 0 0 0 2.867296e-17 2.217289e-15
32 38 8.094162e-03 3.967171e-02 0 0 0 0 1.078745e-17 1.788753e-15
32 39 8.094162e-03 5.170498e-02 0 0 0 0 4.112831e-18 1.457359e-15
33 20 1.054929e-02 3.369410e-04 0 0 0 0 -1.983682e-21 7.695488e-15
33 21 1.054929e-02 4.391424e-04 0 0 0 0 1.676879e-20 8.063285e-15
33 22 1.054929e-02 5.723437e-04 0 0 0 0 6.761508e-20 8.521851e-15
33 23 1.054929e-02 7.459478e-04 0 0 0 0 1.940087e-19 8.917668e-15
33 24 1.054929e-02 9.722096e-04 0 0 0 0 4.637989e-19 9.222272e-15
33 25 1.054929e-02 1.267102e-03 0 0 0 0 1.245569e-18 9.388317e-15
33 26 1.054929e-02 1.651440e-03 0 0 0 0 3.709007e-18 9.370190e-15
33 27 1.054929e-02 2.152358e-03 0 0 0 0 1.071071e-17 9.171886e-15
33 28 1.054929e-02 2.805213e-03 0 0 0 0 3.119538e-17 8.745025e-15
33 29 1.054929e-02 3.656095e-03 0 0 0 0 9.147049e-17 8.152856e-15
33 30 1.054929e-02 4.765066e-03 0 0 0 0 2.724494e-16 7.396715e-15
33 31 1.054929e-02 6.210412e-03 0 0 0 0 8.434123e-16 6.569147e-15
33 32 1.054929e-02 8.094162e-03 0 0 0 0 3.008327e-15 5.699661e-15
33 33 1.054929e-02 1.054929e-02 0 0 0 0 4.023164e-14 4.757935e-15
33 34 1.054929e-02 1.374912e-02 0 0 0 0 2.544723e-15 3.834692e-15
33 35 1.054929e-02 1.791952e-02 0 0 0 0 6.774882e-16 3.005645e-15
33 36 1.054929e-02 2.335489e-02 0 0 0 0 2.269117e-16 2.385537e-15
33 37 1.054929e-02 3.043893e-02 0 0 0 0 8.237585e-17 1.864465e-15
33 38 1.054929e-02 3.967171e-02 0 0 0 0 3.100643e-17 1.499841e-15
33 39 1.054929e-02 5.170498e-02 0 0 0 0 1.182556e-17 1.215270e-15
34 20 1.374912e-02 3.369410e-04 0 0 0 0 -2.985005e-21 6.163838e-15
34 21 1.374912e-02 4.391424e-04 0 0 0 0 -4.845690e-21 6.453735e-15
34 22 1.374912e-02 5.723437e-04 0 0 0 0 -5.047345e-21 6.815009e-15
34 23 1.374912e-02 7.459478e-04 0 0 0 0 2.748243e-20 7.125175e-15
34 24 1.374912e-02 9.722096e-04 0 0 0 0 1.383633e-19 7.361822e-15
34 25 1.374912e-02 1.267102e-03 0 0 0 0 4.161638e-19 7.488715e-15
34 26 1.374912e-02 1.651440e-03 0 0 0 0 1.162107e-18 7.470770e-15
34 27 1.374912e-02 2.152358e-03 0 0 0 0 3.346279e-18 7.313512e-15
34 28 1.374912e-02 2.805213e-03 0 0 0 0 9.715284e-18 6.979272e-15
34 29 1.374912e-02 3.656095e-03 0 0 0 0 2.817811e-17 6.516253e-15
34 30 1.374912e-02 4.765066e-03 0 0 0 0 8.215393e-17 5.919415e-15
34 31 1.374912e-02 6.210412e-03 0 0 0 0 2.421474e-16 5.252315e-15
34 32 1.374912e-02 8.094162e-03 0 0 0 0 7.351766e-16 4.551806e-15
34 33 1.374912e-02 1.054929e-02 0 0 0 0 2.544723e-15 3.834692e-15
34 34 1.374912e-02 1.374912e-02 0 0 0 0 2.553316e-14 3.166046e-15
34 35 1.374912e-02 1.791952e-02 0 0 0 0 2.240114e-15 2.529998e-15
34 36 1.374912e-02 2.335489e-02 0 0 0 0 6.605888e-16 1.999965e-15
34 37 1.374912e-02 3.043893e-02 0 0 0 0 2.361125e-16 1.554458e-15
34 38 1.374912e-02 3.967171e-02 0 0 0 0 8.884351e-17 1.248345e-15
34 39 1.374912e-02 5.170498e-02 0 0 0 0 3.398004e-17 1.006384e-15
35 20 1.791952e-02 3.369410e-04 0 0 0 0 -8.652015e-21 4.902253e-15
35 21 1.791952e-02 4.391424e-04 0 0 0 0 -9.123311e-21 5.126700e-15
35 22 1.791952e-02 5.723437e-04 0 0 0 0 5.922196e-22 5.405605e-15
35 23 1.791952e-02 7.459478e-04 0 0 0 0 1.710093e-21 5.641690e-15
35 24 1.791952e-02 9.722096e-04 0 0 0 0 1.664799e-20 5.817246e-15
35 25 1.791952e-02 1.267102e-03 0 0 0 0 1.021107e-19 5.905305e-15
35 26 1.791952e-02 1.651440e-03 0 0 0 0 3.831198e-19 5.879112e-15
35 27 1.791952e-02 2.152358e-03 0 0 0 0 1.144084e-18 5.745723e-15
35 28 1.791952e-02 2.805213e-03 0 0 0 0 3.212139e-18 5.475226e-15
35 29 1.791952e-02 3.656095e-03 0 0 0 0 9.338743e-18 5.103926e-15
35 30 1.791952e-02 4.765066e-03 0 0 0 0 2.698396e-17 4.626931e-15
35 31 1.791952e-02 6.210412e-03 0 0 0 0 7.822219e-17 4.094242e-15
35 32 1.791952e-02 8.094162e-03 0 0 0 0 2.280610e-16 3.543078e-15
35 33 1.791952e-02 1.054929e-02 0 0 0 0 6.774882e-16 3.005645e-15
35 34 1.791952e-02 1.374912e-02 0 0 0 0 2.240114e-15 2.529998e-15
35 35 1.791952e-02 1.791952e-02 0 0 0 0 1.670791e-14 2.060034e-15
35 36 1.791952e-02 2.335489e-02 0 0 0 0 2.072352e-15 1.636775e-15
35 37 1.791952e-02 3.043893e-02 0 0 0 0 6.762127e-16 1.276694e-15
35 38 1.791952e-02 3.967171e-02 0 0 0 0 2.533800e-16 1.022984e-15
35 39 1.791952e-02 5.170498e-02 0 0 0 0 9.727839e-17 8.193055e-16
36 20 2.335489e-02 3.369410e-04 0 0 0 0 -3.275485e-22 3.990890e-15
36 21 2.335489e-02 4.391424e-04 0 0 0 0 -1.725630e-20 4.169493e-15
36 22 2.335489e-02 5.723437e-04 0 0 0 0 2.955227e-21 4.390574e-15
36 23 2.335489e-02 7.459478e-04 0 0 0 0 5.089794e-21 4.574729e-15
36 24 2.335489e-02 9.722096e-04 0 0 0 0 1.660066e-20 4.707235e-15
36 25 2.335489e-02 1.267102e-03 0 0 0 0 4.184424e-20 4.766860e-15
36 26 2.335489e-02 1.651440e-03 0 0 0 0 1.094826e-19 4.731901e-15
36 27 2.335489e-02 2.152358e-03 0 0 0 0 3.788641e-19 4.610062e-15
36 28 2.335489e-02 2.805213e-03 0 0 0 0 1.155622e-18 4.378950e-15
36 29 2.335489e-02 3.656095e-03 0 0 0 0 3.265619e-18 4.071876e-15
36 30 2.335489e-02 4.765066e-03 0 0 0 0 9.448879e-18 3.685895e-15
36 31 2.335489e-02 6.210412e-03 0 0 0 0 2.724002e-17 3.259228e-15
36 32 2.335489e-02 8.094162e-03 0 0 0 0 7.857188e-17 2.819104e-15
36 33 2.335489e-02 1.054929e-02 0 0 0 0 2.269117e-16 2.385537e-15
36 34 2.335489e-02 1.374912e-02 0 0 0 0 6.605888e-16 1.999965e-15
36 35 2.335489e-02 1.791952e-02 0 0 0 0 2.072352e-15 1.636775e-15
36 36 2.335489e-02 2.335489e-02 0 0 0 0 1.143653e-14 1.329235e-15
36 37 2.335489e-02 3.043893e-02 0 0 0 0 2.018372e-15 1.058245e-15
36 38 2.335489e-02 3.967171e-02 0 0 0 0 7.174029e-16 8.453874e-16
36 39 2.335489e-02 5.170498e-02 0 0 0 0 2.767172e-16 6.721835e-16
37 20 3.043893e-02 3.369410e-04 0 0 0 0 1.930243e-23 3.280948e-15
37 21 3.043893e-02 4.391424e-04 0 0 0 0 -3.377267e-20 3.423715e-15
37 22 3.043893e-02 5.723437e-04 0 0 0 0 9.907423e-21 3.599341e-15
37 23 3.043893e-02 7.459478e-04 0 0 0 0 7.856432e-21 3.742140e-15
37 24 3.043893e-02 9.722096e-04 0 0 0 0 1.509502e-20 3.839566e-15
37 25 3.043893e-02 1.267102e-03 0 0 0 0 3.002769e-20 3.874816e-15
37 26 3.043893e-02 1.651440e-03 0 0 0 0 6.279430e-20 3.830139e-15
37 27 3.043893e-02 2.152358e-03 0 0 0 0 1.447152e-19 3.714154e-15
37 28 3.043893e-02 2.805213e-03 0 0 0 0 4.069943e-19 3.510018e-15
37 29 3.043893e-02 3.656095e-03 0 0 0 0 1.200259e-18 3.248450e-15
37 30 3.043893e-02 4.765066e-03 0 0 0 0 3.463454e-18 2.927603e-15
37 31 3.043893e-02 6.210412e-03 0 0 0 0 9.961585e-18 2.576758e-15
37 32 3.043893e-02 8.094162e-03 0 0 0 0 2.867296e-17 2.217289e-15
37 33 3.043893e-02 1.054929e-02 0 0 0 0 8.237585e-17 1.864465e-15
37 34 3.043893e-02 1.374912e-02 0 0 0 0 2.361125e-16 1.554458e-15
37 35 3.043893e-02 1.791952e-02 0 0 0 0 6.762127e-16 1.276694e-15
37 36 3.043893e-02 2.335489e-02 0 0 0 0 2.018372e-15 1.058245e-15
37 37 3.043893e-02 3.043893e-02 0 0 0 0 8.336327e-15 8.613365e-16
37 38 3.043893e-02 3.967171e-02 0 0 0 0 2.056620e-15 6.906545e-16
37 39 3.043893e-02 5.170498e-02 0 0 0 0 7.779020e-16 5.496255e-16
38 20 3.967171e-02 3.369410e-04 0 0 0 0 -2.180885e-20 2.742936e-15
38 21 3.967171e-02 4.391424e-04 0 0 0 0 -6.313912e-20 2.860036e-15
38 22 3.967171e-02 5.723437e-04 0 0 0 0 1.844227e-20 3.003475e-15
38 23 3.967171e-02 7.459478e-04 0 0 0 0 2.392742e-21 3.118113e-15
38 24 3.967171e-02 9.722096e-04 0 0 0 0 4.741489e-21 3.193231e-15
38 25 3.967171e-02 1.267102e-03 0 0 0 0 1.190943e-20 3.215131e-15
38 26 3.967171e-02 1.651440e-03 0 0 0 0 2.858948e-20 3.168896e-15
38 27 3.967171e-02 2.152358e-03 0 0 0 0 6.785878e-20 3.062667e-15
38 28 3.967171e-02 2.805213e-03 0 0 0 0 1.727709e-19 2.882615e-15
38 29 3.967171e-02 3.656095e-03 0 0 0 0 4.537635e-19 2.655660e-15
38 30 3.967171e-02 4.765066e-03 0 0 0 0 1.288750e-18 2.381425e-15
38 31 3.967171e-02 6.210412e-03 0 0 0 0 3.758692e-18 2.086302e-15
38 32 3.967171e-02 8.094162e-03 0 0 0 0 1.078745e-17 1.788753e-15
38 33 3.967171e-02 1.054929e-02 0 0 0 0 3.100643e-17 1.499841e-15
38 34 3.967171e-02 1.374912e-02 0 0 0 0 8.884351e-17 1.248345e-15
38 35 3.967171e-02 1.791952e-02 0 0 0 0 2.533800e-16 1.022984e-15
38 36 3.967171e-02 2.335489e-02 0 0 0 0 7.174029e-16 8.453874e-16
38 37 3.967171e-02 3.043893e-02 0 0 0 0 2.056620e-15 6.906545e-16
38 38 3.967171e-02 3.967171e-02 0 0 0 0 6.577357e-15 5.632839e-16
38 39 3.967171e-02 5.170498e-02 0 0 0 0 2.165453e-15 4.567860e-16
39 20 5.170498e-02 3.369410e-04 0 0 0 0 -1.113091e-19 2.324040e-15
39 21 5.170498e-02 4.391424e-04 0 0 0 0 -1.025478e-19 2.421922e-15
39 22 5.170498e-02 5.723437e-04 0 0 0 0 3.381805e-20 2.541352e-15
39 23 5.170498e-02 7.459478e-04 0 0 0 0 -2.423298e-21 2.635350e-15
39 24 5.170498e-02 9.722096e-04 0 0 0 0 -2.021347e-21 2.694582e-15
39 25 5.170498e-02 1.267102e-03 0 0 0 0 -4.622278e-22 2.707513e-15
39 26 5.170498e-02 1.651440e-03 0 0 0 0 3.773492e-21 2.661322e-15
39 27 5.170498e-02 2.152358e-03 0 0 0 0 1.891341e-20 2.563491e-15
39 28 5.170498e-02 2.805213e-03 0 0 0 0 6.304661e-20 2.402390e-15
39 29 5.170498e-02 3.656095e-03 0 0 0 0 1.833698e-19 2.201950e-15
39 30 5.170498e-02 4.765066e-03 0 0 0 0 5.017216e-19 1.962810e-15
39 31 5.170498e-02 6.210412e-03 0 0 0 0 1.415456e-18 1.709213e-15
39 32 5.170498e-02 8.094162e-03 0 0 0 0 4.112831e-18 1.457359e-15
39 33 5.170498e-02 1.054929e-02 0 0 0 0 1.182556e-17 1.215270e-15
39 34 5.170498e-02 1.374912e-02 0 0 0 0 3.398004e-17 1.006384e-15
39 35 5.170498e-02 1.791952e-02 0 0 0 0 9.727839e-17 8.193055e-16
39 36 5.170498e-02 2.335489e-02 0 0 0 0 2.767172e-16 6.721835e-16
39 37 5.170498e-02 3.043893e-02 0 0 0 0 7.779020e-16 5.496255e-16
39 38 5.170498e-02 3.967171e-02 0 0 0 0 2.165453e-15 4.567860e-16
39 39 5.170498e-02 5.170498e-02 0 0 0 0 5.645502e-15 3.790859e-16
# Please cite the following papers in research using this covariance:
# arXiv: 1601.05779, https://arxiv.org/abs/1601.05779
# arXiv: 1911.11947, https://arxiv.org/abs/1911.11947
# arXiv: 2004.04833, https://arxiv.org/abs/2004.04833
########################################################
0 20 3.369410e-04 3.369410e-04 0 0 0 0 -6.208159e-15 1.898131e-13
0 21 3.369410e-04 4.391424e-04 0 0 0 0 -1.427569e-14 1.982697e-13
0 22 3.369410e-04 5.723437e-04 0 0 0 0 -1.593620e-15 2.085832e-13
0 23 3.369410e-04 7.459478e-04 0 0 0 0 1.634045e-14 2.168600e-13
0 24 3.369410e-04 9.722096e-04 0 0 0 0 2.993119e-14 2.222716e-13
0 25 3.369410e-04 1.267102e-03 0 0 0 0 3.747564e-14 2.237105e-13
0 26 3.369410e-04 1.651440e-03 0 0 0 0 3.991795e-14 2.200242e-13
0 27 3.369410e-04 2.152358e-03 0 0 0 0 3.877448e-14 2.116901e-13
0 28 3.369410e-04 2.805213e-03 0 0 0 0 3.546026e-14 1.976127e-13
0 29 3.369410e-04 3.656095e-03 0 0 0 0 3.110981e-14 1.797766e-13
0 30 3.369410e-04 4.765066e-03 0 0 0 0 2.654386e-14 1.582492e-13
0 31 3.369410e-04 6.210412e-03 0 0 0 0 2.229810e-14 1.354445e-13
0 32 3.369410e-04 8.094162e-03 0 0 0 0 1.867669e-14 1.129046e-13
0 33 3.369410e-04 1.054929e-02 0 0 0 0 1.581055e-14 9.160552e-14
0 34 3.369410e-04 1.374912e-02 0 0 0 0 1.371331e-14 7.380215e-14
0 35 3.369410e-04 1.791952e-02 0 0 0 0 1.232996e-14 5.829640e-14
0 36 3.369410e-04 2.335489e-02 0 0 0 0 1.157203e-14 4.675520e-14
0 37 3.369410e-04 3.043893e-02 0 0 0 0 1.133343e-14 3.737614e-14
0 38 3.369410e-04 3.967171e-02 0 0 0 0 1.148913e-14 3.053696e-14
0 39 3.369410e-04 5.170498e-02 0 0 0 0 1.187458e-14 2.521561e-14
1 20 4.391424e-04 3.369410e-04 0 0 0 0 -3.893885e-16 1.634498e-13
1 21 4.391424e-04 4.391424e-04 0 0 0 0 -6.358749e-15 1.708516e-13
1 22 4.391424e-04 5.723437e-04 0 0 0 0 -1.505645e-14 1.799103e-13
1 23 4.391424e-04 7.459478e-04 0 0 0 0 -2.103631e-15 1.872900e-13
1 24 4.391424e-04 9.722096e-04 0 0 0 0 1.564055e-14 1.923013e-13
1 25 4.391424e-04 1.267102e-03 0 0 0 0 2.828760e-14 1.939852e-13
1 26 4.391424e-04 1.651440e-03 0 0 0 0 3.456508e-14 1.913360e-13
1 27 4.391424e-04 2.152358e-03 0 0 0 0 3.584845e-14 1.846762e-13
1 28 4.391424e-04 2.805213e-03 0 0 0 0 3.393328e-14 1.730293e-13
1 29 4.391424e-04 3.656095e-03 0 0 0 0 3.033970e-14 1.580078e-13
1 30 4.391424e-04 4.765066e-03 0 0 0 0 2.616417e-14 1.396265e-13
1 31 4.391424e-04 6.210412e-03 0 0 0 0 2.211328e-14 1.199447e-13
1 32 4.391424e-04 8.094162e-03 0 0 0 0 1.858668e-14 1.002878e-13
1 33 4.391424e-04 1.054929e-02 0 0 0 0 1.576605e-14 8.156899e-14
1 34 4.391424e-04 1.374912e-02 0 0 0 0 1.369073e-14 6.579278e-14
1 35 4.391424e-04 1.791952e-02 0 0 0 0 1.231804e-14 5.197710e-14
1 36 4.391424e-04 2.335489e-02 0 0 0 0 1.156541e-14 4.165189e-14
1 37 4.391424e-04 3.043893e-02 0 0 0 0 1.132957e-14 3.322570e-14
1 38 4.391424e-04 3.967171e-02 0 0 0 0 1.148679e-14 2.709242e-14
1 39 4.391424e-04 5.170498e-02 0 0 0 0 1.187310e-14 2.231476e-14
2 20 5.723437e-04 3.369410e-04 0 0 0 0 -5.532696e-17 1.385396e-13
2 21 5.723437e-04 4.391424e-04 0 0 0 0 -2.498791e-16 1.449119e-13
2 22 5.723437e-04 5.723437e-04 0 0 0 0 -6.418639e-15 1.527285e-13
2 23 5.723437e-04 7.459478e-04 0 0 0 0 -1.562467e-14 1.591683e-13
2 24 5.723437e-04 9.722096e-04 0 0 0 0 -2.569759e-15 1.636832e-13
2 25 5.723437e-04 1.267102e-03 0 0 0 0 1.460895e-14 1.654782e-13
2 26 5.723437e-04 1.651440e-03 0 0 0 0 2.605604e-14 1.636917e-13
2 27 5.723437e-04 2.152358e-03 0 0 0 0 3.104882e-14 1.585279e-13
2 28 5.723437e-04 2.805213e-03 0 0 0 0 3.138770e-14 1.491267e-13
2 29 5.723437e-04 3.656095e-03 0 0 0 0 2.904458e-14 1.367487e-13
2 30 5.723437e-04 4.765066e-03 0 0 0 0 2.552302e-14 1.213638e-13
2 31 5.723437e-04 6.210412e-03 0 0 0 0 2.180030e-14 1.046904e-13
2 32 5.723437e-04 8.094162e-03 0 0 0 0 1.843412e-14 8.784093e-14
2 33 5.723437e-04 1.054929e-02 0 0 0 0 1.569059e-14 7.165574e-14
2 34 5.723437e-04 1.374912e-02 0 0 0 0 1.365238e-14 5.788669e-14
2 35 5.723437e-04 1.791952e-02 0 0 0 0 1.229778e-14 4.575307e-14
2 36 5.723437e-04 2.335489e-02 0 0 0 0 1.155417e-14 3.663922e-14
2 37 5.723437e-04 3.043893e-02 0 0 0 0 1.132304e-14 2.916524e-14
2 38 5.723437e-04 3.967171e-02 0 0 0 0 1.148285e-14 2.373198e-14
2 39 5.723437e-04 5.170498e-02 0 0 0 0 1.187069e-14 1.949202e-14
3 20 7.459478e-04 3.369410e-04 0 0 0 0 -3.353884e-17 1.152677e-13
3 21 7.459478e-04 4.391424e-04 0 0 0 0 4.271554e-18 1.206421e-13
3 22 7.459478e-04 5.723437e-04 0 0 0 0 -8.601443e-17 1.272498e-13
3 23 7.459478e-04 7.459478e-04 0 0 0 0 -6.285809e-15 1.327460e-13
3 24 7.459478e-04 9.722096e-04 0 0 0 0 -1.589904e-14 1.366978e-13
3 25 7.459478e-04 1.267102e-03 0 0 0 0 -2.931655e-15 1.384554e-13
3 26 7.459478e-04 1.651440e-03 0 0 0 0 1.332579e-14 1.373204e-13
3 27 7.459478e-04 2.152358e-03 0 0 0 0 2.339600e-14 1.334462e-13
3 28 7.459478e-04 2.805213e-03 0 0 0 0 2.720421e-14 1.260799e-13
3 29 7.459478e-04 3.656095e-03 0 0 0 0 2.688331e-14 1.161471e-13
3 30 7.459478e-04 4.765066e-03 0 0 0 0 2.444436e-14 1.035826e-13
3 31 7.459478e-04 6.210412e-03 0 0 0 0 2.127162e-14 8.977636e-14
3 32 7.459478e-04 8.094162e-03 0 0 0 0 1.817575e-14 7.563328e-14
3 33 7.459478e-04 1.054929e-02 0 0 0 0 1.556273e-14 6.191531e-14
3 34 7.459478e-04 1.374912e-02 0 0 0 0 1.358729e-14 5.012041e-14
3 35 7.459478e-04 1.791952e-02 0 0 0 0 1.226337e-14 3.965169e-14
3 36 7.459478e-04 2.335489e-02 0 0 0 0 1.153509e-14 3.173981e-14
3 37 7.459478e-04 3.043893e-02 0 0 0 0 1.131193e-14 2.521439e-14
3 38 7.459478e-04 3.967171e-02 0 0 0 0 1.147615e-14 2.047279e-14
3 39 7.459478e-04 5.170498e-02 0 0 0 0 1.186655e-14 1.676302e-14
4 20 9.722096e-04 3.369410e-04 0 0 0 0 -2.803316e-17 9.422213e-14
4 21 9.722096e-04 4.391424e-04 0 0 0 0 1.664145e-17 9.865710e-14
4 22 9.722096e-04 5.723437e-04 0 0 0 0 6.957511e-17 1.041312e-13
4 23 9.722096e-04 7.459478e-04 0 0 0 0 1.154214e-16 1.087322e-13
4 24 9.722096e-04 9.722096e-04 0 0 0 0 -5.974831e-15 1.120982e-13
4 25 9.722096e-04 1.267102e-03 0 0 0 0 -1.578547e-14 1.136822e-13
4 26 9.722096e-04 1.651440e-03 0 0 0 0 -3.132740e-15 1.129649e-13
4 27 9.722096e-04 2.152358e-03 0 0 0 0 1.188310e-14 1.101193e-13
4 28 9.722096e-04 2.805213e-03 0 0 0 0 2.051196e-14 1.044956e-13
4 29 9.722096e-04 3.656095e-03 0 0 0 0 2.332525e-14 9.673297e-14
4 30 9.722096e-04 4.765066e-03 0 0 0 0 2.264294e-14 8.673874e-14
4 31 9.722096e-04 6.210412e-03 0 0 0 0 2.038207e-14 7.558032e-14
4 32 9.722096e-04 8.094162e-03 0 0 0 0 1.773915e-14 6.396706e-14
4 33 9.722096e-04 1.054929e-02 0 0 0 0 1.534624e-14 5.258381e-14
4 34 9.722096e-04 1.374912e-02 0 0 0 0 1.347698e-14 4.267794e-14
4 35 9.722096e-04 1.791952e-02 0 0 0 0 1.220495e-14 3.381496e-14
4 36 9.722096e-04 2.335489e-02 0 0 0 0 1.150270e-14 2.706756e-14
4 37 9.722096e-04 3.043893e-02 0 0 0 0 1.129310e-14 2.146563e-14
4 38 9.722096e-04 3.967171e-02 0 0 0 0 1.146476e-14 1.739196e-14
4 39 9.722096e-04 5.170498e-02 0 0 0 0 1.185950e-14 1.419351e-14
5 20 1.267102e-03 3.369410e-04 0 0 0 0 -3.191778e-17 7.586553e-14
5 21 1.267102e-03 4.391424e-04 0 0 0 0 3.479687e-18 7.944717e-14
5 22 1.267102e-03 5.723437e-04 0 0 0 0 3.858184e-17 8.388733e-14
5 23 1.267102e-03 7.459478e-04 0 0 0 0 1.348494e-16 8.765221e-14
5 24 1.267102e-03 9.722096e-04 0 0 0 0 3.288796e-16 9.043542e-14
5 25 1.267102e-03 1.267102e-03 0 0 0 0 -5.473990e-15 9.177487e-14
5 26 1.267102e-03 1.651440e-03 0 0 0 0 -1.525514e-14 9.129216e-14
5 27 1.267102e-03 2.152358e-03 0 0 0 0 -3.148005e-15 8.917455e-14
5 28 1.267102e-03 2.805213e-03 0 0 0 0 1.038470e-14 8.490300e-14
5 29 1.267102e-03 3.656095e-03 0 0 0 0 1.761597e-14 7.895851e-14
5 30 1.267102e-03 4.765066e-03 0 0 0 0 1.967306e-14 7.122228e-14
5 31 1.267102e-03 6.210412e-03 0 0 0 0 1.889559e-14 6.242596e-14
5 32 1.267102e-03 8.094162e-03 0 0 0 0 1.700465e-14 5.310618e-14
5 33 1.267102e-03 1.054929e-02 0 0 0 0 1.498043e-14 4.387074e-14
5 34 1.267102e-03 1.374912e-02 0 0 0 0 1.329030e-14 3.572187e-14
5 35 1.267102e-03 1.791952e-02 0 0 0 0 1.210590e-14 2.836772e-14
5 36 1.267102e-03 2.335489e-02 0 0 0 0 1.144775e-14 2.272128e-14
5 37 1.267102e-03 3.043893e-02 0 0 0 0 1.126114e-14 1.799786e-14
5 38 1.267102e-03 3.967171e-02 0 0 0 0 1.144544e-14 1.455487e-14
5 39 1.267102e-03 5.170498e-02 0 0 0 0 1.184753e-14 1.183900e-14
6 20 1.651440e-03 3.369410e-04 0 0 0 0 -3.676780e-17 6.034427e-14
6 21 1.651440e-03 4.391424e-04 0 0 0 0 -5.901996e-18 6.317729e-14
6 22 1.651440e-03 5.723437e-04 0 0 0 0 1.296116e-17 6.669918e-14
6 23 1.651440e-03 7.459478e-04 0 0 0 0 5.997829e-17 6.969810e-14
6 24 1.651440e-03 9.722096e-04 0 0 0 0 1.775634e-16 7.193474e-14
6 25 1.651440e-03 1.267102e-03 0 0 0 0 5.342489e-16 7.303953e-14
6 26 1.651440e-03 1.651440e-03 0 0 0 0 -4.821014e-15 7.269573e-14
6 27 1.651440e-03 2.152358e-03 0 0 0 0 -1.432998e-14 7.103053e-14
6 28 1.651440e-03 2.805213e-03 0 0 0 0 -2.983690e-15 6.769506e-14
6 29 1.651440e-03 3.656095e-03 0 0 0 0 8.926130e-15 6.317297e-14
6 30 1.651440e-03 4.765066e-03 0 0 0 0 1.489505e-14 5.732471e-14
6 31 1.651440e-03 6.210412e-03 0 0 0 0 1.644268e-14 5.055515e-14
6 32 1.651440e-03 8.094162e-03 0 0 0 0 1.577704e-14 4.325852e-14
6 33 1.651440e-03 1.054929e-02 0 0 0 0 1.436513e-14 3.594513e-14
6 34 1.651440e-03 1.374912e-02 0 0 0 0 1.297504e-14 2.938275e-14
6 35 1.651440e-03 1.791952e-02 0 0 0 0 1.193831e-14 2.340839e-14
6 36 1.651440e-03 2.335489e-02 0 0 0 0 1.135457e-14 1.877515e-14
6 37 1.651440e-03 3.043893e-02 0 0 0 0 1.120695e-14 1.486641e-14
6 38 1.651440e-03 3.967171e-02 0 0 0 0 1.141266e-14 1.200558e-14
6 39 1.651440e-03 5.170498e-02 0 0 0 0 1.182721e-14 9.735641e-15
7 20 2.152358e-03 3.369410e-04 0 0 0 0 -3.729778e-17 4.774928e-14
7 21 2.152358e-03 4.391424e-04 0 0 0 0 -9.728279e-18 4.995690e-14
7 22 2.152358e-03 5.723437e-04 0 0 0 0 8.107164e-19 5.270396e-14
7 23 2.152358e-03 7.459478e-04 0 0 0 0 2.325772e-17 5.503998e-14
7 24 2.152358e-03 9.722096e-04 0 0 0 0 6.303504e-17 5.678736e-14
7 25 2.152358e-03 1.267102e-03 0 0 0 0 2.036429e-16 5.766323e-14
7 26 2.152358e-03 1.651440e-03 0 0 0 0 6.988640e-16 5.738069e-14
7 27 2.152358e-03 2.152358e-03 0 0 0 0 -4.080463e-15 5.599154e-14
7 28 2.152358e-03 2.805213e-03 0 0 0 0 -1.308125e-14 5.328623e-14
7 29 2.152358e-03 3.656095e-03 0 0 0 0 -2.676883e-15 4.977588e-14
7 30 2.152358e-03 4.765066e-03 0 0 0 0 7.585600e-15 4.533920e-14
7 31 2.152358e-03 6.210412e-03 0 0 0 0 1.248921e-14 4.019322e-14
7 32 2.152358e-03 8.094162e-03 0 0 0 0 1.375081e-14 3.461985e-14
7 33 2.152358e-03 1.054929e-02 0 0 0 0 1.333719e-14 2.896322e-14
7 34 2.152358e-03 1.374912e-02 0 0 0 0 1.244490e-14 2.378431e-14
7 35 2.152358e-03 1.791952e-02 0 0 0 0 1.165552e-14 1.903251e-14
7 36 2.152358e-03 2.335489e-02 0 0 0 0 1.119692e-14 1.529977e-14
7 37 2.152358e-03 3.043893e-02 0 0 0 0 1.111512e-14 1.212307e-14
7 38 2.152358e-03 3.967171e-02 0 0 0 0 1.135708e-14 9.784728e-15
7 39 2.152358e-03 5.170498e-02 0 0 0 0 1.179273e-14 7.916121e-15
8 20 2.805213e-03 3.369410e-04 0 0 0 0 -3.812111e-17 3.775984e-14
8 21 2.805213e-03 4.391424e-04 0 0 0 0 -1.134378e-17 3.946807e-14
8 22 2.805213e-03 5.723437e-04 0 0 0 0 -3.677182e-18 4.159199e-14
8 23 2.805213e-03 7.459478e-04 0 0 0 0 9.524506e-18 4.338347e-14
8 24 2.805213e-03 9.722096e-04 0 0 0 0 2.000623e-17 4.470487e-14
8 25 2.805213e-03 1.267102e-03 0 0 0 0 6.136293e-17 4.534281e-14
8 26 2.805213e-03 1.651440e-03 0 0 0 0 2.095643e-16 4.506847e-14
8 27 2.805213e-03 2.152358e-03 0 0 0 0 7.980523e-16 4.391859e-14
8 28 2.805213e-03 2.805213e-03 0 0 0 0 -3.325963e-15 4.172142e-14
8 29 2.805213e-03 3.656095e-03 0 0 0 0 -1.161771e-14 3.888087e-14
8 30 2.805213e-03 4.765066e-03 0 0 0 0 -2.280871e-15 3.535312e-14
8 31 2.805213e-03 6.210412e-03 0 0 0 0 6.418349e-15 3.140876e-14
8 32 2.805213e-03 8.094162e-03 0 0 0 0 1.048294e-14 2.724646e-14
8 33 2.805213e-03 1.054929e-02 0 0 0 0 1.164147e-14 2.296425e-14
8 34 2.805213e-03 1.374912e-02 0 0 0 0 1.156011e-14 1.896199e-14
8 35 2.805213e-03 1.791952e-02 0 0 0 0 1.118026e-14 1.526676e-14
8 36 2.805213e-03 2.335489e-02 0 0 0 0 1.093106e-14 1.230948e-14
8 37 2.805213e-03 3.043893e-02 0 0 0 0 1.095977e-14 9.772798e-15
8 38 2.805213e-03 3.967171e-02 0 0 0 0 1.126294e-14 7.892383e-15
8 39 2.805213e-03 5.170498e-02 0 0 0 0 1.173427e-14 6.377246e-15
9 20 3.656095e-03 3.369410e-04 0 0 0 0 -3.841954e-17 3.002296e-14
9 21 3.656095e-03 4.391424e-04 0 0 0 0 -1.184864e-17 3.134916e-14
9 22 3.656095e-03 5.723437e-04 0 0 0 0 -5.179601e-18 3.299250e-14
9 23 3.656095e-03 7.459478e-04 0 0 0 0 4.950692e-18 3.435744e-14
9 24 3.656095e-03 9.722096e-04 0 0 0 0 6.093574e-18 3.533404e-14
9 25 3.656095e-03 1.267102e-03 0 0 0 0 1.693234e-17 3.576453e-14
9 26 3.656095e-03 1.651440e-03 0 0 0 0 5.551388e-17 3.548332e-14
9 27 3.656095e-03 2.152358e-03 0 0 0 0 1.956690e-16 3.454016e-14
9 28 3.656095e-03 2.805213e-03 0 0 0 0 8.240231e-16 3.275360e-14
9 29 3.656095e-03 3.656095e-03 0 0 0 0 -2.624870e-15 3.036865e-14
9 30 3.656095e-03 4.765066e-03 0 0 0 0 -1.006368e-14 2.741854e-14
9 31 3.656095e-03 6.210412e-03 0 0 0 0 -1.850491e-15 2.430327e-14
9 32 3.656095e-03 8.094162e-03 0 0 0 0 5.455947e-15 2.117827e-14
9 33 3.656095e-03 1.054929e-02 0 0 0 0 8.908916e-15 1.795738e-14
9 34 3.656095e-03 1.374912e-02 0 0 0 0 1.010259e-14 1.492877e-14
9 35 3.656095e-03 1.791952e-02 0 0 0 0 1.038809e-14 1.211578e-14
9 36 3.656095e-03 2.335489e-02 0 0 0 0 1.048465e-14 9.805045e-15
9 37 3.656095e-03 3.043893e-02 0 0 0 0 1.069784e-14 7.812445e-15
9 38 3.656095e-03 3.967171e-02 0 0 0 0 1.110375e-14 6.321086e-15
9 39 3.656095e-03 5.170498e-02 0 0 0 0 1.163526e-14 5.108736e-15
10 20 4.765066e-03 3.369410e-04 0 0 0 0 -3.839624e-17 2.412567e-14
10 21 4.765066e-03 4.391424e-04 0 0 0 0 -1.201696e-17 2.516746e-14
10 22 4.765066e-03 5.723437e-04 0 0 0 0 -5.623176e-18 2.645235e-14
10 23 4.765066e-03 7.459478e-04 0 0 0 0 3.581297e-18 2.750024e-14
10 24 4.765066e-03 9.722096e-04 0 0 0 0 2.009983e-18 2.822204e-14
10 25 4.765066e-03 1.267102e-03 0 0 0 0 4.232234e-18 2.849782e-14
10 26 4.765066e-03 1.651440e-03 0 0 0 0 1.413702e-17 2.819726e-14
10 27 4.765066e-03 2.152358e-03 0 0 0 0 4.605968e-17 2.737142e-14
10 28 4.765066e-03 2.805213e-03 0 0 0 0 1.683106e-16 2.586941e-14
10 29 4.765066e-03 3.656095e-03 0 0 0 0 7.833128e-16 2.387904e-14
10 30 4.765066e-03 4.765066e-03 0 0 0 0 -2.026046e-15 2.143428e-14
10 31 4.765066e-03 6.210412e-03 0 0 0 0 -8.536757e-15 1.888548e-14
10 32 4.765066e-03 8.094162e-03 0 0 0 0 -1.430995e-15 1.638586e-14
10 33 4.765066e-03 1.054929e-02 0 0 0 0 4.708801e-15 1.390033e-14
10 34 4.765066e-03 1.374912e-02 0 0 0 0 7.759481e-15 1.164955e-14
10 35 4.765066e-03 1.791952e-02 0 0 0 0 9.085942e-15 9.541335e-15
10 36 4.765066e-03 2.335489e-02 0 0 0 0 9.741626e-15 7.757895e-15
10 37 4.765066e-03 3.043893e-02 0 0 0 0 1.025850e-14 6.218247e-15
10 38 4.765066e-03 3.967171e-02 0 0 0 0 1.083538e-14 5.046626e-15
10 39 4.765066e-03 5.170498e-02 0 0 0 0 1.146788e-14 4.086170e-15
11 20 6.210412e-03 3.369410e-04 0 0 0 0 -3.832328e-17 1.946733e-14
11 21 6.210412e-03 4.391424e-04 0 0 0 0 -1.200532e-17 2.029567e-14
11 22 6.210412e-03 5.723437e-04 0 0 0 0 -5.805999e-18 2.131321e-14
11 23 6.210412e-03 7.459478e-04 0 0 0 0 3.208041e-18 2.213032e-14
11 24 6.210412e-03 9.722096e-04 0 0 0 0 8.867674e-19 2.267234e-14
11 25 6.210412e-03 1.267102e-03 0 0 0 0 8.140963e-19 2.284242e-14
11 26 6.210412e-03 1.651440e-03 0 0 0 0 3.480265e-18 2.253452e-14
11 27 6.210412e-03 2.152358e-03 0 0 0 0 1.066423e-17 2.180084e-14
11 28 6.210412e-03 2.805213e-03 0 0 0 0 3.544907e-17 2.053865e-14
11 29 6.210412e-03 3.656095e-03 0 0 0 0 1.343630e-16 1.892805e-14
11 30 6.210412e-03 4.765066e-03 0 0 0 0 6.928833e-16 1.696182e-14
11 31 6.210412e-03 6.210412e-03 0 0 0 0 -1.555081e-15 1.483586e-14
11 32 6.210412e-03 8.094162e-03 0 0 0 0 -7.131739e-15 1.270789e-14
11 33 6.210412e-03 1.054929e-02 0 0 0 0 -1.052725e-15 1.070933e-14
11 34 6.210412e-03 1.374912e-02 0 0 0 0 4.171088e-15 9.029275e-15
11 35 6.210412e-03 1.791952e-02 0 0 0 0 7.000285e-15 7.450232e-15
11 36 6.210412e-03 2.335489e-02 0 0 0 0 8.523386e-15 6.094614e-15
11 37 6.210412e-03 3.043893e-02 0 0 0 0 9.528251e-15 4.926762e-15
11 38 6.210412e-03 3.967171e-02 0 0 0 0 1.038563e-14 4.013829e-15
11 39 6.210412e-03 5.170498e-02 0 0 0 0 1.118581e-14 3.260622e-15
12 20 8.094162e-03 3.369410e-04 0 0 0 0 -3.830006e-17 1.588457e-14
12 21 8.094162e-03 4.391424e-04 0 0 0 0 -1.194336e-17 1.655585e-14
12 22 8.094162e-03 5.723437e-04 0 0 0 0 -5.782676e-18 1.737778e-14
12 23 8.094162e-03 7.459478e-04 0 0 0 0 3.120575e-18 1.803053e-14
12 24 8.094162e-03 9.722096e-04 0 0 0 0 5.480237e-19 1.845121e-14
12 25 8.094162e-03 1.267102e-03 0 0 0 0 -2.028512e-20 1.856039e-14
12 26 8.094162e-03 1.651440e-03 0 0 0 0 8.436058e-19 1.827193e-14
12 27 8.094162e-03 2.152358e-03 0 0 0 0 2.382758e-18 1.763494e-14
12 28 8.094162e-03 2.805213e-03 0 0 0 0 7.437240e-18 1.656895e-14
12 29 8.094162e-03 3.656095e-03 0 0 0 0 2.527238e-17 1.522812e-14
12 30 8.094162e-03 4.765066e-03 0 0 0 0 9.957535e-17 1.359965e-14
12 31 8.094162e-03 6.210412e-03 0 0 0 0 5.735832e-16 1.182510e-14
12 32 8.094162e-03 8.094162e-03 0 0 0 0 -1.216275e-15 1.003835e-14
12 33 8.094162e-03 1.054929e-02 0 0 0 0 -5.912641e-15 8.384566e-15
12 34 8.094162e-03 1.374912e-02 0 0 0 0 -7.310992e-16 7.033905e-15
12 35 8.094162e-03 1.791952e-02 0 0 0 0 3.825731e-15 5.800102e-15
12 36 8.094162e-03 2.335489e-02 0 0 0 0 6.580678e-15 4.781885e-15
12 37 8.094162e-03 3.043893e-02 0 0 0 0 8.334022e-15 3.906068e-15
12 38 8.094162e-03 3.967171e-02 0 0 0 0 9.638988e-15 3.197604e-15
12 39 8.094162e-03 5.170498e-02 0 0 0 0 1.071332e-14 2.611751e-15
13 20 1.054929e-02 3.369410e-04 0 0 0 0 -3.829033e-17 1.282713e-14
13 21 1.054929e-02 4.391424e-04 0 0 0 0 -1.191684e-17 1.336810e-14
13 22 1.054929e-02 5.723437e-04 0 0 0 0 -5.835535e-18 1.403005e-14
13 23 1.054929e-02 7.459478e-04 0 0 0 0 3.126078e-18 1.455415e-14
13 24 1.054929e-02 9.722096e-04 0 0 0 0 5.358246e-19 1.488907e-14
13 25 1.054929e-02 1.267102e-03 0 0 0 0 -2.807526e-19 1.496973e-14
13 26 1.054929e-02 1.651440e-03 0 0 0 0 2.507863e-19 1.472434e-14
13 27 1.054929e-02 2.152358e-03 0 0 0 0 5.008225e-19 1.419038e-14
13 28 1.054929e-02 2.805213e-03 0 0 0 0 1.468128e-18 1.330243e-14
13 29 1.054929e-02 3.656095e-03 0 0 0 0 4.701406e-18 1.219110e-14
13 30 1.054929e-02 4.765066e-03 0 0 0 0 1.639259e-17 1.085801e-14
13 31 1.054929e-02 6.210412e-03 0 0 0 0 6.783754e-17 9.437359e-15
13 32 1.054929e-02 8.094162e-03 0 0 0 0 4.446634e-16 8.019672e-15
13 33 1.054929e-02 1.054929e-02 0 0 0 0 -9.986653e-16 6.657582e-15
13 34 1.054929e-02 1.374912e-02 0 0 0 0 -4.912691e-15 5.494438e-15
13 35 1.054929e-02 1.791952e-02 0 0 0 0 -4.707130e-16 4.482693e-15
13 36 1.054929e-02 2.335489e-02 0 0 0 0 3.646479e-15 3.721917e-15
13 37 1.054929e-02 3.043893e-02 0 0 0 0 6.438103e-15 3.068130e-15
13 38 1.054929e-02 3.967171e-02 0 0 0 0 8.420652e-15 2.525632e-15
13 39 1.054929e-02 5.170498e-02 0 0 0 0 9.929746e-15 2.078172e-15
14 20 1.374912e-02 3.369410e-04 0 0 0 0 -3.821756e-17 1.036138e-14
14 21 1.374912e-02 4.391424e-04 0 0 0 0 -1.180526e-17 1.080205e-14
14 22 1.374912e-02 5.723437e-04 0 0 0 0 -5.889089e-18 1.134191e-14
14 23 1.374912e-02 7.459478e-04 0 0 0 0 3.058399e-18 1.177163e-14
14 24 1.374912e-02 9.722096e-04 0 0 0 0 4.932926e-19 1.204943e-14
14 25 1.374912e-02 1.267102e-03 0 0 0 0 -2.837127e-19 1.212110e-14
14 26 1.374912e-02 1.651440e-03 0 0 0 0 1.092682e-19 1.192740e-14
14 27 1.374912e-02 2.152358e-03 0 0 0 0 9.389708e-20 1.149637e-14
14 28 1.374912e-02 2.805213e-03 0 0 0 0 2.414416e-19 1.077462e-14
14 29 1.374912e-02 3.656095e-03 0 0 0 0 7.504331e-19 9.869696e-15
14 30 1.374912e-02 4.765066e-03 0 0 0 0 2.482728e-18 8.784783e-15
14 31 1.374912e-02 6.210412e-03 0 0 0 0 9.115165e-18 7.632332e-15
14 32 1.374912e-02 8.094162e-03 0 0 0 0 4.098633e-17 6.479844e-15
14 33 1.374912e-02 1.054929e-02 0 0 0 0 3.203573e-16 5.352556e-15
14 34 1.374912e-02 1.374912e-02 0 0 0 0 -8.835935e-16 4.368748e-15
14 35 1.374912e-02 1.791952e-02 0 0 0 0 -4.140934e-15 3.524879e-15
14 36 1.374912e-02 2.335489e-02 0 0 0 0 -2.722822e-16 2.917062e-15
14 37 1.374912e-02 3.043893e-02 0 0 0 0 3.597677e-15 2.404972e-15
14 38 1.374912e-02 3.967171e-02 0 0 0 0 6.494092e-15 1.992733e-15
14 39 1.374912e-02 5.170498e-02 0 0 0 0 8.653422e-15 1.655722e-15
15 20 1.791952e-02 3.369410e-04 0 0 0 0 -3.811576e-17 8.170074e-15
15 21 1.791952e-02 4.391424e-04 0 0 0 0 -1.161373e-17 8.520427e-15
15 22 1.791952e-02 5.723437e-04 0 0 0 0 -5.900476e-18 8.950625e-15
15 23 1.791952e-02 7.459478e-04 0 0 0 0 3.067067e-18 9.295810e-15
15 24 1.791952e-02 9.722096e-04 0 0 0 0 4.667003e-19 9.523312e-15
15 25 1.791952e-02 1.267102e-03 0 0 0 0 -3.391423e-19 9.589678e-15
15 26 1.791952e-02 1.651440e-03 0 0 0 0 7.390717e-20 9.447948e-15
15 27 1.791952e-02 2.152358e-03 0 0 0 0 5.728754e-20 9.117901e-15
15 28 1.791952e-02 2.805213e-03 0 0 0 0 -5.557548e-21 8.554736e-15
15 29 1.791952e-02 3.656095e-03 0 0 0 0 5.768432e-20 7.838701e-15
15 30 1.791952e-02 4.765066e-03 0 0 0 0 1.749752e-19 6.971628e-15
15 31 1.791952e-02 6.210412e-03 0 0 0 0 7.008459e-19 6.047747e-15
15 32 1.791952e-02 8.094162e-03 0 0 0 0 3.230448e-18 5.126269e-15
15 33 1.791952e-02 1.054929e-02 0 0 0 0 1.894083e-17 4.237520e-15
15 34 1.791952e-02 1.374912e-02 0 0 0 0 2.082339e-16 3.471893e-15
15 35 1.791952e-02 1.791952e-02 0 0 0 0 -8.519063e-16 2.793734e-15
15 36 1.791952e-02 2.335489e-02 0 0 0 0 -3.591222e-15 2.275970e-15
15 37 1.791952e-02 3.043893e-02 0 0 0 0 -1.394053e-16 1.853497e-15
15 38 1.791952e-02 3.967171e-02 0 0 0 0 3.628967e-15 1.545155e-15
15 39 1.791952e-02 5.170498e-02 0 0 0 0 6.641853e-15 1.296307e-15
16 20 2.335489e-02 3.369410e-04 0 0 0 0 -3.792290e-17 6.318041e-15
16 21 2.335489e-02 4.391424e-04 0 0 0 0 -1.132134e-17 6.593658e-15
16 22 2.335489e-02 5.723437e-04 0 0 0 0 -5.940037e-18 6.933664e-15
16 23 2.335489e-02 7.459478e-04 0 0 0 0 3.081347e-18 7.211051e-15
16 24 2.335489e-02 9.722096e-04 0 0 0 0 4.981168e-19 7.401025e-15
16 25 2.335489e-02 1.267102e-03 0 0 0 0 -3.104787e-19 7.468904e-15
16 26 2.335489e-02 1.651440e-03 0 0 0 0 5.135925e-20 7.377982e-15
16 27 2.335489e-02 2.152358e-03 0 0 0 0 5.426624e-21 7.140291e-15
16 28 2.335489e-02 2.805213e-03 0 0 0 0 1.459955e-21 6.719260e-15
16 29 2.335489e-02 3.656095e-03 0 0 0 0 -5.132552e-20 6.173270e-15
16 30 2.335489e-02 4.765066e-03 0 0 0 0 -1.203461e-19 5.502485e-15
16 31 2.335489e-02 6.210412e-03 0 0 0 0 -3.383826e-19 4.781960e-15
16 32 2.335489e-02 8.094162e-03 0 0 0 0 -8.620085e-19 4.059497e-15
16 33 2.335489e-02 1.054929e-02 0 0 0 0 -1.805513e-18 3.363091e-15
16 34 2.335489e-02 1.374912e-02 0 0 0 0 4.849862e-19 2.762218e-15
16 35 2.335489e-02 1.791952e-02 0 0 0 0 1.102889e-16 2.216695e-15
16 36 2.335489e-02 2.335489e-02 0 0 0 0 -8.878913e-16 1.783720e-15
16 37 2.335489e-02 3.043893e-02 0 0 0 0 -3.251588e-15 1.433409e-15
16 38 2.335489e-02 3.967171e-02 0 0 0 0 -8.600778e-17 1.192900e-15
16 39 2.335489e-02 5.170498e-02 0 0 0 0 3.669499e-15 1.002335e-15
17 20 3.043893e-02 3.369410e-04 0 0 0 0 -3.760058e-17 4.726568e-15
17 21 3.043893e-02 4.391424e-04 0 0 0 0 -1.087805e-17 4.936526e-15
17 22 3.043893e-02 5.723437e-04 0 0 0 0 -5.999275e-18 5.196812e-15
17 23 3.043893e-02 7.459478e-04 0 0 0 0 3.088849e-18 5.412827e-15
17 24 3.043893e-02 9.722096e-04 0 0 0 0 5.071423e-19 5.566412e-15
17 25 3.043893e-02 1.267102e-03 0 0 0 0 -2.946917e-19 5.630757e-15
17 26 3.043893e-02 1.651440e-03 0 0 0 0 9.123211e-20 5.578206e-15
17 27 3.043893e-02 2.152358e-03 0 0 0 0 2.484423e-20 5.415377e-15
17 28 3.043893e-02 2.805213e-03 0 0 0 0 -2.189807e-20 5.113986e-15
17 29 3.043893e-02 3.656095e-03 0 0 0 0 -3.302476e-20 4.715399e-15
17 30 3.043893e-02 4.765066e-03 0 0 0 0 -8.755134e-20 4.218128e-15
17 31 3.043893e-02 6.210412e-03 0 0 0 0 -2.735227e-19 3.677128e-15
17 32 3.043893e-02 8.094162e-03 0 0 0 0 -7.816209e-19 3.127429e-15
17 33 3.043893e-02 1.054929e-02 0 0 0 0 -2.247124e-18 2.592007e-15
17 34 3.043893e-02 1.374912e-02 0 0 0 0 -6.313534e-18 2.126325e-15
17 35 3.043893e-02 1.791952e-02 0 0 0 0 -1.579084e-17 1.706107e-15
17 36 3.043893e-02 2.335489e-02 0 0 0 0 2.455573e-17 1.377354e-15
17 37 3.043893e-02 3.043893e-02 0 0 0 0 -9.814119e-16 1.104943e-15
17 38 3.043893e-02 3.967171e-02 0 0 0 0 -3.110276e-15 9.077582e-16
17 39 3.043893e-02 5.170498e-02 0 0 0 0 -1.321679e-16 7.534074e-16
18 20 3.967171e-02 3.369410e-04 0 0 0 0 -3.709435e-17 3.393576e-15
18 21 3.967171e-02 4.391424e-04 0 0 0 0 -1.021490e-17 3.547767e-15
18 22 3.967171e-02 5.723437e-04 0 0 0 0 -6.080607e-18 3.740195e-15
18 23 3.967171e-02 7.459478e-04 0 0 0 0 3.087155e-18 3.903493e-15
18 24 3.967171e-02 9.722096e-04 0 0 0 0 5.017457e-19 4.025139e-15
18 25 3.967171e-02 1.267102e-03 0 0 0 0 -3.041223e-19 4.085279e-15
18 26 3.967171e-02 1.651440e-03 0 0 0 0 8.713250e-20 4.063998e-15
18 27 3.967171e-02 2.152358e-03 0 0 0 0 3.730396e-20 3.963705e-15
18 28 3.967171e-02 2.805213e-03 0 0 0 0 8.493808e-21 3.763201e-15
18 29 3.967171e-02 3.656095e-03 0 0 0 0 -1.353258e-20 3.489495e-15
18 30 3.967171e-02 4.765066e-03 0 0 0 0 -6.369938e-20 3.139900e-15
18 31 3.967171e-02 6.210412e-03 0 0 0 0 -1.377003e-19 2.752503e-15
18 32 3.967171e-02 8.094162e-03 0 0 0 0 -4.303123e-19 2.351635e-15
18 33 3.967171e-02 1.054929e-02 0 0 0 0 -1.244697e-18 1.955497e-15
18 34 3.967171e-02 1.374912e-02 0 0 0 0 -3.646025e-18 1.606540e-15
18 35 3.967171e-02 1.791952e-02 0 0 0 0 -1.070214e-17 1.291802e-15
18 36 3.967171e-02 2.335489e-02 0 0 0 0 -3.097614e-17 1.047160e-15
18 37 3.967171e-02 3.043893e-02 0 0 0 0 -5.135806e-17 8.386608e-16
18 38 3.967171e-02 3.967171e-02 0 0 0 0 -1.121168e-15 6.794552e-16
18 39 3.967171e-02 5.170498e-02 0 0 0 0 -3.137511e-15 5.548263e-16
19 20 5.170498e-02 3.369410e-04 0 0 0 0 -3.644266e-17 2.339063e-15
19 21 5.170498e-02 4.391424e-04 0 0 0 0 -9.217624e-18 2.447940e-15
19 22 5.170498e-02 5.723437e-04 0 0 0 0 -6.166333e-18 2.584776e-15
19 23 5.170498e-02 7.459478e-04 0 0 0 0 3.084232e-18 2.703629e-15
19 24 5.170498e-02 9.722096e-04 0 0 0 0 4.990799e-19 2.796352e-15
19 25 5.170498e-02 1.267102e-03 0 0 0 0 -3.137418e-19 2.848915e-15
19 26 5.170498e-02 1.651440e-03 0 0 0 0 7.457576e-20 2.847578e-15
19 27 5.170498e-02 2.152358e-03 0 0 0 0 2.301558e-20 2.792120e-15
19 28 5.170498e-02 2.805213e-03 0 0 0 0 -2.604598e-21 2.667127e-15
19 29 5.170498e-02 3.656095e-03 0 0 0 0 4.030416e-21 2.488801e-15
19 30 5.170498e-02 4.765066e-03 0 0 0 0 -1.505099e-20 2.254077e-15
19 31 5.170498e-02 6.210412e-03 0 0 0 0 -7.554069e-20 1.988487e-15
19 32 5.170498e-02 8.094162e-03 0 0 0 0 -1.838139e-19 1.708411e-15
19 33 5.170498e-02 1.054929e-02 0 0 0 0 -5.403935e-19 1.427750e-15
19 34 5.170498e-02 1.374912e-02 0 0 0 0 -1.552697e-18 1.176738e-15
19 35 5.170498e-02 1.791952e-02 0 0 0 0 -4.509283e-18 9.469599e-16
19 36 5.170498e-02 2.335489e-02 0 0 0 0 -1.328020e-17 7.656046e-16
19 37 5.170498e-02 3.043893e-02 0 0 0 0 -4.006160e-17 6.106563e-16
19 38 5.170498e-02 3.967171e-02 0 0 0 0 -1.042952e-16 4.940909e-16
19 39 5.170498e-02 5.170498e-02 0 0 0 0 -1.264313e-15 4.019197e-16
