3.487889599999999602e-11 2.169675399999999869e-12 1.884000499999999935e-12 1.610366199999999961e-12 1.356724899999999899e-12 1.128571300000000050e-12 9.290582000000000529e-13 7.604751999999999623e-13 6.215647999999999729e-13 5.101352000000000415e-13 4.224144000000000302e-13 3.526969999999999864e-13 2.979027999999999734e-13 2.515658000000000063e-13 2.130968999999999985e-13 1.778583900000000111e-13 1.464925699999999940e-13 1.172681599999999921e-13 9.076896999999999708e-14 6.732828999999999422e-14 1.836049410000000080e-13 1.839940100000000041e-13 2.069895800000000095e-13 2.332004500000000133e-13 2.522027899999999907e-13 2.611861399999999839e-13 2.599421500000000305e-13 2.504645800000000338e-13 2.330729600000000078e-13 2.108864100000000007e-13 1.847930599999999925e-13 1.577426000000000038e-13 1.315812899999999881e-13 1.074160699999999989e-13 8.751545999999999917e-14 7.062636000000000957e-14 5.832722999999999622e-14 4.870957000000000315e-14 4.202609000000000208e-14 3.709019000000000011e-14
2.169675399999999869e-12 2.104509100000000093e-11 1.711109800000000052e-12 1.465514099999999825e-12 1.237117999999999939e-12 1.031475700000000106e-12 8.514746999999999928e-13 6.990689000000000405e-13 5.731798000000000736e-13 4.719044000000000546e-13 3.919193000000000100e-13 3.282359999999999859e-13 2.780201999999999749e-13 2.355318999999999932e-13 2.001175800000000162e-13 1.675930099999999966e-13 1.385011300000000016e-13 1.112460499999999973e-13 8.640190000000000164e-14 6.428439999999999516e-14 1.630604115000000062e-13 1.644928509999999866e-13 1.648538500000000004e-13 1.851863690000000078e-13 2.079418499999999779e-13 2.222727999999999968e-13 2.259010800000000092e-13 2.205246500000000119e-13 2.069625799999999986e-13 1.883474999999999959e-13 1.657906700000000115e-13 1.420579800000000128e-13 1.188744800000000036e-13 9.733504000000000164e-14 7.948350999999999218e-14 6.429514000000000527e-14 5.321729999999999958e-14 4.455526999999999479e-14 3.857921000000000157e-14 3.418785999999999777e-14
1.884000499999999935e-12 1.711109800000000052e-12 1.277160400000000011e-11 1.325528700000000166e-12 1.121087499999999993e-12 9.367652999999999686e-13 7.754842000000000451e-13 6.387931999999999766e-13 5.256777999999999797e-13 4.344234999999999815e-13 3.620930999999999972e-13 3.043681000000000084e-13 2.586556999999999719e-13 2.199286000000000026e-13 1.874821000000000004e-13 1.575905999999999808e-13 1.306968700000000091e-13 1.053507799999999862e-13 8.211205999999999818e-14 6.128318000000000040e-14 1.384842730400000073e-13 1.446620208999999981e-13 1.463098609999999779e-13 1.435436300000000026e-13 1.611134409999999872e-13 1.800871499999999886e-13 1.897477400000000023e-13 1.895767200000000210e-13 1.805143999999999957e-13 1.657932800000000086e-13 1.468868199999999850e-13 1.264906999999999994e-13 1.062750499999999976e-13 8.734633000000000582e-14 7.153906999999999438e-14 5.805085000000000098e-14 4.819338999999999641e-14 4.048828000000000007e-14 3.521482999999999718e-14 3.136270999999999642e-14
1.610366199999999961e-12 1.465514099999999825e-12 1.325528700000000166e-12 7.797674700000000122e-12 1.010391700000000072e-12 8.456860000000000176e-13 7.018334999999999498e-13 5.800914000000000055e-13 4.793352000000000112e-13 3.978746999999999869e-13 3.330679000000000130e-13 2.811996000000000249e-13 2.398972000000000171e-13 2.048276000000000248e-13 1.752480200000000136e-13 1.478936799999999826e-13 1.231089799999999993e-13 9.960018000000000515e-14 7.790736999999999966e-14 5.832519999999999567e-14 1.152341611600000066e-13 1.206463715539999988e-13 1.271637855699999963e-13 1.264601909999999955e-13 1.207987599999999963e-13 1.355237449999999880e-13 1.506461899999999860e-13 1.568421999999999989e-13 1.532841100000000089e-13 1.430304100000000119e-13 1.280269600000000028e-13 1.110479800000000016e-13 9.380903000000000412e-14 7.747804000000000103e-14 6.370769999999999823e-14 5.191506000000000073e-14 4.327490000000000274e-14 3.652632000000000304e-14 3.194894000000000043e-14 2.862957000000000187e-14
1.356724899999999899e-12 1.237117999999999939e-12 1.121087499999999993e-12 1.010391700000000072e-12 4.793860400000000163e-12 7.619614000000000171e-13 6.330864999999999803e-13 5.247181999999999805e-13 4.353968000000000133e-13 3.631696000000000280e-13 3.055444000000000445e-13 2.592857999999999977e-13 2.221970499999999907e-13 1.905984300000000082e-13 1.637186400000000006e-13 1.387444900000000095e-13 1.159278000000000091e-13 9.413862999999999749e-14 7.389260000000000010e-14 5.548308999999999967e-14 9.419409684000000130e-14 9.867374144999999767e-14 1.042007751100000075e-13 1.088476214000000036e-13 1.061233689999999992e-13 9.789672999999999992e-14 1.098321599999999999e-13 1.220024000000000073e-13 1.250075599999999995e-13 1.200582200000000129e-13 1.093816800000000100e-13 9.596239000000000092e-14 8.170621000000000047e-14 6.793004999999999791e-14 5.615492000000000333e-14 4.601990999999999959e-14 3.857025999999999735e-14 3.275872999999999894e-14 2.885672000000000005e-14 2.605301000000000088e-14
1.128571300000000050e-12 1.031475700000000106e-12 9.367652999999999686e-13 8.456860000000000176e-13 7.619614000000000171e-13 2.972393300000000309e-12 5.724655000000000107e-13 4.746394999999999992e-13 3.951140999999999633e-13 3.311618000000000036e-13 2.801534000000000167e-13 2.391099000000000210e-13 2.059415200000000080e-13 1.775566400000000018e-13 1.531542200000000063e-13 1.303530299999999921e-13 1.093209500000000008e-13 8.909540999999999992e-14 7.016398000000000382e-14 5.282618000000000044e-14 7.583361222000000005e-14 7.945064968699999966e-14 8.392591183999999319e-14 8.778705940000000313e-14 9.076429959999999229e-14 8.630088000000000143e-14 7.603702000000000350e-14 8.602654499999999773e-14 9.528770000000000099e-14 9.657448000000000018e-14 9.089534000000000233e-14 8.132154999999999946e-14 7.011083000000000570e-14 5.885117000000000055e-14 4.901217000000000456e-14 4.047362000000000152e-14 3.416902999999999900e-14 2.925899999999999680e-14 2.600030999999999748e-14 2.368652999999999798e-14
9.290582000000000529e-13 8.514746999999999928e-13 7.754842000000000451e-13 7.018334999999999498e-13 6.330864999999999803e-13 5.724655000000000107e-13 1.863953199999999777e-12 4.326081999999999822e-13 3.598488000000000408e-13 3.026291999999999864e-13 2.573999999999999937e-13 2.210157699999999930e-13 1.913886799999999906e-13 1.659089300000000002e-13 1.437257700000000012e-13 1.228613600000000011e-13 1.034064100000000007e-13 8.456460999999999816e-14 6.679436999999999441e-14 5.040886999999999824e-14 6.030750219999999911e-14 6.317138800399999174e-14 6.671214115999999996e-14 6.975807829000000122e-14 7.211230339999999066e-14 7.357377890000000669e-14 6.787471599999998911e-14 5.670054999999999007e-14 6.471137000000000217e-14 7.209910000000000123e-14 7.221975999999999953e-14 6.699782999999999160e-14 5.903555999999999801e-14 5.031025999999999958e-14 4.235779000000000232e-14 3.534670000000000301e-14 3.012972000000000003e-14 2.607336000000000051e-14 2.341823999999999771e-14 2.156285100000000270e-14
7.604751999999999623e-13 6.990689000000000405e-13 6.387931999999999766e-13 5.800914000000000055e-13 5.247181999999999805e-13 4.746394999999999992e-13 4.326081999999999822e-13 1.188146599999999997e-12 3.320411999999999524e-13 2.786292999999999950e-13 2.378512299999999843e-13 2.053449000000000129e-13 1.787840999999999904e-13 1.558400100000000061e-13 1.355829800000000076e-13 1.163961499999999877e-13 9.829076000000000526e-14 8.063212000000000277e-14 6.385141999999999734e-14 4.828247800000000548e-14 4.771198221999999910e-14 4.994717172100000023e-14 5.270477071639999675e-14 5.506323772000000490e-14 5.685039503999999713e-14 5.786687290000000176e-14 5.807955400000000801e-14 5.191107699999999839e-14 4.020498000000000117e-14 4.709899700000000008e-14 5.292479999999999730e-14 5.268243000000000042e-14 4.837065999999999465e-14 4.230040999999999585e-14 3.622921000000000401e-14 3.068803000000000101e-14 2.649668999999999708e-14 2.323819000000000142e-14 2.114180800000000143e-14 1.970885100000000058e-14
6.215647999999999729e-13 5.731798000000000736e-13 5.256777999999999797e-13 4.793352000000000112e-13 4.353968000000000133e-13 3.951140999999999633e-13 3.598488000000000408e-13 3.320411999999999524e-13 7.747703999999999679e-13 2.609588600000000091e-13 2.219525599999999969e-13 1.922075199999999880e-13 1.681502800000000207e-13 1.473362900000000053e-13 1.287106700000000070e-13 1.109522499999999956e-13 9.397954000000000145e-14 7.730998000000000437e-14 6.135193000000000452e-14 4.646508299999999836e-14 3.772171889000000053e-14 3.945672622000000236e-14 4.158831281799999799e-14 4.339299450599999940e-14 4.472487623000000494e-14 4.540417292999999904e-14 4.527803430000000105e-14 4.471664229999999960e-14 3.839545700000000302e-14 2.726316000000000103e-14 3.307224900000000347e-14 3.782710899999999807e-14 3.772940000000000128e-14 3.460571999999999782e-14 3.052209999999999951e-14 2.644702000000000036e-14 2.324054000000000116e-14 2.073256800000000190e-14 1.915532300000000008e-14 1.811151599999999964e-14
5.101352000000000415e-13 4.719044000000000546e-13 4.344234999999999815e-13 3.978746999999999869e-13 3.631696000000000280e-13 3.311618000000000036e-13 3.026291999999999864e-13 2.786292999999999950e-13 2.609588600000000091e-13 5.211835600000000221e-13 2.111000200000000006e-13 1.818362299999999953e-13 1.594976399999999977e-13 1.403456700000000124e-13 1.230589499999999822e-13 1.064898399999999996e-13 9.044826999999999169e-14 7.458852000000000215e-14 5.929728100000000083e-14 4.496386000000000406e-14 2.998454045999999549e-14 3.133731136000000014e-14 3.298732039899999859e-14 3.436239069199999758e-14 3.534013357399999532e-14 3.578146234000000494e-14 3.553883388000000096e-14 3.473582899999999885e-14 3.357762310000000251e-14 2.774377999999999818e-14 1.735485999999999897e-14 2.245277899999999975e-14 2.663421700000000047e-14 2.686629600000000106e-14 2.503135999999999975e-14 2.250387000000000254e-14 2.028969499999999925e-14 1.851028500000000058e-14 1.742483600000000009e-14 1.674399599999999985e-14
4.224144000000000302e-13 3.919193000000000100e-13 3.620930999999999972e-13 3.330679000000000130e-13 3.055444000000000445e-13 2.801534000000000167e-13 2.573999999999999937e-13 2.378512299999999843e-13 2.219525599999999969e-13 2.111000200000000006e-13 3.642790599999999812e-13 1.752933800000000259e-13 1.528476800000000138e-13 1.347459299999999945e-13 1.185084799999999878e-13 1.029033100000000056e-13 8.761731999999999960e-14 7.241531100000000072e-14 5.765691699999999711e-14 4.376248599999999528e-14 2.408727375999999994e-14 2.515544304000000023e-14 2.644672682400000076e-14 2.750382129699999931e-14 2.822404998300000171e-14 2.850205223400000101e-14 2.821139702000000137e-14 2.741747968000000081e-14 2.603772059999999890e-14 2.466235280000000156e-14 1.940823399999999871e-14 1.034872299999999932e-14 1.495486500000000009e-14 1.860913100000000092e-14 1.940903100000000037e-14 1.862727700000000293e-14 1.749952099999999905e-14 1.647674700000000149e-14 1.588200599999999943e-14 1.555405000000000038e-14
3.526969999999999864e-13 3.282359999999999859e-13 3.043681000000000084e-13 2.811996000000000249e-13 2.592857999999999977e-13 2.391099000000000210e-13 2.210157699999999930e-13 2.053449000000000129e-13 1.922075199999999880e-13 1.818362299999999953e-13 1.752933800000000259e-13 2.654756399999999728e-13 1.487849399999999923e-13 1.303508199999999987e-13 1.148353700000000065e-13 9.999832000000000258e-14 8.533962700000000316e-14 7.068717100000001047e-14 5.636379199999999802e-14 4.281960400000000269e-14 1.942900671999999797e-14 2.028366467999999949e-14 2.130740400099999790e-14 2.213352804099999964e-14 2.267322676740000046e-14 2.284323409630000124e-14 2.253800026500000054e-14 2.181150422999999956e-14 2.057409906999999975e-14 1.906241299999999755e-14 1.765470330000000129e-14 1.328077899999999981e-14 5.576151000000000311e-15 9.656605000000000647e-15 1.320036300000000083e-14 1.445051699999999933e-14 1.461799999999999890e-14 1.445501300000000082e-14 1.439945900000000007e-14 1.444643199999999958e-14
2.979027999999999734e-13 2.780201999999999749e-13 2.586556999999999719e-13 2.398972000000000171e-13 2.221970499999999907e-13 2.059415200000000080e-13 1.913886799999999906e-13 1.787840999999999904e-13 1.681502800000000207e-13 1.594976399999999977e-13 1.528476800000000138e-13 1.487849399999999923e-13 2.016444700000000026e-13 1.277277099999999978e-13 1.119737900000000007e-13 9.767303599999999799e-14 8.353889099999999440e-14 6.935156799999999775e-14 5.538448200000000065e-14 4.211548899999999933e-14 1.584626993999999944e-14 1.654390664000000165e-14 1.737199732400000083e-14 1.803365057499999978e-14 1.845175802369999928e-14 1.856036971488000079e-14 1.827277360580000184e-14 1.763732275800000125e-14 1.657638723999999768e-14 1.525339237999999952e-14 1.369922535000000000e-14 1.239868319999999996e-14 8.822074999999999292e-15 2.471924999999999240e-15 6.302805800000000319e-15 9.625832999999999918e-15 1.136256300000000083e-14 1.224008999999999967e-14 1.283659200000000023e-14 1.332507099999999923e-14
2.515658000000000063e-13 2.355318999999999932e-13 2.199286000000000026e-13 2.048276000000000248e-13 1.905984300000000082e-13 1.775566400000000018e-13 1.659089300000000002e-13 1.558400100000000061e-13 1.473362900000000053e-13 1.403456700000000124e-13 1.347459299999999945e-13 1.303508199999999987e-13 1.277277099999999978e-13 1.582637700000000146e-13 1.100604020000000034e-13 9.567514299999999951e-14 8.201196399999999569e-14 6.826228799999999595e-14 5.462083999999999872e-14 4.158782100000000355e-14 1.278883967000000061e-14 1.335618316000000025e-14 1.402421446500000073e-14 1.455727607799999905e-14 1.488960582460000112e-14 1.496944924740000088e-14 1.472459078630000053e-14 1.419088082249999942e-14 1.330389812800000039e-14 1.219580140599999996e-14 1.087440259000000127e-14 9.505196539999998961e-15 8.464335399999999840e-15 5.658916699999999865e-15 5.817469999999993929e-16 4.011980000000000162e-15 7.368395999999999520e-15 9.506233000000000104e-15 1.094628400000000012e-14 1.200791800000000005e-14
2.130968999999999985e-13 2.001175800000000162e-13 1.874821000000000004e-13 1.752480200000000136e-13 1.637186400000000006e-13 1.531542200000000063e-13 1.437257700000000012e-13 1.355829800000000076e-13 1.287106700000000070e-13 1.230589499999999822e-13 1.185084799999999878e-13 1.148353700000000065e-13 1.119737900000000007e-13 1.100604020000000034e-13 1.272864129999999891e-13 9.423509099999999178e-14 8.071596400000000303e-14 6.739319399999999658e-14 5.406809099999999996e-14 4.124306200000000051e-14 1.032316244000000064e-14 1.079024474000000071e-14 1.133602091100000010e-14 1.177468839900000041e-14 1.204992329259999973e-14 1.212081628729999998e-14 1.192750926820000061e-14 1.149646389708000053e-14 1.077486144160000068e-14 9.870446433099999257e-15 8.787265728000000633e-15 7.641447165000000069e-15 6.520830329999999839e-15 5.672913300000000310e-15 3.485154500000000216e-15 -6.160550000000001073e-16 2.644779799999999991e-15 6.002649000000000798e-15 8.486825000000000796e-15 1.030914400000000019e-14
1.778583900000000111e-13 1.675930099999999966e-13 1.575905999999999808e-13 1.478936799999999826e-13 1.387444900000000095e-13 1.303530299999999921e-13 1.228613600000000011e-13 1.163961499999999877e-13 1.109522499999999956e-13 1.064898399999999996e-13 1.029033100000000056e-13 9.999832000000000258e-14 9.767303599999999799e-14 9.567514299999999951e-14 9.423509099999999178e-14 1.034215229999999998e-13 7.960623500000000365e-14 6.659429699999999957e-14 5.364722499999999838e-14 4.104282499999999733e-14 8.131958240000000030e-15 8.508813270000000505e-15 8.944724524000000375e-15 9.298877067000000515e-15 9.523778700300000400e-15 9.589338857699999457e-15 9.448021907170000641e-15 9.117958287540000247e-15 8.554730442451999779e-15 7.838758684320000162e-15 6.971802975199999574e-15 6.048447845899999864e-15 5.129499447999999693e-15 4.256460830000000388e-15 3.680126899999999874e-15 1.941827699999999863e-15 -1.315251999999999466e-15 1.714091699999999903e-15 5.174122000000000184e-15 7.938160000000000390e-15
1.464925699999999940e-13 1.385011300000000016e-13 1.306968700000000091e-13 1.231089799999999993e-13 1.159278000000000091e-13 1.093209500000000008e-13 1.034064100000000007e-13 9.829076000000000526e-14 9.397954000000000145e-14 9.044826999999999169e-14 8.761731999999999960e-14 8.533962700000000316e-14 8.353889099999999440e-14 8.201196399999999569e-14 8.071596400000000303e-14 7.960623500000000365e-14 8.411964500000000613e-14 6.588843600000000133e-14 5.335867199999999860e-14 4.102523700000000214e-14 6.280118100000000319e-15 6.582336660000000192e-15 6.927723962999999926e-15 7.214132347000000546e-15 7.401523116800000575e-15 7.468593521299999677e-15 7.378033359249999852e-15 7.140296426623999089e-15 6.719261459955000202e-15 6.173218674480000243e-15 5.502364653900000212e-15 4.781621617399999937e-15 4.058634991500000209e-15 3.361285486999999704e-15 2.762702986200000182e-15 2.326983899999999887e-15 8.958287000000000410e-16 -1.818179000000000075e-15 1.106892219999999922e-15 4.671834000000000096e-15
1.172681599999999921e-13 1.112460499999999973e-13 1.053507799999999862e-13 9.960018000000000515e-14 9.413862999999999749e-14 8.909540999999999992e-14 8.456460999999999816e-14 8.063212000000000277e-14 7.730998000000000437e-14 7.458852000000000215e-14 7.241531100000000072e-14 7.068717100000001047e-14 6.935156799999999775e-14 6.826228799999999595e-14 6.739319399999999658e-14 6.659429699999999957e-14 6.588843600000000133e-14 6.776022399999999103e-14 5.313277399999999589e-14 4.118292009999999589e-14 4.688967419999999820e-15 4.925647949999999461e-15 5.190812724999999936e-15 5.415915848999999501e-15 5.566919142299999997e-15 5.630462308299999982e-15 5.578297232110000627e-15 5.415401844230000032e-15 5.113964101930000296e-15 4.715365975240000553e-15 4.218040448659999966e-15 3.676854477300000255e-15 3.126647379099999748e-15 2.589759875999999648e-15 2.120011465999999962e-15 1.690316159999999925e-15 1.401909729999999985e-15 1.235311000000000560e-16 -2.202517800000000143e-15 6.212395000000000045e-16
9.076896999999999708e-14 8.640190000000000164e-14 8.211205999999999818e-14 7.790736999999999966e-14 7.389260000000000010e-14 7.016398000000000382e-14 6.679436999999999441e-14 6.385141999999999734e-14 6.135193000000000452e-14 5.929728100000000083e-14 5.765691699999999711e-14 5.636379199999999802e-14 5.538448200000000065e-14 5.462083999999999872e-14 5.406809099999999996e-14 5.364722499999999838e-14 5.335867199999999860e-14 5.313277399999999589e-14 5.371283909999999596e-14 4.149713639999999795e-14 3.356481650000000159e-15 3.537552099999999686e-15 3.734114392999999611e-15 3.906580155000000433e-15 4.025640745700000002e-15 4.084974877700000007e-15 4.064085132499999828e-15 3.963742303960000071e-15 3.763209493807999578e-15 3.489481467420000222e-15 3.139836300620000133e-15 2.752365299699999996e-15 2.351204687699999875e-15 1.954252302999999895e-15 1.602893974999999974e-15 1.281099860000000075e-15 1.016183859999999973e-15 7.873027399999999936e-16 -4.417128000000000213e-16 -2.582684700000000329e-15
6.732828999999999422e-14 6.428439999999999516e-14 6.128318000000000040e-14 5.832519999999999567e-14 5.548308999999999967e-14 5.282618000000000044e-14 5.040886999999999824e-14 4.828247800000000548e-14 4.646508299999999836e-14 4.496386000000000406e-14 4.376248599999999528e-14 4.281960400000000269e-14 4.211548899999999933e-14 4.158782100000000355e-14 4.124306200000000051e-14 4.104282499999999733e-14 4.102523700000000214e-14 4.118292009999999589e-14 4.149713639999999795e-14 4.159841509999999891e-14 2.302620339999999872e-15 2.438722376000000199e-15 2.578609667000000204e-15 2.706713231999999810e-15 2.796851079899999931e-15 2.848601258200000016e-15 2.847652575760000001e-15 2.792143015580000018e-15 2.667124395402000201e-15 2.488805030415999896e-15 2.254061949009999909e-15 1.988411459309999966e-15 1.708227186099999938e-15 1.427209606499999926e-15 1.175185303000000088e-15 9.424506169999998894e-16 7.523244000000000611e-16 5.705947000000000104e-16 3.897957000000000281e-16 -8.623933000000000933e-16
1.836049410000000080e-13 1.630604115000000062e-13 1.384842730400000073e-13 1.152341611600000066e-13 9.419409684000000130e-14 7.583361222000000005e-14 6.030750219999999911e-14 4.771198221999999910e-14 3.772171889000000053e-14 2.998454045999999549e-14 2.408727375999999994e-14 1.942900671999999797e-14 1.584626993999999944e-14 1.278883967000000061e-14 1.032316244000000064e-14 8.131958240000000030e-15 6.280118100000000319e-15 4.688967419999999820e-15 3.356481650000000159e-15 2.302620339999999872e-15 3.246753864999999802e-11 3.419110999999999955e-14 2.833446500000000159e-14 2.628071599999999993e-14 2.544748669999999948e-14 2.467026020000000101e-14 2.343444169000000110e-14 2.176717181000000111e-14 1.954259482099999896e-14 1.709267686360000192e-14 1.446545385020000158e-14 1.193936865140999976e-14 9.678657523030000369e-15 7.695486016317999481e-15 6.163835014994999903e-15 4.902244347984999736e-15 3.990889672451499363e-15 3.280948019302430178e-15 2.742914191149999721e-15 2.323928690900000083e-15
1.839940100000000041e-13 1.644928509999999866e-13 1.446620208999999981e-13 1.206463715539999988e-13 9.867374144999999767e-14 7.945064968699999966e-14 6.317138800399999174e-14 4.994717172100000023e-14 3.945672622000000236e-14 3.133731136000000014e-14 2.515544304000000023e-14 2.028366467999999949e-14 1.654390664000000165e-14 1.335618316000000025e-14 1.079024474000000071e-14 8.508813270000000505e-15 6.582336660000000192e-15 4.925647949999999461e-15 3.537552099999999686e-15 2.438722376000000199e-15 3.419110999999999955e-14 1.913325010000000156e-11 3.626100999999999636e-14 2.975279600000000093e-14 2.725786700000000105e-14 2.591826289999999871e-14 2.448744789999999718e-14 2.272992756000000176e-14 2.042704274000000021e-14 1.788791413500000084e-14 1.515343823640000159e-14 1.251514926999999919e-14 1.014563093279999925e-14 8.063301768789998966e-15 6.453730154309999955e-15 5.126690876689000431e-15 4.169475743699999863e-15 3.423681227329999909e-15 2.859972860880000061e-15 2.421819452200000218e-15
2.069895800000000095e-13 1.648538500000000004e-13 1.463098609999999779e-13 1.271637855699999963e-13 1.042007751100000075e-13 8.392591183999999319e-14 6.671214115999999996e-14 5.270477071639999675e-14 4.158831281799999799e-14 3.298732039899999859e-14 2.644672682400000076e-14 2.130740400099999790e-14 1.737199732400000083e-14 1.402421446500000073e-14 1.133602091100000010e-14 8.944724524000000375e-15 6.927723962999999926e-15 5.190812724999999936e-15 3.734114392999999611e-15 2.578609667000000204e-15 2.833446500000000159e-14 3.626100999999999636e-14 1.128445938000000005e-11 3.801915000000000012e-14 3.087119799999999760e-14 2.787375100000000197e-14 2.588730040000000073e-14 2.392799589999999986e-14 2.150877004000000180e-14 1.886015427799999959e-14 1.599942510400000188e-14 1.322760668749999980e-14 1.072609159889999858e-14 8.521918615079998869e-15 6.815003952654999514e-15 5.405605592219599684e-15 4.390576955226999655e-15 3.599350907422999915e-15 3.003493442270000100e-15 2.541385818049999768e-15
2.332004500000000133e-13 1.851863690000000078e-13 1.435436300000000026e-13 1.264601909999999955e-13 1.088476214000000036e-13 8.778705940000000313e-14 6.975807829000000122e-14 5.506323772000000490e-14 4.339299450599999940e-14 3.436239069199999758e-14 2.750382129699999931e-14 2.213352804099999964e-14 1.803365057499999978e-14 1.455727607799999905e-14 1.177468839900000041e-14 9.298877067000000515e-15 7.214132347000000546e-15 5.415915848999999501e-15 3.906580155000000433e-15 2.706713231999999810e-15 2.628071599999999993e-14 2.975279600000000093e-14 3.801915000000000012e-14 6.664019189999999969e-12 3.880342999999999716e-14 3.104945300000000152e-14 2.745928000000000076e-14 2.499997279999999935e-14 2.240612987999999873e-14 1.966115286000000225e-14 1.670715857800000031e-14 1.383377885899999963e-14 1.122492983859999986e-14 8.917862008699999583e-15 7.125202482430000271e-15 5.641691710093000451e-15 4.574734089794000158e-15 3.742147856431999349e-15 3.118115392741999957e-15 2.635347576702000299e-15
2.522027899999999907e-13 2.079418499999999779e-13 1.611134409999999872e-13 1.207987599999999963e-13 1.061233689999999992e-13 9.076429959999999229e-14 7.211230339999999066e-14 5.685039503999999713e-14 4.472487623000000494e-14 3.534013357399999532e-14 2.822404998300000171e-14 2.267322676740000046e-14 1.845175802369999928e-14 1.488960582460000112e-14 1.204992329259999973e-14 9.523778700300000400e-15 7.401523116800000575e-15 5.566919142299999997e-15 4.025640745700000002e-15 2.796851079899999931e-15 2.544748669999999948e-14 2.725786700000000105e-14 3.087119799999999760e-14 3.880342999999999716e-14 3.943418490000000030e-12 3.836978000000000006e-14 3.005437900000000242e-14 2.612780549999999889e-14 2.310921970000000049e-14 2.023654113000000026e-14 1.722083587999999916e-14 1.428581509299999935e-14 1.160483311199999896e-14 9.222735798900000149e-15 7.361960363299999379e-15 5.817262647990000263e-15 4.707251600659999518e-15 3.839581095019999758e-15 3.193235741488999980e-15 2.694579978652999986e-15
2.611861399999999839e-13 2.222727999999999968e-13 1.800871499999999886e-13 1.355237449999999880e-13 9.789672999999999992e-14 8.630088000000000143e-14 7.357377890000000669e-14 5.786687290000000176e-14 4.540417292999999904e-14 3.578146234000000494e-14 2.850205223400000101e-14 2.284323409630000124e-14 1.856036971488000079e-14 1.496944924740000088e-14 1.212081628729999998e-14 9.589338857699999457e-15 7.468593521299999677e-15 5.630462308299999982e-15 4.084974877700000007e-15 2.848601258200000016e-15 2.467026020000000101e-14 2.591826289999999871e-14 2.787375100000000197e-14 3.104945300000000152e-14 3.836978000000000006e-14 2.340489450000000345e-12 3.654706199999999835e-14 2.805380800000000015e-14 2.374035830000000018e-14 2.054731659999999860e-14 1.746542290000000078e-14 1.450975048000000026e-14 1.180523913299999964e-14 9.389562569000000280e-15 7.489131163799999840e-15 5.905407110700000039e-15 4.766901844240000238e-15 3.874846027690000076e-15 3.215142909430000158e-15 2.707512537772200032e-15
2.599421500000000305e-13 2.259010800000000092e-13 1.897477400000000023e-13 1.506461899999999860e-13 1.098321599999999999e-13 7.603702000000000350e-14 6.787471599999998911e-14 5.807955400000000801e-14 4.527803430000000105e-14 3.553883388000000096e-14 2.821139702000000137e-14 2.253800026500000054e-14 1.827277360580000184e-14 1.472459078630000053e-14 1.192750926820000061e-14 9.448021907170000641e-15 7.378033359249999852e-15 5.578297232110000627e-15 4.064085132499999828e-15 2.847652575760000001e-15 2.343444169000000110e-14 2.448744789999999718e-14 2.588730040000000073e-14 2.745928000000000076e-14 3.005437900000000242e-14 3.654706199999999835e-14 1.394791320000000072e-12 3.348176899999999677e-14 2.493170699999999955e-14 2.069500000000000042e-14 1.740651940000000039e-14 1.444653269000000196e-14 1.177227337000000086e-14 9.373899006999998769e-15 7.471932107000000952e-15 5.879495119799999580e-15 4.732010482600000410e-15 3.830201794299999808e-15 3.168924589479999645e-15 2.661325773492000250e-15
2.504645800000000338e-13 2.205246500000000119e-13 1.895767200000000210e-13 1.568421999999999989e-13 1.220024000000000073e-13 8.602654499999999773e-14 5.670054999999999007e-14 5.191107699999999839e-14 4.471664229999999960e-14 3.473582899999999885e-14 2.741747968000000081e-14 2.181150422999999956e-14 1.763732275800000125e-14 1.419088082249999942e-14 1.149646389708000053e-14 9.117958287540000247e-15 7.140296426623999089e-15 5.415401844230000032e-15 3.963742303960000071e-15 2.792143015580000018e-15 2.176717181000000111e-14 2.272992756000000176e-14 2.392799589999999986e-14 2.499997279999999935e-14 2.612780549999999889e-14 2.805380800000000015e-14 3.348176899999999677e-14 8.356797100000000441e-13 2.939980600000000305e-14 2.136099700000000035e-14 1.723045250000000011e-14 1.415511680000000013e-14 1.152669843000000041e-14 9.182596709999999565e-15 7.316858279000000327e-15 5.746867084000000446e-15 4.610440864100000301e-15 3.714298715199999769e-15 3.062734858780000070e-15 2.563509913410000095e-15
2.330729600000000078e-13 2.069625799999999986e-13 1.805143999999999957e-13 1.532841100000000089e-13 1.250075599999999995e-13 9.528770000000000099e-14 6.471137000000000217e-14 4.020498000000000117e-14 3.839545700000000302e-14 3.357762310000000251e-14 2.603772059999999890e-14 2.057409906999999975e-14 1.657638723999999768e-14 1.330389812800000039e-14 1.077486144160000068e-14 8.554730442451999779e-15 6.719261459955000202e-15 5.113964101930000296e-15 3.763209493807999578e-15 2.667124395402000201e-15 1.954259482099999896e-14 2.042704274000000021e-14 2.150877004000000180e-14 2.240612987999999873e-14 2.310921970000000049e-14 2.374035830000000018e-14 2.493170699999999955e-14 2.939980600000000305e-14 5.038034500000000064e-13 2.478902499999999973e-14 1.736143800000000110e-14 1.369957550000000007e-14 1.104317599999999886e-14 8.776220380000000375e-15 6.988987284000000170e-15 5.478438139000000743e-15 4.380105621999999933e-15 3.510424994300000177e-15 2.882787770900000026e-15 2.402453046610000089e-15
2.108864100000000007e-13 1.883474999999999959e-13 1.657932800000000086e-13 1.430304100000000119e-13 1.200582200000000129e-13 9.657448000000000018e-14 7.209910000000000123e-14 4.709899700000000008e-14 2.726316000000000103e-14 2.774377999999999818e-14 2.466235280000000156e-14 1.906241299999999755e-14 1.525339237999999952e-14 1.219580140599999996e-14 9.870446433099999257e-15 7.838758684320000162e-15 6.173218674480000243e-15 4.715365975240000553e-15 3.489481467420000222e-15 2.488805030415999896e-15 1.709267686360000192e-14 1.788791413500000084e-14 1.886015427799999959e-14 1.966115286000000225e-14 2.023654113000000026e-14 2.054731659999999860e-14 2.069500000000000042e-14 2.136099700000000035e-14 2.478902499999999973e-14 3.059006699999999820e-13 2.001345500000000090e-14 1.361743300000000112e-14 1.050534490000000112e-14 8.244326490000000236e-15 6.544431110000000319e-15 5.113264742999999880e-15 4.075141619000000369e-15 3.249650259000000289e-15 2.656113763499999720e-15 2.202133369799999636e-15
1.847930599999999925e-13 1.657906700000000115e-13 1.468868199999999850e-13 1.280269600000000028e-13 1.093816800000000100e-13 9.089534000000000233e-14 7.221975999999999953e-14 5.292479999999999730e-14 3.307224900000000347e-14 1.735485999999999897e-14 1.940823399999999871e-14 1.765470330000000129e-14 1.369922535000000000e-14 1.087440259000000127e-14 8.787265728000000633e-15 6.971802975199999574e-15 5.502364653900000212e-15 4.218040448659999966e-15 3.139836300620000133e-15 2.254061949009999909e-15 1.446545385020000158e-14 1.515343823640000159e-14 1.599942510400000188e-14 1.670715857800000031e-14 1.722083587999999916e-14 1.746542290000000078e-14 1.740651940000000039e-14 1.723045250000000011e-14 1.736143800000000110e-14 2.001345500000000090e-14 1.870832899999999974e-13 1.562771999999999907e-14 1.022844899999999937e-14 7.669164399999999368e-15 6.001568930000000406e-15 4.653914960000000611e-15 3.695343879000000377e-15 2.931066454000000045e-15 2.382713749999999737e-15 1.963311721600000064e-15
1.577426000000000038e-13 1.420579800000000128e-13 1.264906999999999994e-13 1.110479800000000016e-13 9.596239000000000092e-14 8.132154999999999946e-14 6.699782999999999160e-14 5.268243000000000042e-14 3.782710899999999807e-14 2.245277899999999975e-14 1.034872299999999932e-14 1.328077899999999981e-14 1.239868319999999996e-14 9.505196539999998961e-15 7.641447165000000069e-15 6.048447845899999864e-15 4.781621617399999937e-15 3.676854477300000255e-15 2.752365299699999996e-15 1.988411459309999966e-15 1.193936865140999976e-14 1.251514926999999919e-14 1.322760668749999980e-14 1.383377885899999963e-14 1.428581509299999935e-14 1.450975048000000026e-14 1.444653269000000196e-14 1.415511680000000013e-14 1.369957550000000007e-14 1.361743300000000112e-14 1.562771999999999907e-14 1.153063770000000052e-13 1.176359499999999981e-14 7.412559300000000022e-15 5.494462400000000106e-15 4.172464189999999996e-15 3.286468019999999898e-15 2.586719585000000029e-15 2.090060691999999999e-15 1.710628456000000151e-15
1.315812899999999881e-13 1.188744800000000036e-13 1.062750499999999976e-13 9.380903000000000412e-14 8.170621000000000047e-14 7.011083000000000570e-14 5.903555999999999801e-14 4.837065999999999465e-14 3.772940000000000128e-14 2.663421700000000047e-14 1.495486500000000009e-14 5.576151000000000311e-15 8.822074999999999292e-15 8.464335399999999840e-15 6.520830329999999839e-15 5.129499447999999693e-15 4.058634991500000209e-15 3.126647379099999748e-15 2.351204687699999875e-15 1.708227186099999938e-15 9.678657523030000369e-15 1.014563093279999925e-14 1.072609159889999858e-14 1.122492983859999986e-14 1.160483311199999896e-14 1.180523913299999964e-14 1.177227337000000086e-14 1.152669843000000041e-14 1.104317599999999886e-14 1.050534490000000112e-14 1.022844899999999937e-14 1.176359499999999981e-14 7.164543600000000396e-14 8.707987999999999298e-15 5.286982600000000099e-15 3.771139000000000160e-15 2.897675880000000133e-15 2.245961959999999957e-15 1.799540449999999969e-15 1.461471831000000046e-15
1.074160699999999989e-13 9.733504000000000164e-14 8.734633000000000582e-14 7.747804000000000103e-14 6.793004999999999791e-14 5.885117000000000055e-14 5.031025999999999958e-14 4.230040999999999585e-14 3.460571999999999782e-14 2.686629600000000106e-14 1.860913100000000092e-14 9.656605000000000647e-15 2.471924999999999240e-15 5.658916699999999865e-15 5.672913300000000310e-15 4.256460830000000388e-15 3.361285486999999704e-15 2.589759875999999648e-15 1.954252302999999895e-15 1.427209606499999926e-15 7.695486016317999481e-15 8.063301768789998966e-15 8.521918615079998869e-15 8.917862008699999583e-15 9.222735798900000149e-15 9.389562569000000280e-15 9.373899006999998769e-15 9.182596709999999565e-15 8.776220380000000375e-15 8.244326490000000236e-15 7.669164399999999368e-15 7.412559300000000022e-15 8.707987999999999298e-15 4.498957500000000018e-14 6.379414999999999947e-15 3.683133199999999774e-15 2.612448699999999919e-15 1.946840849999999746e-15 1.530847429999999887e-15 1.227095559999999972e-15
8.751545999999999917e-14 7.948350999999999218e-14 7.153906999999999438e-14 6.370769999999999823e-14 5.615492000000000333e-14 4.901217000000000456e-14 4.235779000000000232e-14 3.622921000000000401e-14 3.052209999999999951e-14 2.503135999999999975e-14 1.940903100000000037e-14 1.320036300000000083e-14 6.302805800000000319e-15 5.817469999999993929e-16 3.485154500000000216e-15 3.680126899999999874e-15 2.762702986200000182e-15 2.120011465999999962e-15 1.602893974999999974e-15 1.175185303000000088e-15 6.163835014994999903e-15 6.453730154309999955e-15 6.815003952654999514e-15 7.125202482430000271e-15 7.361960363299999379e-15 7.489131163799999840e-15 7.471932107000000952e-15 7.316858279000000327e-15 6.988987284000000170e-15 6.544431110000000319e-15 6.001568930000000406e-15 5.494462400000000106e-15 5.286982600000000099e-15 6.379414999999999947e-15 2.869920599999999794e-14 4.770112000000000152e-15 2.660553800000000314e-15 1.790570500000000131e-15 1.337188510000000013e-15 1.040364040000000069e-15
7.062636000000000957e-14 6.429514000000000527e-14 5.805085000000000098e-14 5.191506000000000073e-14 4.601990999999999959e-14 4.047362000000000152e-14 3.534670000000000301e-14 3.068803000000000101e-14 2.644702000000000036e-14 2.250387000000000254e-14 1.862727700000000293e-14 1.445051699999999933e-14 9.625832999999999918e-15 4.011980000000000162e-15 -6.160550000000001073e-16 1.941827699999999863e-15 2.326983899999999887e-15 1.690316159999999925e-15 1.281099860000000075e-15 9.424506169999998894e-16 4.902244347984999736e-15 5.126690876689000431e-15 5.405605592219599684e-15 5.641691710093000451e-15 5.817262647990000263e-15 5.905407110700000039e-15 5.879495119799999580e-15 5.746867084000000446e-15 5.478438139000000743e-15 5.113264742999999880e-15 4.653914960000000611e-15 4.172464189999999996e-15 3.771139000000000160e-15 3.683133199999999774e-15 4.770112000000000152e-15 1.876794399999999951e-14 3.709127000000000130e-15 1.952906699999999821e-15 1.276363999999999967e-15 9.165838900000000847e-16
5.832722999999999622e-14 5.321729999999999958e-14 4.819338999999999641e-14 4.327490000000000274e-14 3.857025999999999735e-14 3.416902999999999900e-14 3.012972000000000003e-14 2.649668999999999708e-14 2.324054000000000116e-14 2.028969499999999925e-14 1.749952099999999905e-14 1.461799999999999890e-14 1.136256300000000083e-14 7.368395999999999520e-15 2.644779799999999991e-15 -1.315251999999999466e-15 8.958287000000000410e-16 1.401909729999999985e-15 1.016183859999999973e-15 7.523244000000000611e-16 3.990889672451499363e-15 4.169475743699999863e-15 4.390576955226999655e-15 4.574734089794000158e-15 4.707251600659999518e-15 4.766901844240000238e-15 4.732010482600000410e-15 4.610440864100000301e-15 4.380105621999999933e-15 4.075141619000000369e-15 3.695343879000000377e-15 3.286468019999999898e-15 2.897675880000000133e-15 2.612448699999999919e-15 2.660553800000000314e-15 3.709127000000000130e-15 1.276576499999999929e-14 3.076617000000000034e-15 1.562790299999999846e-15 9.489006999999999694e-16
4.870957000000000315e-14 4.455526999999999479e-14 4.048828000000000007e-14 3.652632000000000304e-14 3.275872999999999894e-14 2.925899999999999680e-14 2.607336000000000051e-14 2.323819000000000142e-14 2.073256800000000190e-14 1.851028500000000058e-14 1.647674700000000149e-14 1.445501300000000082e-14 1.224008999999999967e-14 9.506233000000000104e-15 6.002649000000000798e-15 1.714091699999999903e-15 -1.818179000000000075e-15 1.235311000000000560e-16 7.873027399999999936e-16 5.705947000000000104e-16 3.280948019302430178e-15 3.423681227329999909e-15 3.599350907422999915e-15 3.742147856431999349e-15 3.839581095019999758e-15 3.874846027690000076e-15 3.830201794299999808e-15 3.714298715199999769e-15 3.510424994300000177e-15 3.249650259000000289e-15 2.931066454000000045e-15 2.586719585000000029e-15 2.245961959999999957e-15 1.946840849999999746e-15 1.790570500000000131e-15 1.952906699999999821e-15 3.076617000000000034e-15 9.197663499999999025e-15 2.747274499999999752e-15 1.327527500000000152e-15
4.202609000000000208e-14 3.857921000000000157e-14 3.521482999999999718e-14 3.194894000000000043e-14 2.885672000000000005e-14 2.600030999999999748e-14 2.341823999999999771e-14 2.114180800000000143e-14 1.915532300000000008e-14 1.742483600000000009e-14 1.588200599999999943e-14 1.439945900000000007e-14 1.283659200000000023e-14 1.094628400000000012e-14 8.486825000000000796e-15 5.174122000000000184e-15 1.106892219999999922e-15 -2.202517800000000143e-15 -4.417128000000000213e-16 3.897957000000000281e-16 2.742914191149999721e-15 2.859972860880000061e-15 3.003493442270000100e-15 3.118115392741999957e-15 3.193235741488999980e-15 3.215142909430000158e-15 3.168924589479999645e-15 3.062734858780000070e-15 2.882787770900000026e-15 2.656113763499999720e-15 2.382713749999999737e-15 2.090060691999999999e-15 1.799540449999999969e-15 1.530847429999999887e-15 1.337188510000000013e-15 1.276363999999999967e-15 1.562790299999999846e-15 2.747274499999999752e-15 7.140640899999999843e-15 2.622238999999999970e-15
3.709019000000000011e-14 3.418785999999999777e-14 3.136270999999999642e-14 2.862957000000000187e-14 2.605301000000000088e-14 2.368652999999999798e-14 2.156285100000000270e-14 1.970885100000000058e-14 1.811151599999999964e-14 1.674399599999999985e-14 1.555405000000000038e-14 1.444643199999999958e-14 1.332507099999999923e-14 1.200791800000000005e-14 1.030914400000000019e-14 7.938160000000000390e-15 4.671834000000000096e-15 6.212395000000000045e-16 -2.582684700000000329e-15 -8.623933000000000933e-16 2.323928690900000083e-15 2.421819452200000218e-15 2.541385818049999768e-15 2.635347576702000299e-15 2.694579978652999986e-15 2.707512537772200032e-15 2.661325773492000250e-15 2.563509913410000095e-15 2.402453046610000089e-15 2.202133369799999636e-15 1.963311721600000064e-15 1.710628456000000151e-15 1.461471831000000046e-15 1.227095559999999972e-15 1.040364040000000069e-15 9.165838900000000847e-16 9.489006999999999694e-16 1.327527500000000152e-15 2.622238999999999970e-15 6.024587900000000717e-15
