3.289661999999999801e-11 4.267283999999999753e-13 3.741764999999999758e-13 3.257931999999999976e-13 2.836188999999999781e-13 2.480910999999999848e-13 2.188888000000000033e-13 1.952103000000000048e-13 1.760034000000000011e-13 1.601651999999999939e-13 1.466636000000000113e-13 1.346081000000000078e-13 1.232786000000000054e-13 1.121259000000000039e-13 1.007619999999999977e-13 8.895609000000000380e-14 7.664678000000000574e-14 6.396709999999999610e-14 5.126512000000000027e-14 3.907997999999999965e-14 -6.208158999999999674e-15 -1.427568999999999985e-14 -1.593620000000000048e-15 1.634045000000000069e-14 2.993118999999999875e-14 3.747563999999999772e-14 3.991794999999999855e-14 3.877448000000000287e-14 3.546025999999999849e-14 3.110981000000000212e-14 2.654385999999999899e-14 2.229810000000000156e-14 1.867668999999999860e-14 1.581054999999999971e-14 1.371330999999999958e-14 1.232996000000000048e-14 1.157203000000000041e-14 1.133343000000000004e-14 1.148913000000000058e-14 1.187457999999999977e-14
4.267283999999999753e-13 1.950960000000000080e-11 3.782218000000000071e-13 3.289951000000000104e-13 2.856226999999999922e-13 2.492150000000000140e-13 2.194702000000000123e-13 1.954886000000000077e-13 1.761274999999999985e-13 1.602163000000000077e-13 1.466823000000000019e-13 1.346137999999999913e-13 1.232794999999999949e-13 1.121254000000000056e-13 1.007614000000000047e-13 8.895576000000000011e-14 7.664671000000000572e-14 6.396723999999999613e-14 5.126537999999999764e-14 3.908022999999999881e-14 -3.893884999999999769e-16 -6.358748999999999623e-15 -1.505644999999999955e-14 -2.103631000000000044e-15 1.564054999999999892e-14 2.828760000000000156e-14 3.456508000000000038e-14 3.584845000000000135e-14 3.393328000000000301e-14 3.033969999999999718e-14 2.616416999999999932e-14 2.211327999999999948e-14 1.858668000000000091e-14 1.576604999999999988e-14 1.369073000000000070e-14 1.231803999999999929e-14 1.156540999999999952e-14 1.132956999999999923e-14 1.148679000000000063e-14 1.187309999999999960e-14
3.741764999999999758e-13 3.782218000000000071e-13 1.161193999999999949e-11 3.342863000000000172e-13 2.891561999999999791e-13 2.512069000000000249e-13 2.204963000000000043e-13 1.959813000000000073e-13 1.763504000000000045e-13 1.603125000000000048e-13 1.467229999999999949e-13 1.346319999999999962e-13 1.232898000000000085e-13 1.121332999999999969e-13 1.007689999999999996e-13 8.896370999999999504e-14 7.665496999999999533e-14 6.397565999999999480e-14 5.127374999999999899e-14 3.908831000000000190e-14 -5.532696000000000254e-17 -2.498790999999999941e-16 -6.418638999999999892e-15 -1.562466999999999915e-14 -2.569758999999999954e-15 1.460895000000000007e-14 2.605604000000000125e-14 3.104882000000000189e-14 3.138769999999999686e-14 2.904457999999999755e-14 2.552302000000000033e-14 2.180029999999999888e-14 1.843411999999999986e-14 1.569058999999999845e-14 1.365237999999999959e-14 1.229777999999999924e-14 1.155417000000000055e-14 1.132303999999999949e-14 1.148285000000000001e-14 1.187068999999999963e-14
3.257931999999999976e-13 3.289951000000000104e-13 3.342863000000000172e-13 6.948096000000000366e-12 2.953222000000000056e-13 2.547924999999999970e-13 2.223190999999999912e-13 1.968384999999999897e-13 1.767271000000000124e-13 1.604663999999999886e-13 1.467804000000000104e-13 1.346507999999999941e-13 1.232947000000000098e-13 1.121343000000000062e-13 1.007696000000000051e-13 8.896494000000000078e-14 7.665695000000000488e-14 6.397821000000000270e-14 5.127666999999999708e-14 3.909141999999999733e-14 -3.353883999999999802e-17 4.271553999999999789e-18 -8.601442999999999507e-17 -6.285808999999999664e-15 -1.589903999999999970e-14 -2.931655000000000106e-15 1.332579000000000073e-14 2.339600000000000073e-14 2.720420999999999955e-14 2.688330999999999862e-14 2.444435999999999870e-14 2.127161999999999913e-14 1.817574999999999957e-14 1.556272999999999956e-14 1.358729000000000074e-14 1.226337000000000032e-14 1.153508999999999946e-14 1.131193000000000078e-14 1.147614999999999933e-14 1.186655000000000031e-14
2.836188999999999781e-13 2.856226999999999922e-13 2.891561999999999791e-13 2.953222000000000056e-13 4.190089999999999971e-12 2.614155999999999953e-13 2.256993000000000125e-13 1.983915000000000084e-13 1.773934000000000083e-13 1.607317000000000097e-13 1.468752000000000071e-13 1.346779999999999942e-13 1.232978999999999890e-13 1.121306999999999980e-13 1.007652000000000021e-13 8.896164000000000169e-14 7.665493000000000253e-14 6.397710000000000060e-14 5.127608000000000233e-14 3.909098000000000081e-14 -2.803316000000000068e-17 1.664144999999999861e-17 6.957510999999999401e-17 1.154214000000000043e-16 -5.974830999999999919e-15 -1.578546999999999971e-14 -3.132740000000000098e-15 1.188309999999999937e-14 2.051195999999999972e-14 2.332525000000000012e-14 2.264293999999999949e-14 2.038207000000000029e-14 1.773915000000000033e-14 1.534624000000000065e-14 1.347698000000000073e-14 1.220494999999999966e-14 1.150269999999999973e-14 1.129310000000000043e-14 1.146476000000000054e-14 1.185949999999999954e-14
2.480910999999999848e-13 2.492150000000000140e-13 2.512069000000000249e-13 2.547924999999999970e-13 2.614155999999999953e-13 2.555945000000000172e-12 2.323299000000000236e-13 2.013662999999999889e-13 1.786275999999999951e-13 1.612118999999999878e-13 1.470450000000000060e-13 1.347276000000000004e-13 1.233054000000000019e-13 1.121261000000000058e-13 1.007593000000000042e-13 8.895752999999999698e-14 7.665302000000000562e-14 6.397677999999999510e-14 5.127664000000000248e-14 3.909179000000000013e-14 -3.191778000000000181e-17 3.479687000000000241e-18 3.858183999999999808e-17 1.348493999999999968e-16 3.288796000000000045e-16 -5.473989999999999636e-15 -1.525514000000000042e-14 -3.148005000000000160e-15 1.038470000000000011e-14 1.761597000000000135e-14 1.967306000000000102e-14 1.889558999999999906e-14 1.700464999999999914e-14 1.498043000000000113e-14 1.329030000000000062e-14 1.210589999999999975e-14 1.144775000000000069e-14 1.126114000000000060e-14 1.144544000000000006e-14 1.184752999999999946e-14
2.188888000000000033e-13 2.194702000000000123e-13 2.204963000000000043e-13 2.223190999999999912e-13 2.256993000000000125e-13 2.323299000000000236e-13 1.585008999999999956e-12 2.075883000000000052e-13 1.810704000000000087e-13 1.621189999999999982e-13 1.473568000000000108e-13 1.348177999999999923e-13 1.233195999999999949e-13 1.121191000000000039e-13 1.007499000000000052e-13 8.895099000000000062e-14 7.665011999999999762e-14 6.397662999999999686e-14 5.127798999999999924e-14 3.909355999999999700e-14 -3.676779999999999937e-17 -5.901996000000000284e-18 1.296115999999999953e-17 5.997829000000000258e-17 1.775633999999999992e-16 5.342488999999999553e-16 -4.821013999999999890e-15 -1.432998000000000098e-14 -2.983690000000000171e-15 8.926130000000000546e-15 1.489504999999999973e-14 1.644268000000000078e-14 1.577703999999999969e-14 1.436512999999999919e-14 1.297504000000000030e-14 1.193831000000000052e-14 1.135456999999999944e-14 1.120695000000000040e-14 1.141265999999999956e-14 1.182721000000000074e-14
1.952103000000000048e-13 1.954886000000000077e-13 1.959813000000000073e-13 1.968384999999999897e-13 1.983915000000000084e-13 2.013662999999999889e-13 2.075883000000000052e-13 1.005779000000000010e-12 1.865599999999999896e-13 1.639839000000000037e-13 1.479618999999999938e-13 1.349882000000000094e-13 1.233474999999999952e-13 1.121076000000000044e-13 1.007335999999999990e-13 8.893977999999999940e-14 7.664497000000000345e-14 6.397616000000000575e-14 5.128009999999999800e-14 3.909637000000000227e-14 -3.729778000000000246e-17 -9.728279000000000311e-18 8.107163999999999558e-19 2.325771999999999861e-17 6.303504000000000290e-17 2.036429000000000121e-16 6.988639999999999507e-16 -4.080463000000000293e-15 -1.308125000000000011e-14 -2.676883000000000075e-15 7.585599999999999252e-15 1.248920999999999927e-14 1.375081000000000068e-14 1.333718999999999930e-14 1.244489999999999994e-14 1.165551999999999972e-14 1.119691999999999972e-14 1.111512000000000064e-14 1.135708000000000034e-14 1.179273000000000023e-14
1.760034000000000011e-13 1.761274999999999985e-13 1.763504000000000045e-13 1.767271000000000124e-13 1.773934000000000083e-13 1.786275999999999951e-13 1.810704000000000087e-13 1.865599999999999896e-13 6.581104999999999956e-13 1.685389000000000029e-13 1.492696000000000004e-13 1.353359999999999950e-13 1.234070000000000112e-13 1.120907000000000052e-13 1.007065000000000061e-13 8.892065999999999605e-14 7.663634000000000472e-14 6.397535000000000013e-14 5.128373000000000079e-14 3.910118000000000086e-14 -3.812111000000000099e-17 -1.134378000000000020e-17 -3.677182000000000283e-18 9.524506000000000586e-18 2.000623000000000144e-17 6.136293000000000263e-17 2.095643000000000120e-16 7.980523000000000010e-16 -3.325962999999999965e-15 -1.161771000000000079e-14 -2.280871000000000139e-15 6.418349000000000039e-15 1.048294000000000069e-14 1.164147000000000021e-14 1.156010999999999922e-14 1.118025999999999996e-14 1.093106000000000057e-14 1.095977000000000020e-14 1.126293999999999996e-14 1.173427000000000046e-14
1.601651999999999939e-13 1.602163000000000077e-13 1.603125000000000048e-13 1.604663999999999886e-13 1.607317000000000097e-13 1.612118999999999878e-13 1.621189999999999982e-13 1.639839000000000037e-13 1.685389000000000029e-13 4.474490000000000052e-13 1.528097000000000107e-13 1.361508999999999949e-13 1.235499000000000065e-13 1.120696000000000049e-13 1.006616999999999940e-13 8.888837000000000356e-14 7.662152999999999532e-14 6.397394999999999975e-14 5.128984999999999703e-14 3.910937000000000307e-14 -3.841954000000000010e-17 -1.184864000000000076e-17 -5.179601000000000054e-18 4.950692000000000219e-18 6.093574000000000052e-18 1.693233999999999937e-17 5.551388000000000524e-17 1.956689999999999901e-16 8.240230999999999614e-16 -2.624869999999999993e-15 -1.006368000000000027e-14 -1.850491000000000037e-15 5.455947000000000380e-15 8.908915999999999553e-15 1.010258999999999995e-14 1.038809000000000034e-14 1.048465000000000048e-14 1.069784000000000030e-14 1.110374999999999983e-14 1.163525999999999966e-14
1.466636000000000113e-13 1.466823000000000019e-13 1.467229999999999949e-13 1.467804000000000104e-13 1.468752000000000071e-13 1.470450000000000060e-13 1.473568000000000108e-13 1.479618999999999938e-13 1.492696000000000004e-13 1.528097000000000107e-13 3.178879999999999779e-13 1.386994000000000118e-13 1.239590000000000123e-13 1.120607999999999990e-13 1.005895999999999998e-13 8.883377000000000145e-14 7.659620999999999750e-14 6.397143999999999727e-14 5.130013000000000160e-14 3.912324999999999690e-14 -3.839623999999999808e-17 -1.201695999999999957e-17 -5.623175999999999637e-18 3.581297000000000273e-18 2.009982999999999915e-18 4.232234000000000063e-18 1.413702000000000060e-17 4.605967999999999896e-17 1.683106000000000079e-16 7.833127999999999909e-16 -2.026046000000000185e-15 -8.536756999999999258e-15 -1.430995000000000093e-15 4.708801000000000131e-15 7.759481000000000233e-15 9.085942000000000706e-15 9.741626000000000417e-15 1.025850000000000054e-14 1.083537999999999977e-14 1.146788000000000048e-14
1.346081000000000078e-13 1.346137999999999913e-13 1.346319999999999962e-13 1.346507999999999941e-13 1.346779999999999942e-13 1.347276000000000004e-13 1.348177999999999923e-13 1.349882000000000094e-13 1.353359999999999950e-13 1.361508999999999949e-13 1.386994000000000118e-13 2.363163999999999885e-13 1.256142999999999901e-13 1.121597000000000022e-13 1.004822999999999943e-13 8.874222000000000019e-14 7.655265000000000198e-14 6.396670000000000500e-14 5.131739999999999725e-14 3.914667000000000232e-14 -3.832328000000000059e-17 -1.200531999999999984e-17 -5.805999000000000255e-18 3.208040999999999815e-18 8.867674000000000182e-19 8.140962999999999820e-19 3.480265000000000024e-18 1.066422999999999984e-17 3.544907000000000269e-17 1.343630000000000053e-16 6.928833000000000269e-16 -1.555081000000000035e-15 -7.131738999999999587e-15 -1.052724999999999963e-15 4.171088000000000065e-15 7.000285000000000114e-15 8.523386000000000564e-15 9.528251000000000771e-15 1.038562999999999991e-14 1.118580999999999943e-14
1.232786000000000054e-13 1.232794999999999949e-13 1.232898000000000085e-13 1.232947000000000098e-13 1.232978999999999890e-13 1.233054000000000019e-13 1.233195999999999949e-13 1.233474999999999952e-13 1.234070000000000112e-13 1.235499000000000065e-13 1.239590000000000123e-13 1.256142999999999901e-13 1.830889000000000015e-13 1.130681000000000057e-13 1.003691999999999981e-13 8.859219999999999938e-14 7.647730999999999788e-14 6.395741999999999709e-14 5.134602000000000046e-14 3.918618999999999946e-14 -3.830006000000000265e-17 -1.194336000000000021e-17 -5.782676000000000213e-18 3.120575000000000053e-18 5.480237000000000355e-19 -2.028511999999999949e-20 8.436057999999999828e-19 2.382757999999999844e-18 7.437239999999999724e-18 2.527237999999999864e-17 9.957534999999999455e-17 5.735831999999999602e-16 -1.216275000000000027e-15 -5.912641000000000381e-15 -7.310992000000000332e-16 3.825730999999999766e-15 6.580677999999999841e-15 8.334021999999999327e-15 9.638987999999999635e-15 1.071331999999999952e-14
1.121259000000000039e-13 1.121254000000000056e-13 1.121332999999999969e-13 1.121343000000000062e-13 1.121306999999999980e-13 1.121261000000000058e-13 1.121191000000000039e-13 1.121076000000000044e-13 1.120907000000000052e-13 1.120696000000000049e-13 1.120607999999999990e-13 1.121597000000000022e-13 1.130681000000000057e-13 1.465390000000000029e-13 1.007063000000000043e-13 8.836975999999999887e-14 7.634656999999999686e-14 6.393800999999999546e-14 5.139264999999999862e-14 3.925243000000000110e-14 -3.829032999999999800e-17 -1.191684000000000014e-17 -5.835535000000000126e-18 3.126077999999999830e-18 5.358245999999999807e-19 -2.807525999999999909e-19 2.507862999999999823e-19 5.008224999999999596e-19 1.468127999999999920e-18 4.701405999999999649e-18 1.639258999999999884e-17 6.783753999999999564e-17 4.446633999999999908e-16 -9.986652999999999734e-16 -4.912691000000000373e-15 -4.707129999999999635e-16 3.646479000000000221e-15 6.438102999999999689e-15 8.420651999999999711e-15 9.929746000000000011e-15
1.007619999999999977e-13 1.007614000000000047e-13 1.007689999999999996e-13 1.007696000000000051e-13 1.007652000000000021e-13 1.007593000000000042e-13 1.007499000000000052e-13 1.007335999999999990e-13 1.007065000000000061e-13 1.006616999999999940e-13 1.005895999999999998e-13 1.004822999999999943e-13 1.003691999999999981e-13 1.007063000000000043e-13 1.197623000000000015e-13 8.833220999999999415e-14 7.612628000000000053e-14 6.389488999999999645e-14 5.146593999999999946e-14 3.936246999999999924e-14 -3.821755999999999711e-17 -1.180525999999999938e-17 -5.889088999999999710e-18 3.058398999999999945e-18 4.932926000000000363e-19 -2.837127000000000018e-19 1.092681999999999996e-19 9.389707999999999661e-20 2.414416000000000119e-19 7.504330999999999701e-19 2.482728000000000091e-18 9.115165000000000755e-18 4.098633000000000276e-17 3.203572999999999863e-16 -8.835934999999999876e-16 -4.140934000000000088e-15 -2.722822000000000071e-16 3.597677000000000262e-15 6.494092000000000213e-15 8.653422000000000533e-15
8.895609000000000380e-14 8.895576000000000011e-14 8.896370999999999504e-14 8.896494000000000078e-14 8.896164000000000169e-14 8.895752999999999698e-14 8.895099000000000062e-14 8.893977999999999940e-14 8.892065999999999605e-14 8.888837000000000356e-14 8.883377000000000145e-14 8.874222000000000019e-14 8.859219999999999938e-14 8.836975999999999887e-14 8.833220999999999415e-14 9.873412000000000228e-14 7.592898000000000500e-14 6.379646999999999514e-14 5.157312999999999953e-14 3.954211999999999812e-14 -3.811576000000000279e-17 -1.161372999999999929e-17 -5.900475999999999694e-18 3.067066999999999967e-18 4.667002999999999779e-19 -3.391422999999999861e-19 7.390716999999999635e-20 5.728753999999999438e-20 -5.557548000000000271e-21 5.768432000000000422e-20 1.749751999999999911e-19 7.008459000000000095e-19 3.230447999999999838e-18 1.894083000000000093e-17 2.082338999999999964e-16 -8.519063000000000473e-16 -3.591221999999999647e-15 -1.394052999999999896e-16 3.628967000000000026e-15 6.641852999999999893e-15
7.664678000000000574e-14 7.664671000000000572e-14 7.665496999999999533e-14 7.665695000000000488e-14 7.665493000000000253e-14 7.665302000000000562e-14 7.665011999999999762e-14 7.664497000000000345e-14 7.663634000000000472e-14 7.662152999999999532e-14 7.659620999999999750e-14 7.655265000000000198e-14 7.647730999999999788e-14 7.634656999999999686e-14 7.612628000000000053e-14 7.592898000000000500e-14 8.120768000000000300e-14 6.366436000000000096e-14 5.170502999999999996e-14 3.982585999999999985e-14 -3.792289999999999717e-17 -1.132134000000000050e-17 -5.940036999999999634e-18 3.081347000000000095e-18 4.981167999999999948e-19 -3.104787000000000122e-19 5.135924999999999959e-20 5.426623999999999764e-21 1.459954999999999922e-21 -5.132552000000000050e-20 -1.203461000000000059e-19 -3.383826000000000167e-19 -8.620085000000000074e-19 -1.805512999999999955e-18 4.849861999999999770e-19 1.102889000000000018e-16 -8.878912999999999803e-16 -3.251588000000000013e-15 -8.600777999999999672e-17 3.669499000000000347e-15
6.396709999999999610e-14 6.396723999999999613e-14 6.397565999999999480e-14 6.397821000000000270e-14 6.397710000000000060e-14 6.397677999999999510e-14 6.397662999999999686e-14 6.397616000000000575e-14 6.397535000000000013e-14 6.397394999999999975e-14 6.397143999999999727e-14 6.396670000000000500e-14 6.395741999999999709e-14 6.393800999999999546e-14 6.389488999999999645e-14 6.379646999999999514e-14 6.366436000000000096e-14 6.604149999999999683e-14 5.183960999999999750e-14 4.024284999999999876e-14 -3.760057999999999749e-17 -1.087805000000000045e-17 -5.999274999999999996e-18 3.088849000000000041e-18 5.071422999999999781e-19 -2.946916999999999782e-19 9.123210999999999604e-20 2.484422999999999964e-20 -2.189806999999999945e-20 -3.302475999999999825e-20 -8.755134000000000567e-20 -2.735226999999999813e-19 -7.816208999999999707e-19 -2.247124000000000000e-18 -6.313533999999999920e-18 -1.579083999999999971e-17 2.455573000000000022e-17 -9.814118999999999601e-16 -3.110276000000000055e-15 -1.321678999999999945e-16
5.126512000000000027e-14 5.126537999999999764e-14 5.127374999999999899e-14 5.127666999999999708e-14 5.127608000000000233e-14 5.127664000000000248e-14 5.127798999999999924e-14 5.128009999999999800e-14 5.128373000000000079e-14 5.128984999999999703e-14 5.130013000000000160e-14 5.131739999999999725e-14 5.134602000000000046e-14 5.139264999999999862e-14 5.146593999999999946e-14 5.157312999999999953e-14 5.170502999999999996e-14 5.183960999999999750e-14 5.272608999999999687e-14 4.077525000000000087e-14 -3.709435000000000169e-17 -1.021489999999999947e-17 -6.080607000000000265e-18 3.087155000000000041e-18 5.017456999999999879e-19 -3.041223000000000176e-19 8.713250000000000128e-20 3.730396000000000126e-20 8.493807999999999458e-21 -1.353257999999999937e-20 -6.369938000000000417e-20 -1.377003000000000096e-19 -4.303122999999999890e-19 -1.244696999999999934e-18 -3.646024999999999826e-18 -1.070213999999999997e-17 -3.097613999999999856e-17 -5.135806000000000203e-17 -1.121167999999999999e-15 -3.137511000000000191e-15
3.907997999999999965e-14 3.908022999999999881e-14 3.908831000000000190e-14 3.909141999999999733e-14 3.909098000000000081e-14 3.909179000000000013e-14 3.909355999999999700e-14 3.909637000000000227e-14 3.910118000000000086e-14 3.910937000000000307e-14 3.912324999999999690e-14 3.914667000000000232e-14 3.918618999999999946e-14 3.925243000000000110e-14 3.936246999999999924e-14 3.954211999999999812e-14 3.982585999999999985e-14 4.024284999999999876e-14 4.077525000000000087e-14 4.106395999999999762e-14 -3.644266000000000204e-17 -9.217624000000000003e-18 -6.166333000000000143e-18 3.084231999999999906e-18 4.990799000000000155e-19 -3.137418000000000129e-19 7.457575999999999868e-20 2.301558000000000145e-20 -2.604598000000000141e-21 4.030415999999999629e-21 -1.505099000000000079e-20 -7.554068999999999652e-20 -1.838139000000000092e-19 -5.403935000000000243e-19 -1.552696999999999951e-18 -4.509283000000000167e-18 -1.328019999999999964e-17 -4.006159999999999951e-17 -1.042952000000000026e-16 -1.264313000000000079e-15
-6.208158999999999674e-15 -3.893884999999999769e-16 -5.532696000000000254e-17 -3.353883999999999802e-17 -2.803316000000000068e-17 -3.191778000000000181e-17 -3.676779999999999937e-17 -3.729778000000000246e-17 -3.812111000000000099e-17 -3.841954000000000010e-17 -3.839623999999999808e-17 -3.832328000000000059e-17 -3.830006000000000265e-17 -3.829032999999999800e-17 -3.821755999999999711e-17 -3.811576000000000279e-17 -3.792289999999999717e-17 -3.760057999999999749e-17 -3.709435000000000169e-17 -3.644266000000000204e-17 3.244476000000000119e-11 1.065003999999999980e-14 3.912674999999999626e-15 1.336496000000000053e-15 4.433067000000000017e-16 1.413602000000000068e-16 4.216169000000000141e-17 1.278181000000000055e-17 3.564821000000000239e-18 8.768636000000000617e-19 2.238501999999999766e-19 9.865140999999999429e-20 4.752303000000000107e-20 -1.983682000000000009e-21 -2.985005000000000147e-21 -8.652014999999999318e-21 -3.275484999999999874e-22 1.930242999999999934e-23 -2.180885000000000110e-20 -1.113091000000000035e-19
-1.427568999999999985e-14 -6.358748999999999623e-15 -2.498790999999999941e-16 4.271553999999999789e-18 1.664144999999999861e-17 3.479687000000000241e-18 -5.901996000000000284e-18 -9.728279000000000311e-18 -1.134378000000000020e-17 -1.184864000000000076e-17 -1.201695999999999957e-17 -1.200531999999999984e-17 -1.194336000000000021e-17 -1.191684000000000014e-17 -1.180525999999999938e-17 -1.161372999999999929e-17 -1.132134000000000050e-17 -1.087805000000000045e-17 -1.021489999999999947e-17 -9.217624000000000003e-18 1.065003999999999980e-14 1.910889000000000139e-11 1.095578000000000070e-14 3.876156000000000186e-15 1.287456999999999968e-15 4.079828999999999956e-16 1.237079000000000010e-16 3.627756000000000282e-17 1.026274000000000060e-17 2.844135000000000004e-18 7.582364000000000047e-19 2.192700000000000185e-19 1.009328000000000024e-19 1.676879000000000042e-20 -4.845690000000000003e-21 -9.123310999999999536e-21 -1.725630000000000017e-20 -3.377266999999999793e-20 -6.313911999999999888e-20 -1.025478000000000030e-19
-1.593620000000000048e-15 -1.505644999999999955e-14 -6.418638999999999892e-15 -8.601442999999999507e-17 6.957510999999999401e-17 3.858183999999999808e-17 1.296115999999999953e-17 8.107163999999999558e-19 -3.677182000000000283e-18 -5.179601000000000054e-18 -5.623175999999999637e-18 -5.805999000000000255e-18 -5.782676000000000213e-18 -5.835535000000000126e-18 -5.889088999999999710e-18 -5.900475999999999694e-18 -5.940036999999999634e-18 -5.999274999999999996e-18 -6.080607000000000265e-18 -6.166333000000000143e-18 3.912674999999999626e-15 1.095578000000000070e-14 1.125812999999999981e-11 1.104801999999999922e-14 3.752328000000000336e-15 1.191950999999999989e-15 3.615403999999999810e-16 1.053758999999999972e-16 2.979003999999999837e-17 8.254277999999999244e-18 2.295104000000000187e-18 6.066874999999999544e-19 2.215989000000000165e-19 6.761508000000000185e-20 -5.047344999999999845e-21 5.922196000000000457e-22 2.955226999999999940e-21 9.907422999999999569e-21 1.844226999999999966e-20 3.381804999999999832e-20
1.634045000000000069e-14 -2.103631000000000044e-15 -1.562466999999999915e-14 -6.285808999999999664e-15 1.154214000000000043e-16 1.348493999999999968e-16 5.997829000000000258e-17 2.325771999999999861e-17 9.524506000000000586e-18 4.950692000000000219e-18 3.581297000000000273e-18 3.208040999999999815e-18 3.120575000000000053e-18 3.126077999999999830e-18 3.058398999999999945e-18 3.067066999999999967e-18 3.081347000000000095e-18 3.088849000000000041e-18 3.087155000000000041e-18 3.084231999999999906e-18 1.336496000000000053e-15 3.876156000000000186e-15 1.104801999999999922e-14 6.636321999999999680e-12 1.087900000000000027e-14 3.516713000000000155e-15 1.065030000000000071e-15 3.091228000000000204e-16 8.698987999999999399e-17 2.395285999999999936e-17 6.538577999999999968e-18 1.808859000000000044e-18 5.198386000000000297e-19 1.940087000000000120e-19 2.748243000000000186e-20 1.710092999999999895e-21 5.089793999999999924e-21 7.856431999999999864e-21 2.392741999999999868e-21 -2.423297999999999951e-21
2.993118999999999875e-14 1.564054999999999892e-14 -2.569758999999999954e-15 -1.589903999999999970e-14 -5.974830999999999919e-15 3.288796000000000045e-16 1.775633999999999992e-16 6.303504000000000290e-17 2.000623000000000144e-17 6.093574000000000052e-18 2.009982999999999915e-18 8.867674000000000182e-19 5.480237000000000355e-19 5.358245999999999807e-19 4.932926000000000363e-19 4.667002999999999779e-19 4.981167999999999948e-19 5.071422999999999781e-19 5.017456999999999879e-19 4.990799000000000155e-19 4.433067000000000017e-16 1.287456999999999968e-15 3.752328000000000336e-15 1.087900000000000027e-14 3.915172999999999881e-12 1.043196999999999979e-14 3.183958999999999955e-15 9.173754999999999516e-16 2.559196999999999803e-16 7.002112999999999559e-17 1.906588000000000012e-17 5.255093000000000207e-18 1.453111999999999914e-18 4.637988999999999681e-19 1.383632999999999922e-19 1.664798999999999879e-20 1.660065999999999885e-20 1.509501999999999940e-20 4.741489000000000017e-21 -2.021347000000000117e-21
3.747563999999999772e-14 2.828760000000000156e-14 1.460895000000000007e-14 -2.931655000000000106e-15 -1.578546999999999971e-14 -5.473989999999999636e-15 5.342488999999999553e-16 2.036429000000000121e-16 6.136293000000000263e-17 1.693233999999999937e-17 4.232234000000000063e-18 8.140962999999999820e-19 -2.028511999999999949e-20 -2.807525999999999909e-19 -2.837127000000000018e-19 -3.391422999999999861e-19 -3.104787000000000122e-19 -2.946916999999999782e-19 -3.041223000000000176e-19 -3.137418000000000129e-19 1.413602000000000068e-16 4.079828999999999956e-16 1.191950999999999989e-15 3.516713000000000155e-15 1.043196999999999979e-14 2.312731000000000155e-12 9.712231999999999293e-15 2.782967999999999905e-15 7.647183000000000395e-16 2.066866000000000077e-16 5.574290000000000250e-17 1.524047999999999889e-17 4.329132999999999627e-18 1.245569000000000055e-18 4.161637999999999907e-19 1.021107000000000051e-19 4.184423999999999988e-20 3.002768999999999962e-20 1.190942999999999952e-20 -4.622277999999999533e-22
3.991794999999999855e-14 3.456508000000000038e-14 2.605604000000000125e-14 1.332579000000000073e-14 -3.132740000000000098e-15 -1.525514000000000042e-14 -4.821013999999999890e-15 6.988639999999999507e-16 2.095643000000000120e-16 5.551388000000000524e-17 1.413702000000000060e-17 3.480265000000000024e-18 8.436057999999999828e-19 2.507862999999999823e-19 1.092681999999999996e-19 7.390716999999999635e-20 5.135924999999999959e-20 9.123210999999999604e-20 8.713250000000000128e-20 7.457575999999999868e-20 4.216169000000000141e-17 1.237079000000000010e-16 3.615403999999999810e-16 1.065030000000000071e-15 3.183958999999999955e-15 9.712231999999999293e-15 1.368686999999999982e-12 8.767348999999999357e-15 2.353386999999999916e-15 6.210400000000000296e-16 1.647493999999999994e-16 4.457268999999999883e-17 1.249336999999999934e-17 3.709006999999999727e-18 1.162107000000000013e-18 3.831198000000000088e-19 1.094826000000000011e-19 6.279429999999999489e-20 2.858947999999999951e-20 3.773492000000000175e-21
3.877448000000000287e-14 3.584845000000000135e-14 3.104882000000000189e-14 2.339600000000000073e-14 1.188309999999999937e-14 -3.148005000000000160e-15 -1.432998000000000098e-14 -4.080463000000000293e-15 7.980523000000000010e-16 1.956689999999999901e-16 4.605967999999999896e-17 1.066422999999999984e-17 2.382757999999999844e-18 5.008224999999999596e-19 9.389707999999999661e-20 5.728753999999999438e-20 5.426623999999999764e-21 2.484422999999999964e-20 3.730396000000000126e-20 2.301558000000000145e-20 1.278181000000000055e-17 3.627756000000000282e-17 1.053758999999999972e-16 3.091228000000000204e-16 9.173754999999999516e-16 2.782967999999999905e-15 8.767348999999999357e-15 8.121068000000000308e-13 7.677676000000000475e-15 1.935287000000000084e-15 4.966925000000000339e-16 1.316768000000000110e-16 3.649843000000000062e-17 1.071070999999999930e-17 3.346278999999999911e-18 1.144084000000000052e-18 3.788640999999999927e-19 1.447151999999999928e-19 6.785878000000000185e-20 1.891340999999999871e-20
3.546025999999999849e-14 3.393328000000000301e-14 3.138769999999999686e-14 2.720420999999999955e-14 2.051195999999999972e-14 1.038470000000000011e-14 -2.983690000000000171e-15 -1.308125000000000011e-14 -3.325962999999999965e-15 8.240230999999999614e-16 1.683106000000000079e-16 3.544907000000000269e-17 7.437239999999999724e-18 1.468127999999999920e-18 2.414416000000000119e-19 -5.557548000000000271e-21 1.459954999999999922e-21 -2.189806999999999945e-20 8.493807999999999458e-21 -2.604598000000000141e-21 3.564821000000000239e-18 1.026274000000000060e-17 2.979003999999999837e-17 8.698987999999999399e-17 2.559196999999999803e-16 7.647183000000000395e-16 2.353386999999999916e-15 7.677676000000000475e-15 4.835628999999999690e-13 6.539504999999999754e-15 1.561197999999999972e-15 3.969654999999999913e-16 1.075359999999999985e-16 3.119538000000000017e-17 9.715283999999999557e-18 3.212138999999999868e-18 1.155622000000000082e-18 4.069943000000000103e-19 1.727709000000000047e-19 6.304660999999999780e-20
3.110981000000000212e-14 3.033969999999999718e-14 2.904457999999999755e-14 2.688330999999999862e-14 2.332525000000000012e-14 1.761597000000000135e-14 8.926130000000000546e-15 -2.676883000000000075e-15 -1.161771000000000079e-14 -2.624869999999999993e-15 7.833127999999999909e-16 1.343630000000000053e-16 2.527237999999999864e-17 4.701405999999999649e-18 7.504330999999999701e-19 5.768432000000000422e-20 -5.132552000000000050e-20 -3.302475999999999825e-20 -1.353257999999999937e-20 4.030415999999999629e-21 8.768636000000000617e-19 2.844135000000000004e-18 8.254277999999999244e-18 2.395285999999999936e-17 7.002112999999999559e-17 2.066866000000000077e-16 6.210400000000000296e-16 1.935287000000000084e-15 6.539504999999999754e-15 2.892734999999999891e-13 5.444764999999999639e-15 1.251202999999999951e-15 3.228749000000000137e-16 9.147048999999999591e-17 2.817810999999999774e-17 9.338743000000000044e-18 3.265619000000000141e-18 1.200259000000000063e-18 4.537635000000000469e-19 1.833697999999999980e-19
2.654385999999999899e-14 2.616416999999999932e-14 2.552302000000000033e-14 2.444435999999999870e-14 2.264293999999999949e-14 1.967306000000000102e-14 1.489504999999999973e-14 7.585599999999999252e-15 -2.280871000000000139e-15 -1.006368000000000027e-14 -2.026046000000000185e-15 6.928833000000000269e-16 9.957534999999999455e-17 1.639258999999999884e-17 2.482728000000000091e-18 1.749751999999999911e-19 -1.203461000000000059e-19 -8.755134000000000567e-20 -6.369938000000000417e-20 -1.505099000000000079e-20 2.238501999999999766e-19 7.582364000000000047e-19 2.295104000000000187e-18 6.538577999999999968e-18 1.906588000000000012e-17 5.574290000000000250e-17 1.647493999999999994e-16 4.966925000000000339e-16 1.561197999999999972e-15 5.444764999999999639e-15 1.740910999999999972e-13 4.465790000000000332e-15 1.012701000000000084e-15 2.724493999999999795e-16 8.215392999999999623e-17 2.698395999999999859e-17 9.448879000000000087e-18 3.463453999999999829e-18 1.288749999999999980e-18 5.017216000000000244e-19
2.229810000000000156e-14 2.211327999999999948e-14 2.180029999999999888e-14 2.127161999999999913e-14 2.038207000000000029e-14 1.889558999999999906e-14 1.644268000000000078e-14 1.248920999999999927e-14 6.418349000000000039e-15 -1.850491000000000037e-15 -8.536756999999999258e-15 -1.555081000000000035e-15 5.735831999999999602e-16 6.783753999999999564e-17 9.115165000000000755e-18 7.008459000000000095e-19 -3.383826000000000167e-19 -2.735226999999999813e-19 -1.377003000000000096e-19 -7.554068999999999652e-20 9.865140999999999429e-20 2.192700000000000185e-19 6.066874999999999544e-19 1.808859000000000044e-18 5.255093000000000207e-18 1.524047999999999889e-17 4.457268999999999883e-17 1.316768000000000110e-16 3.969654999999999913e-16 1.251202999999999951e-15 4.465790000000000332e-15 1.055929000000000029e-13 3.647610000000000121e-15 8.434123000000000123e-16 2.421473999999999754e-16 7.822219000000000455e-17 2.724001999999999936e-17 9.961585000000000601e-18 3.758691999999999937e-18 1.415456000000000005e-18
1.867668999999999860e-14 1.858668000000000091e-14 1.843411999999999986e-14 1.817574999999999957e-14 1.773915000000000033e-14 1.700464999999999914e-14 1.577703999999999969e-14 1.375081000000000068e-14 1.048294000000000069e-14 5.455947000000000380e-15 -1.430995000000000093e-15 -7.131738999999999587e-15 -1.216275000000000027e-15 4.446633999999999908e-16 4.098633000000000276e-17 3.230447999999999838e-18 -8.620085000000000074e-19 -7.816208999999999707e-19 -4.303122999999999890e-19 -1.838139000000000092e-19 4.752303000000000107e-20 1.009328000000000024e-19 2.215989000000000165e-19 5.198386000000000297e-19 1.453111999999999914e-18 4.329132999999999627e-18 1.249336999999999934e-17 3.649843000000000062e-17 1.075359999999999985e-16 3.228749000000000137e-16 1.012701000000000084e-15 3.647610000000000121e-15 6.471327000000000088e-14 3.008326999999999865e-15 7.351765999999999681e-16 2.280610000000000193e-16 7.857187999999999456e-17 2.867296000000000247e-17 1.078745000000000033e-17 4.112830999999999682e-18
1.581054999999999971e-14 1.576604999999999988e-14 1.569058999999999845e-14 1.556272999999999956e-14 1.534624000000000065e-14 1.498043000000000113e-14 1.436512999999999919e-14 1.333718999999999930e-14 1.164147000000000021e-14 8.908915999999999553e-15 4.708801000000000131e-15 -1.052724999999999963e-15 -5.912641000000000381e-15 -9.986652999999999734e-16 3.203572999999999863e-16 1.894083000000000093e-17 -1.805512999999999955e-18 -2.247124000000000000e-18 -1.244696999999999934e-18 -5.403935000000000243e-19 -1.983682000000000009e-21 1.676879000000000042e-20 6.761508000000000185e-20 1.940087000000000120e-19 4.637988999999999681e-19 1.245569000000000055e-18 3.709006999999999727e-18 1.071070999999999930e-17 3.119538000000000017e-17 9.147048999999999591e-17 2.724493999999999795e-16 8.434123000000000123e-16 3.008326999999999865e-15 4.023163999999999754e-14 2.544722999999999915e-15 6.774882000000000186e-16 2.269117000000000126e-16 8.237585000000000221e-17 3.100642999999999934e-17 1.182556000000000073e-17
1.371330999999999958e-14 1.369073000000000070e-14 1.365237999999999959e-14 1.358729000000000074e-14 1.347698000000000073e-14 1.329030000000000062e-14 1.297504000000000030e-14 1.244489999999999994e-14 1.156010999999999922e-14 1.010258999999999995e-14 7.759481000000000233e-15 4.171088000000000065e-15 -7.310992000000000332e-16 -4.912691000000000373e-15 -8.835934999999999876e-16 2.082338999999999964e-16 4.849861999999999770e-19 -6.313533999999999920e-18 -3.646024999999999826e-18 -1.552696999999999951e-18 -2.985005000000000147e-21 -4.845690000000000003e-21 -5.047344999999999845e-21 2.748243000000000186e-20 1.383632999999999922e-19 4.161637999999999907e-19 1.162107000000000013e-18 3.346278999999999911e-18 9.715283999999999557e-18 2.817810999999999774e-17 8.215392999999999623e-17 2.421473999999999754e-16 7.351765999999999681e-16 2.544722999999999915e-15 2.553315999999999856e-14 2.240114000000000097e-15 6.605887999999999712e-16 2.361124999999999984e-16 8.884351000000000159e-17 3.398003999999999842e-17
1.232996000000000048e-14 1.231803999999999929e-14 1.229777999999999924e-14 1.226337000000000032e-14 1.220494999999999966e-14 1.210589999999999975e-14 1.193831000000000052e-14 1.165551999999999972e-14 1.118025999999999996e-14 1.038809000000000034e-14 9.085942000000000706e-15 7.000285000000000114e-15 3.825730999999999766e-15 -4.707129999999999635e-16 -4.140934000000000088e-15 -8.519063000000000473e-16 1.102889000000000018e-16 -1.579083999999999971e-17 -1.070213999999999997e-17 -4.509283000000000167e-18 -8.652014999999999318e-21 -9.123310999999999536e-21 5.922196000000000457e-22 1.710092999999999895e-21 1.664798999999999879e-20 1.021107000000000051e-19 3.831198000000000088e-19 1.144084000000000052e-18 3.212138999999999868e-18 9.338743000000000044e-18 2.698395999999999859e-17 7.822219000000000455e-17 2.280610000000000193e-16 6.774882000000000186e-16 2.240114000000000097e-15 1.670790999999999976e-14 2.072351999999999876e-15 6.762127000000000041e-16 2.533799999999999876e-16 9.727838999999999410e-17
1.157203000000000041e-14 1.156540999999999952e-14 1.155417000000000055e-14 1.153508999999999946e-14 1.150269999999999973e-14 1.144775000000000069e-14 1.135456999999999944e-14 1.119691999999999972e-14 1.093106000000000057e-14 1.048465000000000048e-14 9.741626000000000417e-15 8.523386000000000564e-15 6.580677999999999841e-15 3.646479000000000221e-15 -2.722822000000000071e-16 -3.591221999999999647e-15 -8.878912999999999803e-16 2.455573000000000022e-17 -3.097613999999999856e-17 -1.328019999999999964e-17 -3.275484999999999874e-22 -1.725630000000000017e-20 2.955226999999999940e-21 5.089793999999999924e-21 1.660065999999999885e-20 4.184423999999999988e-20 1.094826000000000011e-19 3.788640999999999927e-19 1.155622000000000082e-18 3.265619000000000141e-18 9.448879000000000087e-18 2.724001999999999936e-17 7.857187999999999456e-17 2.269117000000000126e-16 6.605887999999999712e-16 2.072351999999999876e-15 1.143652999999999969e-14 2.018372000000000131e-15 7.174028999999999531e-16 2.767171999999999993e-16
1.133343000000000004e-14 1.132956999999999923e-14 1.132303999999999949e-14 1.131193000000000078e-14 1.129310000000000043e-14 1.126114000000000060e-14 1.120695000000000040e-14 1.111512000000000064e-14 1.095977000000000020e-14 1.069784000000000030e-14 1.025850000000000054e-14 9.528251000000000771e-15 8.334021999999999327e-15 6.438102999999999689e-15 3.597677000000000262e-15 -1.394052999999999896e-16 -3.251588000000000013e-15 -9.814118999999999601e-16 -5.135806000000000203e-17 -4.006159999999999951e-17 1.930242999999999934e-23 -3.377266999999999793e-20 9.907422999999999569e-21 7.856431999999999864e-21 1.509501999999999940e-20 3.002768999999999962e-20 6.279429999999999489e-20 1.447151999999999928e-19 4.069943000000000103e-19 1.200259000000000063e-18 3.463453999999999829e-18 9.961585000000000601e-18 2.867296000000000247e-17 8.237585000000000221e-17 2.361124999999999984e-16 6.762127000000000041e-16 2.018372000000000131e-15 8.336326999999999273e-15 2.056619999999999880e-15 7.779020000000000135e-16
1.148913000000000058e-14 1.148679000000000063e-14 1.148285000000000001e-14 1.147614999999999933e-14 1.146476000000000054e-14 1.144544000000000006e-14 1.141265999999999956e-14 1.135708000000000034e-14 1.126293999999999996e-14 1.110374999999999983e-14 1.083537999999999977e-14 1.038562999999999991e-14 9.638987999999999635e-15 8.420651999999999711e-15 6.494092000000000213e-15 3.628967000000000026e-15 -8.600777999999999672e-17 -3.110276000000000055e-15 -1.121167999999999999e-15 -1.042952000000000026e-16 -2.180885000000000110e-20 -6.313911999999999888e-20 1.844226999999999966e-20 2.392741999999999868e-21 4.741489000000000017e-21 1.190942999999999952e-20 2.858947999999999951e-20 6.785878000000000185e-20 1.727709000000000047e-19 4.537635000000000469e-19 1.288749999999999980e-18 3.758691999999999937e-18 1.078745000000000033e-17 3.100642999999999934e-17 8.884351000000000159e-17 2.533799999999999876e-16 7.174028999999999531e-16 2.056619999999999880e-15 6.577356999999999802e-15 2.165452999999999967e-15
1.187457999999999977e-14 1.187309999999999960e-14 1.187068999999999963e-14 1.186655000000000031e-14 1.185949999999999954e-14 1.184752999999999946e-14 1.182721000000000074e-14 1.179273000000000023e-14 1.173427000000000046e-14 1.163525999999999966e-14 1.146788000000000048e-14 1.118580999999999943e-14 1.071331999999999952e-14 9.929746000000000011e-15 8.653422000000000533e-15 6.641852999999999893e-15 3.669499000000000347e-15 -1.321678999999999945e-16 -3.137511000000000191e-15 -1.264313000000000079e-15 -1.113091000000000035e-19 -1.025478000000000030e-19 3.381804999999999832e-20 -2.423297999999999951e-21 -2.021347000000000117e-21 -4.622277999999999533e-22 3.773492000000000175e-21 1.891340999999999871e-20 6.304660999999999780e-20 1.833697999999999980e-19 5.017216000000000244e-19 1.415456000000000005e-18 4.112830999999999682e-18 1.182556000000000073e-17 3.398003999999999842e-17 9.727838999999999410e-17 2.767171999999999993e-16 7.779020000000000135e-16 2.165452999999999967e-15 5.645502000000000361e-15
